401 0 FBIS3-35391 0
401 0 FT931-10090 0
401 0 FBIS4-65842 0
401 0 LA081790-0109 0
401 0 FBIS3-61307 0
401 0 LA021389-0098 0
401 0 FT924-15118 0
401 0 FBIS3-8424 0
401 0 FBIS3-49454 0
401 0 FR940817-0-00048 0
401 0 FT944-2254 0
401 0 FBIS4-26727 0
401 0 FT922-8550 0
401 0 FBIS4-68782 0
401 0 LA092589-0071 0
401 0 FT941-2232 0
401 0 LA022689-0236 0
401 0 FBIS3-35195 0
401 0 FBIS4-9438 0
401 0 FT921-476 0
401 0 FT942-8713 0
401 0 LA100790-0062 0
401 0 FBIS4-64261 0
401 0 FBIS3-36078 0
401 0 FT924-5850 1
401 0 FT941-1203 0
401 0 FBIS3-8092 0
401 0 FBIS3-20091 1
401 0 FBIS4-42631 1
401 0 FBIS4-19854 1
401 0 FBIS4-60977 0
401 0 LA032490-0079 0
401 0 FBIS3-58832 1
401 0 FT922-14939 1
401 0 FT934-16374 0
401 0 FBIS4-66050 0
401 0 FT941-2903 0
401 0 FT922-221 0
401 0 FBIS3-7866 0
401 0 FBIS4-19679 0
401 0 FBIS4-43335 0
401 0 FT934-10064 0
401 0 FT922-10979 0
401 0 FT941-16165 0
401 0 FT923-6218 1
401 0 FBIS4-55983 0
401 0 LA100190-0022 0
401 0 FT923-3883 0
401 0 FBIS3-31123 0
401 0 FT934-10306 1
401 0 FBIS3-34666 0
401 0 FBIS3-39240 1
401 0 FT933-13479 0
401 0 FT944-2256 0
401 0 LA042390-0086 0
401 0 FBIS4-68893 0
401 0 LA042390-0086 0
401 0 FBIS4-31340 0
401 0 FBIS3-18431 0
401 0 LA050789-0160 0
401 0 FBIS3-38231 0
401 0 FR940719-0-00032 0
401 0 LA070989-0055 0
401 0 FT922-15552 0
401 0 FT934-12742 0
401 0 FR940817-0-00065 0
401 0 FT921-727 0
401 0 FT924-10053 1
401 0 FT941-3572 0
401 0 FT934-12743 0
401 0 FBIS3-5889 0
401 0 FBIS3-49894 0
401 0 FT924-3284 1
401 0 FBIS3-30902 0
401 0 FBIS3-58776 1
401 0 FR941019-2-00029 0
401 0 FBIS3-30223 0
401 0 FBIS3-54460 0
401 0 FBIS4-28644 0
401 0 LA032889-0062 0
401 0 FT932-1461 0
401 0 FBIS3-19768 1
401 0 FT924-7265 0
401 0 FBIS3-19080 0
401 0 FBIS4-57153 0
401 0 FBIS3-7124 0
401 0 FT922-3227 0
401 0 LA011589-0050 0
401 0 FT924-713 1
401 0 FBIS4-53078 0
401 0 FBIS4-37190 0
401 0 FBIS3-8767 0
401 0 FBIS3-18783 0
401 0 FT931-1806 0
401 0 LA092589-0071 0
401 0 LA110690-0075 0
401 0 FBIS3-24338 0
401 0 FBIS3-31620 0
401 0 FBIS3-34216 0
401 0 FBIS4-54799 0
401 0 FBIS3-27159 0
401 0 FT924-5157 1
401 0 LA110690-0075 0
401 0 FBIS3-2579 0
401 0 FBIS3-57904 0
401 0 FBIS4-9582 0
401 0 FBIS3-39117 0
401 0 FT933-11849 0
401 0 FT921-9099 0
401 0 LA011990-0099 0
401 0 FBIS4-30132 0
401 0 FT933-10979 0
401 0 FBIS4-44443 0
401 0 LA100790-0062 0
401 0 FBIS3-30223 0
401 0 FBIS3-24338 0
401 0 FBIS3-42871 0
401 0 FT924-655 0
401 0 FT933-9086 0
401 0 FT931-10090 0
401 0 FBIS3-20091 1
401 0 FBIS3-59436 0
401 0 LA072190-0060 0
401 0 FT944-6406 0
401 0 FBIS3-42766 0
401 0 FBIS4-19176 0
401 0 FBIS3-24332 0
401 0 FBIS3-49631 0
401 0 FBIS3-44437 0
401 0 FT923-6068 1
401 0 FT942-5570 0
401 0 FT933-9575 0
401 0 FBIS4-8587 0
401 0 FBIS3-9104 0
401 0 FBIS4-8682 0
401 0 FT944-2256 0
401 0 FBIS4-55442 0
401 0 FT924-10457 0
401 0 FBIS4-2317 0
401 0 FBIS4-24630 0
401 0 FT944-8162 0
401 0 FBIS3-44437 0
401 0 FBIS3-59436 0
401 0 FBIS3-8720 0
401 0 FBIS3-14832 0
401 0 FBIS4-55638 0
401 0 FBIS3-20329 1
401 0 FT924-11066 1
401 0 FBIS4-32589 0
401 0 FBIS4-68699 0
401 0 FT922-8757 0
401 0 FBIS4-43940 0
401 0 LA111289-0073 0
401 0 FR940817-0-00050 0
401 0 FT924-5157 1
401 0 LA121490-0068 0
401 0 FBIS3-49009 0
401 0 FBIS3-23561 0
401 0 LA042989-0030 0
401 0 FBIS4-66153 0
401 0 FBIS3-8571 0
401 0 FBIS3-61173 0
401 0 FBIS4-19680 0
401 0 FT942-8713 0
401 0 FT922-2274 0
401 0 LA110289-0144 0
401 0 FBIS4-27300 0
401 0 FBIS3-17460 0
401 0 FBIS4-65444 1
401 0 FT924-6417 1
401 0 FBIS4-18596 0
401 0 FBIS3-19850 0
401 0 FBIS4-42224 0
401 0 FT934-11227 0
401 0 FBIS3-29467 0
401 0 FT911-2913 0
401 0 FT932-7010 0
401 0 FBIS4-19 0
401 0 FT922-14939 1
401 0 FT921-16075 1
401 0 FT941-15167 0
401 0 FT931-2966 1
401 0 FBIS3-49719 0
401 0 FBIS3-8571 0
401 0 FBIS4-17708 0
401 0 FBIS4-19244 0
401 0 FT942-2610 0
401 0 FT932-5510 0
401 0 FBIS4-22567 0
401 0 FBIS4-65491 0
401 0 FT941-16165 0
401 0 FT924-5091 1
401 0 FBIS4-43851 0
401 0 FBIS4-32758 0
401 0 FT934-3759 0
401 0 FR940831-1-00024 0
401 0 FBIS4-66050 0
401 0 FT924-9774 0
401 0 FT933-9575 0
401 0 FBIS3-8571 0
401 0 FR940104-0-00034 0
401 0 FBIS3-7743 0
401 0 FBIS4-25684 0
401 0 FBIS4-68699 0
401 0 FBIS4-40881 0
401 0 FBIS3-42726 0
401 0 FBIS3-26359 0
401 0 FBIS3-46614 0
401 0 FBIS3-45242 0
401 0 FT941-2540 0
401 0 FBIS3-39894 0
401 0 FBIS3-59148 0
401 0 FT942-11931 0
401 0 FBIS4-42516 0
401 0 LA102289-0096 0
401 0 LA032590-0082 0
401 0 FBIS3-7124 0
401 0 FT921-3213 0
401 0 FT932-4582 1
401 0 LA060389-0035 0
401 0 FT923-6068 1
401 0 FT924-4847 0
401 0 FBIS4-19303 0
401 0 LA081989-0049 0
401 0 FT924-6417 1
401 0 FBIS3-51651 0
401 0 FBIS3-19831 0
401 0 FBIS3-18833 0
401 0 FT931-5475 0
401 0 FBIS4-52040 0
401 0 FBIS4-57153 0
401 0 FBIS3-18833 0
401 0 FT924-6120 1
401 0 FBIS3-40450 0
401 0 FT933-2049 0
401 0 FT943-15609 0
401 0 FBIS3-24678 0
401 0 FT923-5389 1
401 0 FBIS4-30880 0
401 0 FT932-10861 0
401 0 LA123089-0101 0
401 0 FBIS3-50056 0
401 0 FBIS3-59443 0
401 0 LA051189-0006 0
401 0 LA123090-0166 0
401 0 FBIS4-58299 0
401 0 FBIS4-43047 0
401 0 FT932-5884 1
401 0 FBIS4-20504 0
401 0 FBIS3-49718 0
401 0 FBIS4-55784 0
401 0 FBIS4-42221 1
401 0 FT924-11400 1
401 0 FBIS3-31672 0
401 0 FBIS4-9157 0
401 0 FBIS3-43174 0
401 0 FBIS3-49531 0
401 0 FBIS4-19325 1
401 0 FBIS4-68723 0
401 0 FBIS4-8586 1
401 0 FBIS3-54880 1
401 0 FT924-7265 0
401 0 FT942-17612 0
401 0 FBIS4-65947 0
401 0 FBIS3-8571 0
401 0 FR940526-0-00027 0
401 0 LA081689-0092 0
401 0 FBIS3-19881 0
401 0 FBIS3-26666 0
401 0 FT943-8326 0
401 0 FBIS4-65984 0
401 0 FBIS4-55784 0
401 0 FT942-8274 0
401 0 FT924-8762 0
401 0 FBIS4-9438 0
401 0 FBIS4-32276 0
401 0 FBIS4-42312 0
401 0 LA021289-0050 1
401 0 FT921-15490 1
401 0 FT921-14086 1
401 0 LA050789-0160 0
401 0 FR940504-2-00014 0
401 0 FT924-5948 1
401 0 FBIS3-9220 0
401 0 LA121490-0068 0
401 0 FBIS4-56108 0
401 0 FBIS4-9010 0
401 0 FT924-4952 1
401 0 FT942-7918 0
401 0 FT924-5091 1
401 0 FT942-6335 0
401 0 FBIS4-16605 0
401 0 FT931-10056 1
401 0 FBIS4-65842 0
401 0 FBIS3-39366 1
401 0 LA102289-0096 0
401 0 FT923-934 0
401 0 FBIS4-31565 0
401 0 FT921-4817 0
401 0 FBIS3-42726 0
401 0 FT931-9354 1
401 0 FBIS4-68697 0
401 0 LA102690-0021 0
401 0 FT924-13569 1
401 0 FBIS4-15509 0
401 0 FBIS4-42631 1
401 0 FBIS3-5584 0
401 0 FBIS3-31156 0
401 0 FT922-7914 0
401 0 FBIS3-8570 0
401 0 FT942-11931 0
401 0 FBIS3-26239 0
401 0 FT941-3846 0
401 0 FBIS4-61367 0
401 0 FBIS3-39216 0
401 0 FT943-3436 0
401 0 FBIS3-42459 0
401 0 LA021389-0098 0
401 0 FBIS3-30717 0
401 0 FBIS3-8272 0
401 0 FT923-6068 1
401 0 LA061990-0090 0
401 0 FBIS3-59443 0
401 0 FBIS4-31340 0
401 0 FT924-5516 1
401 0 LA032889-0062 0
401 0 FT944-2249 0
401 0 FBIS4-31458 0
401 0 FT941-4007 0
401 0 FBIS3-19251 0
401 0 FT943-4556 0
401 0 FBIS4-55638 0
401 0 FBIS4-8586 1
401 0 FT944-2249 0
401 0 LA061990-0090 0
401 0 FBIS4-19244 0
401 0 FBIS3-61173 0
401 0 FBIS3-10009 0
401 0 FBIS3-45199 0
401 0 FBIS4-30835 0
401 0 FR940413-0-00003 0
401 0 FBIS3-42759 0
401 0 FBIS3-19459 0
401 0 FT933-2362 0
401 0 FBIS4-49776 0
401 0 FBIS3-31475 0
401 0 LA032090-0092 0
401 0 FBIS3-41666 0
401 0 LA082789-0152 0
401 0 FBIS4-17044 0
401 0 FBIS4-55784 0
401 0 FBIS4-65928 0
401 0 FT934-10064 0
401 0 FBIS4-65051 1
401 0 FBIS4-19739 1
401 0 FT934-11312 1
401 0 FBIS3-59055 1
401 0 FBIS3-17157 0
401 0 FBIS3-59415 0
401 0 FBIS4-44437 0
401 0 FBIS3-24653 0
401 0 FBIS3-19879 0
401 0 FT924-3615 0
401 0 LA092489-0115 0
401 0 LA011490-0070 0
401 0 FT922-10801 0
401 0 FBIS4-49386 0
401 0 FBIS3-20091 1
401 0 FBIS3-43214 0
401 0 FBIS3-2579 0
401 0 FBIS3-59947 0
401 0 FBIS4-42635 0
401 0 FBIS4-55036 0
401 0 FBIS3-19905 0
401 0 LA050789-0068 1
401 0 FBIS4-47630 0
401 0 FT944-9898 1
401 0 FT932-12118 1
401 0 FBIS4-68723 0
401 0 FBIS3-30902 0
401 0 LA101790-0075 0
401 0 FBIS3-49454 0
401 0 FT924-8787 1
401 0 FBIS3-20293 0
401 0 FBIS3-19884 1
401 0 FT931-1806 0
401 0 FT934-2528 0
401 0 FBIS3-19895 1
401 0 FBIS4-30835 0
401 0 FT934-14960 0
401 0 FBIS4-66382 0
401 0 FBIS3-38675 0
401 0 FBIS3-20335 0
401 0 FBIS4-68893 0
401 0 FR941007-0-00018 0
401 0 FBIS4-55784 0
401 0 FBIS4-23084 0
401 0 LA041290-0088 0
401 0 FT931-8925 1
401 0 FT944-6574 0
401 0 FBIS3-11521 0
401 0 FT924-1732 0
401 0 FBIS4-66382 0
401 0 LA122589-0034 0
401 0 FT932-15086 1
401 0 FBIS4-17044 0
401 0 FT942-8274 0
401 0 FBIS3-19471 0
401 0 FBIS4-31396 0
401 0 FT944-8184 0
401 0 FBIS4-44661 0
401 0 FBIS3-19302 0
401 0 FBIS4-2317 0
401 0 LA021389-0098 0
401 0 FBIS4-44443 0
401 0 FBIS4-40881 0
401 0 FT923-11069 1
401 0 FT944-2249 0
401 0 FT921-15094 0
401 0 LA080689-0160 0
401 0 FBIS3-42459 0
401 0 FR940602-1-00023 0
401 0 LA072190-0060 0
401 0 FBIS3-30075 0
401 0 FBIS4-37190 0
401 0 FBIS3-43132 0
401 0 FT944-5281 0
401 0 FT933-3792 0
401 0 FBIS3-36078 0
401 0 FBIS4-18659 0
401 0 FBIS3-41666 0
401 0 FT931-8991 1
401 0 FBIS3-24332 0
401 0 FBIS4-55442 0
401 0 FBIS4-31230 0
401 0 FBIS3-43214 0
401 0 FT924-11409 0
401 0 LA101690-0170 0
401 0 FT924-4847 0
401 0 FT942-2610 0
401 0 FT924-3197 1
401 0 FBIS3-50310 0
401 0 FT924-1760 0
401 0 FBIS3-39506 0
401 0 FBIS4-2317 0
401 0 FBIS4-44356 0
401 0 FBIS3-53108 0
401 0 FBIS4-54812 0
401 0 FBIS3-18257 0
401 0 FBIS4-19244 0
401 0 FBIS3-19302 0
401 0 FBIS4-18387 0
401 0 FBIS3-5889 0
401 0 FBIS4-49386 0
401 0 FT942-828 0
401 0 FBIS4-43335 0
401 0 LA031289-0089 0
401 0 LA090790-0122 0
401 0 LA082690-0155 0
401 0 FT924-5091 1
401 0 FBIS4-31745 0
401 0 FT924-3197 1
401 0 LA091390-0268 0
401 0 FBIS3-18684 0
401 0 FT923-12651 0
401 0 LA030790-0048 0
401 0 LA121990-0115 0
401 0 FR940812-2-00229 0
401 0 LA121490-0068 0
401 0 FT922-221 0
401 0 LA041290-0088 0
401 0 FBIS3-39216 0
401 0 FT942-8228 0
401 0 FT923-12651 0
401 0 FBIS3-38921 0
401 0 FBIS3-8272 0
401 0 FT922-8757 0
401 0 LA072190-0060 0
401 0 FT944-16407 0
401 0 FBIS3-20038 0
401 0 FBIS3-16060 0
401 0 FT924-3530 1
401 0 FT923-3883 0
401 0 FBIS3-173 0
401 0 LA081790-0109 0
401 0 FBIS4-19043 0
401 0 FBIS4-50328 0
401 0 FBIS4-18387 0
401 0 FT933-9086 0
401 0 FBIS3-42759 0
401 0 FT932-5626 1
401 0 FT944-2702 0
401 0 FBIS3-19879 0
401 0 FBIS4-20148 0
401 0 FBIS4-27277 0
401 0 FBIS3-34450 0
401 0 FBIS4-30835 0
401 0 FBIS3-18045 0
401 0 FBIS3-49009 0
401 0 FT943-4175 0
401 0 FBIS3-19032 1
401 0 FT924-6217 0
401 0 FBIS4-19325 1
401 0 FT921-4817 0
401 0 FBIS4-49776 0
401 0 FT924-4847 0
401 0 FBIS3-42250 1
401 0 FR941205-2-00171 0
401 0 FBIS3-19905 0
401 0 FBIS3-19487 0
401 0 FR941021-1-00058 0
401 0 FBIS3-49531 0
401 0 FBIS4-46935 0
401 0 FBIS3-19637 0
401 0 FBIS3-24977 0
401 0 LA031289-0089 0
401 0 FBIS4-39316 0
401 0 FBIS3-51651 0
401 0 FT933-8530 0
401 0 LA111889-0168 0
401 0 FBIS3-9721 0
401 0 FT921-1103 0
401 0 LA072990-0057 0
401 0 FBIS3-30642 0
401 0 FBIS3-18916 0
401 0 FBIS3-30642 0
401 0 FBIS4-8587 0
401 0 FT941-3572 0
401 0 LA111889-0168 0
401 0 FT942-5131 1
401 0 LA062890-0259 0
401 0 FBIS4-65274 0
401 0 FBIS3-24149 0
401 0 FT942-15501 0
401 0 LA032090-0092 0
401 0 FBIS3-44437 0
401 0 FBIS3-17784 0
401 0 LA081989-0049 0
401 0 FBIS3-468 0
401 0 FBIS3-9104 0
401 0 LA101790-0051 0
401 0 FBIS3-45199 0
401 0 FBIS4-49386 0
401 0 FBIS3-49468 0
401 0 FBIS4-43909 0
401 0 FBIS3-39216 0
401 0 FT922-1684 0
401 0 FBIS4-9244 0
401 0 FT931-10090 0
401 0 FBIS3-59443 0
401 0 FBIS4-42224 0
401 0 FBIS3-9625 0
401 0 FT932-12118 1
401 0 FBIS3-19895 1
401 0 FBIS4-68784 0
401 0 FR940817-0-00050 0
401 0 FBIS3-19080 0
401 0 FT934-10437 0
401 0 FT923-11069 1
401 0 FT942-17331 0
401 0 FBIS4-18596 0
401 0 FBIS4-19244 0
401 0 FT933-8530 0
401 0 FBIS4-19134 0
401 0 FBIS4-11261 0
401 0 FBIS4-28644 0
401 0 FBIS3-49101 0
401 0 LA081089-0020 0
401 0 FBIS3-49380 0
401 0 FBIS4-20148 0
401 0 FBIS3-58533 0
401 0 FT922-10801 0
401 0 FT911-1225 0
401 0 FT932-5771 1
401 0 FT911-2806 1
401 0 FBIS4-65508 1
401 0 FT922-221 0
401 0 FBIS4-68649 0
401 0 LA053190-0071 0
401 0 FBIS4-52040 0
401 0 FBIS4-65395 1
401 0 FBIS4-31449 0
401 0 FBIS4-3968 0
401 0 FT924-11066 1
401 0 FT934-13644 0
401 0 LA121489-0181 0
401 0 FT941-2087 0
401 0 FBIS4-68653 0
401 0 FBIS4-7584 0
401 0 FT932-10861 0
401 0 FBIS4-31704 0
401 0 FT924-1732 0
401 0 FR940812-2-00229 0
401 0 FBIS3-10502 0
401 0 FT932-4582 1
401 0 FBIS3-20091 1
401 0 FT923-1011 0
401 0 FT923-3818 0
401 0 FT942-8274 0
401 0 FBIS3-42626 0
401 0 FBIS3-40596 0
401 0 FBIS4-65842 0
401 0 FBIS3-31620 0
401 0 FBIS4-42635 0
401 0 FT941-4007 0
401 0 FBIS3-468 0
401 0 FT923-13486 0
401 0 FBIS4-32200 0
401 0 FT941-2897 0
401 0 FBIS4-9157 0
401 0 FT944-12772 0
401 0 LA082690-0155 0
401 0 FBIS4-11261 0
401 0 FBIS3-48891 0
401 0 FBIS3-59055 1
401 0 FBIS4-67877 0
401 0 FT944-16682 0
401 0 FBIS3-19803 0
401 0 FBIS4-16487 0
401 0 FBIS4-57153 0
401 0 FBIS3-30705 0
401 0 FBIS4-54765 0
401 0 LA021689-0012 1
401 0 FT934-15047 0
401 0 FBIS3-8178 0
401 0 FBIS4-30775 0
401 0 FBIS4-20821 0
401 0 LA051190-0084 0
401 0 FBIS3-38677 0
401 0 FBIS3-18598 0
401 0 FT942-15501 0
401 0 FT941-230 0
401 0 LA123090-0166 0
401 0 LA060389-0035 0
401 0 FBIS4-18223 0
401 0 FBIS3-49454 0
401 0 FBIS4-22198 0
401 0 FBIS4-55746 0
401 0 FBIS4-18659 0
401 0 FBIS3-59055 1
401 0 FT932-5510 0
401 0 FT923-6219 0
401 0 FBIS3-49718 0
401 0 LA110990-0013 0
401 0 FBIS3-34950 0
401 0 LA090490-0093 0
401 0 FT922-14939 1
401 0 FT923-6217 1
401 0 FBIS4-65444 1
401 0 FT924-2745 1
401 0 FT924-3011 1
401 0 FBIS3-15696 0
401 0 FT924-11530 0
401 0 FBIS3-67 0
401 0 FBIS4-20821 0
401 0 FBIS3-43186 0
401 0 FT931-3960 0
401 0 FT941-16165 0
401 0 FR940302-2-00026 0
401 0 FBIS4-31119 0
401 0 FT941-2540 0
401 0 FBIS3-19490 0
401 0 FT932-10861 0
401 0 FBIS4-51434 0
401 0 FT942-5906 0
401 0 LA111889-0168 0
401 0 FBIS4-55047 0
401 0 LA050389-0018 0
401 0 FT932-6037 1
401 0 FBIS3-34450 0
401 0 FBIS4-31166 0
401 0 FBIS4-31747 0
401 0 FBIS4-64261 0
401 0 FBIS3-8767 0
401 0 FBIS4-18182 0
401 0 FBIS3-20098 0
401 0 FBIS4-32612 0
401 0 LA031590-0024 0
401 0 LA101690-0170 0
401 0 FBIS3-19304 0
401 0 FBIS4-20472 0
401 0 FBIS4-68275 0
401 0 FT943-10703 0
401 0 FT931-3960 0
401 0 FBIS4-18387 0
401 0 FBIS4-1781 0
401 0 FT923-3137 0
401 0 FBIS3-2850 0
401 0 FBIS4-18101 0
401 0 FT943-528 0
401 0 FT923-3818 0
401 0 FBIS4-49141 0
401 0 LA042989-0030 0
401 0 FT932-12956 0
401 0 FBIS4-44661 0
401 0 FT921-1122 0
401 0 FT942-5131 1
401 0 FT943-2230 0
401 0 LA091490-0080 0
401 0 FBIS3-540 0
401 0 FBIS3-45242 0
401 0 FBIS4-64743 1
401 0 FBIS3-18684 0
401 0 FBIS4-44661 0
401 0 FBIS3-18783 0
401 0 FR940817-0-00061 0
401 0 LA072190-0060 0
401 0 FBIS4-19739 1
401 0 FT944-16682 0
401 0 LA042490-0209 0
401 0 FBIS4-19303 0
401 0 FBIS4-11261 0
401 0 FBIS4-39316 0
401 0 LA051190-0084 0
401 0 FBIS4-60977 0
401 0 FT931-16878 0
401 0 FT921-1808 1
401 0 FBIS3-20099 0
401 0 FBIS4-37190 0
401 0 FT943-14463 0
401 0 FBIS4-42218 0
401 0 FBIS4-68782 0
401 0 FBIS4-50011 0
401 0 FBIS3-20038 0
401 0 FT922-6294 0
401 0 FR940812-2-00229 0
401 0 LA111890-0126 0
401 0 FT932-12118 1
401 0 FT923-5991 1
401 0 FT944-2697 0
401 0 FBIS3-45199 0
401 0 FBIS3-39889 1
401 0 FT924-15157 0
401 0 FBIS3-18783 0
401 0 FT933-10085 0
401 0 LA041290-0088 0
401 0 FBIS3-36078 0
401 0 FBIS4-54765 0
401 0 FBIS3-49101 0
401 0 FT922-14496 1
401 0 FT942-7258 0
401 0 FBIS3-67 0
401 0 LA021890-0100 0
401 0 LA082889-0108 0
401 0 FT941-5283 0
401 0 FBIS4-20472 0
401 0 LA050290-0108 0
401 0 FT924-11409 0
401 0 LA062890-0259 0
401 0 LA100790-0062 0
401 0 FBIS4-9438 0
401 0 FT924-3506 1
401 0 FT924-4346 0
401 0 FT941-5827 0
401 0 FT924-6417 1
401 0 FR940926-0-00076 0
401 0 FBIS4-20504 0
401 0 FBIS4-19680 0
401 0 FT924-14188 0
401 0 FT922-7694 0
401 0 FBIS4-65984 0
401 0 FBIS4-2111 0
401 0 LA121490-0068 0
401 0 FBIS3-38677 0
401 0 FBIS4-28644 0
401 0 FBIS4-43940 0
401 0 FBIS3-49895 0
401 0 FT933-9575 0
401 0 FBIS3-34422 0
401 0 FBIS4-60977 0
401 0 FBIS3-59055 1
401 0 FT911-1225 0
401 0 FBIS3-52907 0
401 0 FBIS4-23131 0
401 0 FBIS3-17784 0
401 0 FT941-5827 0
401 0 FBIS3-9625 0
401 0 FBIS3-8502 0
401 0 FBIS4-42259 0
401 0 FT922-8550 0
401 0 FBIS4-65395 1
401 0 FBIS4-30132 0
401 0 FBIS3-38231 0
401 0 FR941021-1-00058 0
401 0 FBIS3-38921 0
401 0 FT921-13979 0
401 0 FT922-11123 0
401 0 FT921-1014 0
401 0 FBIS3-49664 0
401 0 FBIS3-19459 0
401 0 FR940831-1-00024 0
401 0 FT931-4902 0
401 0 FT922-221 0
401 0 FBIS3-17868 0
401 0 FBIS4-65842 0
401 0 FBIS3-31475 0
401 0 FT921-13979 0
401 0 FBIS3-34666 0
401 0 FT923-3883 0
401 0 FBIS4-32200 0
401 0 FT931-4902 0
401 0 FR941019-2-00029 0
401 0 FBIS4-44356 0
401 0 LA123090-0166 0
401 0 FBIS3-59415 0
401 0 FT924-3615 0
401 0 FT934-12742 0
401 0 FBIS4-9157 0
401 0 FBIS4-64743 1
401 0 FT924-3615 0
401 0 FBIS3-19897 1
401 0 FT941-1403 0
401 0 FBIS3-59034 0
401 0 FBIS4-32713 0
401 0 FT933-10979 0
401 0 FT932-8519 1
401 0 FT944-2249 0
401 0 FBIS4-31274 0
401 0 FBIS4-42388 1
401 0 FBIS3-38677 0
401 0 FBIS4-43335 0
401 0 FT921-4705 0
401 0 LA100790-0132 0
401 0 FBIS4-55980 0
401 0 FBIS4-66148 0
401 0 FBIS4-65051 1
401 0 FBIS4-66077 0
401 0 FBIS4-31704 0
401 0 FBIS4-31565 0
401 0 FBIS3-9316 0
401 0 FT921-15490 1
401 0 FBIS4-54007 0
401 0 FBIS4-52040 0
401 0 FT931-16236 0
401 0 FBIS3-20275 0
401 0 LA021590-0208 0
401 0 LA081089-0020 0
401 0 LA111890-0126 0
401 0 FBIS3-49035 0
401 0 LA050290-0108 0
401 0 FBIS3-9297 0
401 0 FBIS3-38390 0
401 0 FT941-1403 0
401 0 FBIS3-18109 0
401 0 FBIS4-16487 0
401 0 FT931-1806 0
401 0 FBIS4-34124 0
401 0 FBIS4-23811 0
401 0 FT921-476 0
401 0 FT923-4063 1
401 0 FT941-15167 0
401 0 FBIS3-20329 1
401 0 LA011189-0085 0
401 0 FT921-13979 0
401 0 FBIS4-20219 1
401 0 FBIS3-49453 0
401 0 FT924-6217 0
401 0 FT943-8326 0
401 0 FBIS4-32753 0
401 0 FR940817-0-00064 0
401 0 LA030690-0168 0
401 0 FBIS3-18024 0
401 0 FBIS3-48891 0
401 0 FBIS3-15535 0
401 0 FBIS3-43186 0
401 0 FBIS4-18596 0
401 0 FT921-4705 0
401 0 FT923-7892 1
401 0 LA030489-0031 0
401 0 LA030790-0048 0
401 0 FBIS4-43940 0
401 0 FBIS3-20090 1
401 0 FT932-12956 0
