401 0 FBIS3-5642 0
401 0 FBIS3-43220 0
401 0 LA112990-0230 0
401 0 FT941-4767 0
401 0 FBIS3-59147 0
401 0 FBIS4-15890 0
401 0 FT924-11408 0
401 0 FT922-4286 0
401 0 FBIS3-59142 0
401 0 FBIS3-31064 0
401 0 FBIS3-7981 0
401 0 FBIS3-19389 0
401 0 FBIS4-66185 0
401 0 FBIS3-19103 0
401 0 LA090789-0206 0
401 0 FT941-3579 0
401 0 FT923-174 1
401 0 FBIS3-19520 0
401 0 FT923-177 1
401 0 FT924-10123 0
401 0 FT941-1648 0
401 0 FBIS4-68800 0
401 0 LA081189-0041 0
401 0 FBIS3-414 0
401 0 LA122489-0176 0
401 0 FBIS3-19357 0
401 0 LA122790-0211 0
401 0 FBIS3-6028 0
401 0 FBIS4-64853 0
401 0 FBIS4-15656 0
401 0 FBIS3-19756 1
401 0 FBIS3-6040 0
401 0 FT924-5373 1
401 0 LA071890-0073 0
401 0 FBIS4-64863 0
401 0 FBIS3-4742 0
401 0 FBIS3-59128 1
401 0 FBIS3-18797 0
401 0 FBIS3-38678 0
401 0 FT941-3931 0
401 0 FBIS3-39926 0
401 0 FBIS3-18799 0
401 0 FBIS3-58286 0
401 0 FBIS4-43692 0
401 0 FBIS3-19577 0
401 0 FT943-6293 0
401 0 FBIS3-19951 0
401 0 FR940317-1-00163 0
401 0 FT944-9692 1
401 0 FT933-2793 0
401 0 FT944-9693 1
401 0 FBIS4-64139 0
401 0 FT933-8639 0
401 0 FBIS4-55313 0
401 0 LA100890-0131 1
401 0 FBIS3-7902 0
401 0 FT942-7247 0
401 0 FBIS3-7126 0
401 0 LA121789-0234 0
401 0 FBIS4-65675 1
401 0 FBIS3-19589 0
401 0 FT944-6682 0
401 0 FT922-8412 0
401 0 FBIS3-30284 0
401 0 FT924-15719 0
401 0 FT943-12037 0
401 0 FT923-5331 1
401 0 FBIS4-54440 0
401 0 FBIS4-41927 0
401 0 LA122490-0108 1
401 0 FBIS3-30679 0
401 0 FT941-12886 1
401 0 FBIS4-46746 0
401 0 FT934-15967 0
401 0 FBIS4-9475 0
401 0 FBIS4-9179 0
401 0 FBIS3-58249 0
401 0 FBIS3-38236 0
401 0 FT934-9133 0
401 0 FT933-820 0
401 0 FBIS4-20373 0
401 0 FT932-5775 1
401 0 FBIS4-20375 0
401 0 LA022790-0091 0
401 0 FBIS3-49917 0
401 0 FBIS4-65434 1
401 0 FBIS3-58829 0
401 0 FT924-3665 1
401 0 FBIS3-17448 0
401 0 FBIS4-64659 0
401 0 FT924-3663 0
401 0 FBIS4-53862 0
401 0 FBIS3-24361 0
401 0 LA072090-0019 0
401 0 FT942-5121 1
401 0 FT924-4075 1
401 0 FBIS4-52303 0
401 0 FBIS4-55123 0
401 0 FBIS4-48736 0
401 0 FBIS4-65614 1
401 0 FBIS3-38885 0
401 0 FT924-7558 1
401 0 LA100790-0056 0
401 0 FT942-12573 0
401 0 FBIS3-1425 0
401 0 FBIS3-30898 0
401 0 FBIS3-38475 1
401 0 FBIS3-31751 0
401 0 FBIS3-58830 0
401 0 FR940513-0-00110 0
401 0 FT924-4470 1
401 0 FBIS3-38882 0
401 0 FT922-15566 0
401 0 FT941-4506 0
401 0 LA121390-0121 0
401 0 FBIS4-42986 0
401 0 FBIS4-52158 0
401 0 FR941117-2-00158 0
401 0 FT924-1346 0
401 0 FBIS3-17036 0
401 0 LA040989-0072 1
401 0 FBIS3-4201 0
401 0 FBIS3-49639 0
401 0 FBIS4-8566 0
401 0 FBIS4-44377 0
401 0 FT922-9093 1
401 0 FBIS4-64322 0
401 0 FT924-13127 0
401 0 FBIS3-15738 0
401 0 FT921-11087 0
401 0 LA052090-0077 0
401 0 FBIS4-66308 0
401 0 FBIS4-26947 0
401 0 FT933-13202 0
401 0 FBIS3-36123 0
401 0 FBIS3-49022 0
401 0 FBIS3-49026 0
401 0 FBIS3-34951 0
401 0 FT932-10187 1
401 0 LA052590-0090 0
401 0 FBIS3-50129 0
401 0 FBIS4-45046 0
401 0 FBIS3-18972 0
401 0 FT932-10867 0
401 0 FBIS4-18372 0
401 0 FT924-12761 1
401 0 LA032390-0192 0
401 0 FT944-2690 0
401 0 FBIS4-67533 0
401 0 FT911-225 0
401 0 FT944-8635 0
401 0 FT924-171 0
401 0 FBIS4-65998 0
401 0 FR941206-1-00134 0
401 0 FBIS4-18760 1
401 0 FBIS3-34173 0
401 0 FBIS4-65681 1
401 0 FBIS4-35788 0
401 0 FBIS4-42768 0
401 0 FT924-10765 0
401 0 FT924-9865 0
401 0 FT923-2346 1
401 0 FR940328-2-00119 0
401 0 FBIS3-37947 0
401 0 FR940523-2-00065 0
401 0 FBIS4-31787 0
401 0 LA092089-0129 0
401 0 LA071389-0084 0
401 0 FBIS4-46469 0
401 0 FBIS3-18361 0
401 0 FBIS4-44309 0
401 0 FT931-10513 1
401 0 FT924-11673 0
401 0 FBIS3-20182 0
401 0 FBIS3-8949 0
401 0 FT944-11506 0
401 0 FBIS3-57865 0
401 0 FBIS3-44415 0
401 0 FBIS3-19702 0
401 0 FBIS4-42121 0
401 0 FBIS4-68880 0
401 0 FBIS4-43420 0
401 0 FT941-5413 0
401 0 FBIS4-68471 0
401 0 FT944-6909 1
401 0 FBIS4-42 0
401 0 LA012190-0117 0
401 0 FT941-5012 0
401 0 FBIS3-43160 0
401 0 FBIS4-42709 1
401 0 FBIS3-43166 0
401 0 FT944-8195 0
401 0 FBIS3-17087 0
401 0 FT933-15285 0
401 0 FBIS3-49662 0
401 0 LA091089-0174 0
401 0 FT931-6909 0
401 0 FBIS4-68662 0
401 0 FBIS4-43093 0
401 0 FT924-8536 0
401 0 LA123189-0183 0
401 0 FBIS3-17077 0
401 0 FBIS4-7481 0
401 0 FBIS3-56309 0
401 0 FBIS4-29 0
401 0 FT942-12704 0
401 0 FT922-14288 1
401 0 FT923-2567 0
401 0 FBIS4-62151 0
401 0 FR940831-2-00092 0
401 0 FT944-18562 0
401 0 FBIS4-42162 0
401 0 FT942-8140 0
401 0 FBIS3-16595 0
401 0 FBIS4-20002 0
401 0 FT911-1796 0
401 0 FBIS4-31715 0
401 0 FT924-8921 1
401 0 LA101389-0166 0
401 0 FBIS4-42133 0
401 0 FBIS3-15966 0
401 0 FR940906-2-00146 0
401 0 FBIS3-18719 0
401 0 FT921-4196 0
401 0 LA122990-0070 0
401 0 FBIS4-23114 0
401 0 FT924-107 0
401 0 FBIS4-47081 0
401 0 FBIS3-19403 0
401 0 FBIS3-23 0
401 0 FT941-3268 0
401 0 FBIS3-29 0
401 0 FBIS3-19290 0
401 0 LA030190-0112 0
401 0 FBIS4-53281 0
401 0 LA122190-0057 0
401 0 FBIS4-19006 0
401 0 FBIS4-19004 0
401 0 FBIS3-59042 1
401 0 FBIS4-50518 0
401 0 FBIS4-63833 0
401 0 FBIS3-13197 0
401 0 FT923-3130 1
401 0 FBIS4-19524 0
401 0 LA010189-0003 0
401 0 FT921-14215 1
401 0 FBIS3-58198 0
401 0 FBIS3-49374 0
401 0 FT921-624 0
401 0 FBIS3-19800 0
401 0 FT941-4886 0
401 0 FT931-595 0
401 0 FBIS3-16670 0
401 0 FBIS3-18651 0
401 0 FBIS3-31189 0
401 0 FBIS3-19667 0
401 0 FT923-3134 1
401 0 FBIS3-58 0
401 0 FBIS3-43117 0
401 0 LA050690-0109 0
401 0 FBIS3-38584 0
401 0 FR940902-1-00048 0
401 0 FT932-13416 0
401 0 FBIS3-31197 0
401 0 FBIS3-39831 0
401 0 LA101590-0058 0
401 0 FBIS4-19744 1
401 0 FBIS3-39839 0
401 0 FT923-3145 0
401 0 FBIS3-43120 0
401 0 FBIS3-30533 0
401 0 FT942-7103 0
401 0 FBIS4-49251 0
401 0 FBIS3-35803 0
401 0 FT932-4556 1
401 0 LA031889-0009 0
401 0 FBIS3-19645 0
401 0 FT941-15100 0
401 0 FT922-1181 0
401 0 FBIS3-19640 0
401 0 FBIS3-1790 0
401 0 FBIS3-1776 0
401 0 FT944-2695 0
401 0 FBIS4-36921 0
401 0 FBIS4-56146 0
401 0 FBIS3-19042 0
401 0 LA012289-0044 0
401 0 FBIS3-40017 0
401 0 FBIS3-33859 0
401 0 FT924-3751 0
401 0 FBIS4-42467 1
401 0 FT932-5627 1
401 0 FBIS3-50297 0
401 0 FBIS4-64738 0
401 0 FBIS3-19038 1
401 0 LA121690-0207 0
401 0 FT934-9441 0
401 0 FT942-7634 0
401 0 LA100889-0019 0
401 0 FBIS4-9504 0
401 0 FT932-8398 0
401 0 FT933-933 0
401 0 FBIS3-7802 0
401 0 FT924-4344 1
401 0 FBIS4-8013 0
401 0 FBIS4-55873 0
401 0 FT924-2188 0
401 0 FT944-2261 0
401 0 FBIS3-19212 0
401 0 FT944-2266 0
401 0 FBIS3-9729 0
401 0 FBIS4-64568 0
401 0 FR940826-1-00066 0
401 0 FBIS3-39115 0
401 0 FT941-5286 0
401 0 FR941013-2-00161 0
401 0 FT931-7900 0
401 0 FT943-14087 0
401 0 FBIS4-18220 1
401 0 FBIS3-32763 0
401 0 FR941019-0-00079 0
401 0 FBIS3-58103 1
401 0 LA061590-0052 0
401 0 FBIS4-65502 1
401 0 FBIS4-65506 1
401 0 FBIS3-50059 0
401 0 FBIS4-55843 0
401 0 FBIS4-65507 1
401 0 FBIS4-64979 0
401 0 FR940720-2-00020 0
401 0 FBIS4-8803 0
401 0 FBIS3-37974 0
401 0 FBIS3-31659 0
401 0 FBIS3-31657 0
401 0 FBIS4-7690 0
401 0 FBIS3-41174 0
401 0 FBIS4-30729 0
401 0 FBIS4-55213 0
401 0 FT922-9686 0
401 0 FT921-15986 1
401 0 FBIS4-30735 0
401 0 FBIS3-59491 0
401 0 FBIS4-9057 0
401 0 LA022690-0069 0
401 0 LA021389-0087 0
401 0 FT931-5571 1
401 0 FT924-7483 1
401 0 FT922-3402 0
401 0 FBIS3-59212 0
401 0 FT931-15073 0
401 0 FT923-6065 0
401 0 FBIS3-60342 0
401 0 FBIS3-50027 0
401 0 FBIS3-37727 0
401 0 FBIS3-31889 0
401 0 FR940513-0-00006 0
401 0 FBIS4-58335 0
401 0 LA121190-0075 0
401 0 FT933-4768 0
401 0 FBIS3-55125 0
401 0 FBIS3-31892 0
401 0 FBIS3-15310 0
401 0 FBIS4-33749 0
401 0 FT942-7384 0
401 0 FT942-7385 0
401 0 LA100290-0174 1
401 0 LA050590-0114 0
401 0 LA022490-0167 0
401 0 FT941-4640 0
401 0 FBIS3-56401 0
401 0 FBIS4-1627 0
401 0 LA072789-0028 0
401 0 FBIS3-2329 0
401 0 FT921-9293 1
401 0 FT923-6362 1
401 0 FT932-4849 1
401 0 FT921-10372 0
401 0 FT944-2707 0
401 0 FBIS3-49144 0
401 0 FT931-15335 0
401 0 FT932-6653 1
401 0 FBIS3-14738 0
401 0 FBIS3-35592 0
401 0 FT941-10142 1
401 0 FT944-7882 0
401 0 FBIS4-65192 0
401 0 FT932-15190 0
401 0 FBIS3-30706 0
401 0 FT942-16369 0
401 0 FBIS3-31426 0
401 0 FBIS3-1283 0
401 0 FBIS4-8683 0
401 0 FR940713-2-00172 0
401 0 FR941205-2-00164 0
401 0 FBIS3-31428 0
401 0 FBIS4-54510 0
401 0 FT934-1230 0
401 0 FBIS3-57117 0
401 0 FBIS3-32990 0
401 0 LA010489-0026 1
401 0 FBIS3-5470 0
401 0 FR940817-0-00063 0
401 0 FR940817-0-00062 0
401 0 FBIS4-43916 0
401 0 FR940513-2-00082 0
401 0 FT922-7096 0
401 0 FBIS3-42872 0
401 0 LA082789-0017 0
401 0 FBIS3-51967 0
401 0 LA082690-0214 0
401 0 FT923-1528 0
401 0 FT922-8378 0
401 0 FBIS4-62200 0
401 0 FT924-11397 1
401 0 FBIS3-31811 0
401 0 FBIS3-61094 0
401 0 FT943-526 0
401 0 FT944-8200 0
401 0 FBIS3-49712 0
401 0 FT934-7953 0
401 0 FBIS4-64410 0
401 0 FBIS4-2771 0
401 0 FBIS3-29869 0
401 0 FBIS3-9786 0
401 0 FT943-4243 0
401 0 FT924-452 1
401 0 FBIS3-31802 0
401 0 FBIS4-42842 0
401 0 LA121290-0122 0
401 0 FT934-13518 0
401 0 FBIS4-51651 0
401 0 FBIS4-47621 0
401 0 FT943-5162 0
401 0 FBIS4-32132 0
401 0 FBIS4-47629 0
401 0 FT921-14011 0
401 0 FBIS3-19865 0
401 0 LA042490-0202 0
401 0 LA100590-0009 1
401 0 FT931-2117 0
401 0 FBIS4-54740 0
401 0 FBIS3-3467 0
401 0 FBIS3-8888 0
401 0 FBIS4-31288 0
401 0 FBIS4-29201 0
401 0 FT921-7288 0
401 0 FT933-2163 1
401 0 FBIS3-19893 0
401 0 LA092889-0105 0
401 0 FBIS4-42616 0
401 0 LA022590-0190 0
401 0 FBIS4-68787 0
401 0 FBIS3-9343 0
401 0 FBIS4-68785 0
401 0 FT941-5518 0
401 0 LA072490-0038 0
401 0 LA072790-0171 0
401 0 FT941-16483 0
401 0 FT942-15368 0
401 0 FT924-5847 1
401 0 FBIS4-68773 0
401 0 FBIS4-68774 0
401 0 FBIS4-68772 0
401 0 FBIS3-34896 0
401 0 FBIS3-9563 0
401 0 FBIS4-32581 0
401 0 FT921-5955 0
401 0 FT924-5839 1
401 0 FBIS4-42256 0
401 0 LA090589-0082 1
401 0 FBIS3-20074 0
401 0 FBIS3-18410 0
401 0 FT934-2531 1
401 0 FT942-8238 0
401 0 FBIS3-8433 0
401 0 FBIS3-20076 0
401 0 FBIS3-20075 0
401 0 FT943-5381 0
401 0 FBIS3-57999 0
401 0 FT921-13797 1
401 0 FBIS4-52042 0
401 0 LA011389-0015 0
401 0 FT921-13792 0
401 0 FBIS4-52043 0
401 0 FBIS4-19199 0
401 0 FT922-7241 0
401 0 FBIS4-52754 0
401 0 FT934-12728 0
401 0 FT943-12593 0
401 0 FT931-2176 1
401 0 FBIS4-68349 0
401 0 FBIS4-65345 0
401 0 FT943-4907 0
401 0 FBIS4-52039 0
