434 0 FBIS3-29163 0
434 0 FBIS3-3918 0
434 0 FBIS4-62987 1
434 0 FBIS4-64611 0
434 0 FT943-6240 1
434 0 FBIS4-17652 0
434 0 FT942-14633 1
434 0 FT942-7984 1
434 0 FBIS3-14751 1
434 0 FBIS3-54829 1
434 0 FT942-14636 1
434 0 FBIS4-15512 0
434 0 FBIS3-36240 0
434 0 FT942-14638 1
434 0 FT942-14639 1
434 0 FBIS4-68565 0
434 0 FBIS3-54830 1
434 0 FBIS3-54831 1
434 0 FT931-10597 0
434 0 FBIS3-42753 1
434 0 FBIS3-23782 1
434 0 FBIS3-55672 0
434 0 FT931-11786 0
434 0 FBIS3-36239 0
434 0 FBIS3-15606 0
434 0 FBIS4-60768 1
434 0 FBIS3-42766 0
434 0 FBIS4-15276 0
434 0 FBIS3-15027 0
434 0 FR941230-0-00120 0
434 0 FT923-3129 1
434 0 FBIS3-26752 0
434 0 FBIS4-15133 0
434 0 FBIS4-68582 0
434 0 FBIS3-14876 0
434 0 FBIS3-17156 1
434 0 FT923-15132 0
434 0 FT942-12301 0
434 0 FBIS3-23777 1
434 0 FBIS3-23778 1
434 0 FBIS4-40143 1
434 0 FBIS3-23779 1
434 0 FT931-11394 0
434 0 LA123190-0002 0
434 0 FT933-6593 0
434 0 FBIS3-42632 1
434 0 FT942-12004 1
434 0 FBIS3-36857 0
434 0 FBIS4-14822 0
434 0 FT922-10918 1
434 0 FBIS4-15140 1
434 0 LA062589-0155 0
434 0 FBIS3-60477 0
434 0 FBIS4-17533 0
434 0 FBIS3-17145 0
434 0 FBIS3-11075 0
434 0 FBIS3-36117 0
434 0 FBIS4-38473 0
434 0 FBIS4-61316 1
434 0 FT923-6387 0
434 0 FT922-5369 1
434 0 FBIS4-16406 0
434 0 FBIS3-36345 0
434 0 FT944-18719 1
434 0 FBIS3-16682 1
434 0 FBIS3-18961 0
434 0 FBIS4-39217 1
434 0 FBIS3-56519 0
434 0 FBIS3-55805 0
434 0 FR940902-1-00048 0
434 0 FBIS3-55804 0
434 0 FT942-14645 1
434 0 FT944-16078 0
434 0 FT942-14647 1
434 0 FBIS3-55801 1
434 0 LA081089-0172 0
434 0 FBIS4-17254 0
434 0 FBIS4-17252 1
434 0 FR940812-2-00229 0
434 0 FBIS3-16058 0
434 0 FBIS3-67 1
434 0 FBIS4-38908 0
434 0 FBIS4-38909 0
434 0 FT911-778 1
434 0 FBIS4-40530 1
434 0 FBIS4-15367 0
434 0 LA123189-0109 0
434 0 FR940223-2-00008 0
434 0 FBIS4-67533 1
434 0 FBIS4-62603 1
434 0 LA122789-0121 0
434 0 FBIS4-63870 0
434 0 FBIS3-61168 1
434 0 FBIS4-68275 0
434 0 FBIS3-16061 1
434 0 FT943-11937 0
434 0 FT921-12784 1
434 0 FBIS3-61165 0
434 0 FBIS3-16266 1
434 0 FBIS4-62734 0
434 0 FR941206-1-00134 0
434 0 FBIS4-62735 1
434 0 FBIS4-41088 0
434 0 FBIS4-63869 1
434 0 LA032890-0065 0
434 0 FBIS4-45669 0
434 0 FBIS4-61896 1
434 0 FBIS4-38666 1
434 0 FBIS4-61838 1
434 0 FR941202-2-00110 0
434 0 FT932-16181 0
434 0 FBIS4-21670 0
434 0 FBIS4-61345 0
434 0 FT933-2591 1
434 0 FBIS3-28689 0
434 0 FBIS4-26986 0
434 0 LA051190-0072 0
434 0 FT924-6843 1
434 0 FT944-15871 0
434 0 FT922-7694 0
434 0 FBIS3-4475 0
434 0 FBIS4-25869 1
434 0 FBIS4-47014 0
434 0 FBIS4-22729 0
434 0 FT933-10671 0
434 0 FBIS4-40867 0
434 0 FBIS3-36681 0
434 0 FBIS4-25870 1
434 0 FT943-14253 1
434 0 FBIS3-37947 0
434 0 FT924-9759 0
434 0 FT943-539 1
434 0 FBIS4-26317 0
434 0 FT931-10588 0
434 0 LA022290-0011 0
434 0 FT931-11140 0
434 0 FT942-2218 1
434 0 FBIS4-38646 1
434 0 FBIS3-32506 0
434 0 FBIS4-16702 0
434 0 FBIS4-61795 0
434 0 FBIS3-14600 0
434 0 FBIS4-64139 0
434 0 FBIS4-38527 0
434 0 FBIS3-55351 0
434 0 FT933-934 1
434 0 FT922-8663 0
434 0 FBIS3-15696 1
434 0 FT944-14383 0
434 0 FBIS4-68760 0
434 0 FBIS4-15822 0
434 0 FT941-9876 0
434 0 FBIS3-42960 1
434 0 FBIS3-24040 1
434 0 FBIS4-15821 1
434 0 FBIS4-22416 1
434 0 FBIS4-68763 1
434 0 FT924-1909 1
434 0 FBIS3-6005 0
434 0 FBIS4-22418 1
434 0 FBIS4-15820 1
434 0 FT943-12566 1
434 0 FBIS3-55353 0
434 0 FBIS4-57117 0
434 0 FBIS3-23561 0
434 0 FBIS4-22413 0
434 0 FBIS3-14904 0
434 0 FBIS4-63801 0
434 0 FBIS4-22412 1
434 0 FBIS4-47118 0
434 0 FT942-10679 0
434 0 FBIS4-61785 1
434 0 FBIS3-24171 1
434 0 FT911-2025 0
434 0 FT931-10664 0
434 0 FT932-1653 1
434 0 FBIS3-24320 1
434 0 FBIS3-42855 1
434 0 FBIS3-55346 0
434 0 FBIS3-42854 1
434 0 FBIS3-24321 1
434 0 FBIS3-61395 0
434 0 FBIS3-61392 1
434 0 FBIS3-42851 1
434 0 FBIS3-42852 1
434 0 FBIS3-9726 0
434 0 FBIS3-61393 1
434 0 FBIS4-68893 0
434 0 FBIS4-61181 0
434 0 FBIS4-46884 1
434 0 FBIS4-61998 1
434 0 FT921-11996 1
434 0 FBIS3-16201 0
434 0 FBIS3-36193 0
434 0 FBIS3-8561 0
434 0 FBIS3-36196 0
434 0 FBIS3-16389 0
434 0 FBIS3-36195 0
434 0 LA031890-0189 0
434 0 FR940516-0-00058 0
434 0 FBIS4-68782 0
434 0 FT942-11547 1
434 0 FBIS3-18860 0
434 0 FBIS3-61109 0
434 0 FT933-16519 0
434 0 FBIS3-37866 1
434 0 FBIS3-16604 0
434 0 FT943-7380 0
434 0 FBIS4-15355 0
434 0 FT944-13325 0
434 0 FBIS4-22237 1
434 0 FBIS4-22236 0
434 0 FBIS3-28380 0
434 0 FBIS4-20472 0
434 0 FBIS4-38915 0
434 0 FBIS3-61259 1
434 0 FBIS3-61258 1
434 0 FBIS4-25407 1
434 0 FBIS4-38910 0
434 0 FBIS3-26064 0
434 0 FBIS4-38911 0
434 0 FT921-16535 1
434 0 FT943-12154 0
434 0 FBIS4-17424 0
434 0 FT921-9940 0
434 0 FBIS4-22656 0
434 0 LA051290-0076 0
434 0 FBIS4-17272 1
434 0 FBIS4-17273 1
434 0 FBIS4-64173 0
434 0 FT923-3167 1
434 0 FBIS3-42726 0
434 0 FT931-10614 0
434 0 FBIS3-27640 0
434 0 FBIS3-24148 0
434 0 FBIS3-10906 0
434 0 FT934-15011 0
434 0 FBIS3-41666 0
434 0 FBIS3-22225 1
434 0 FBIS4-63677 1
434 0 FBIS3-15946 1
434 0 FT931-8748 0
434 0 FBIS3-15945 1
434 0 FBIS4-22567 0
434 0 FR940616-2-00118 0
434 0 FBIS3-17996 1
434 0 FBIS4-29 0
434 0 FBIS4-46811 0
434 0 FBIS3-15138 0
434 0 FT931-10624 0
434 0 FBIS3-16390 1
434 0 FBIS4-68650 1
434 0 LA010189-0048 0
434 0 FT921-2271 0
434 0 FBIS3-15540 1
434 0 FBIS3-14832 0
434 0 FT911-2070 0
434 0 FBIS3-15338 1
434 0 FBIS3-17165 1
434 0 FBIS4-46991 0
434 0 FT921-862 1
434 0 FT922-5551 0
434 0 LA052390-0063 0
434 0 FBIS3-36470 1
434 0 FBIS3-36471 0
434 0 LA051390-0170 1
434 0 FBIS3-42405 0
434 0 FBIS4-16867 1
434 0 FBIS3-18825 1
434 0 FBIS3-60342 0
434 0 FBIS3-24169 0
434 0 FBIS3-35767 1
434 0 FT931-10874 0
434 0 FBIS4-47093 1
434 0 FBIS3-35768 0
434 0 FBIS3-17055 0
434 0 FT921-14237 1
434 0 FBIS4-15983 1
434 0 FT944-3611 1
434 0 FBIS4-20905 0
434 0 FBIS4-47091 1
434 0 FBIS4-25790 1
434 0 FBIS4-51191 0
434 0 FBIS3-17476 1
434 0 FBIS4-2047 0
434 0 FT931-10781 0
434 0 FBIS3-45176 0
434 0 FBIS4-25789 1
434 0 FBIS3-15427 1
434 0 FBIS3-17671 1
434 0 FBIS4-15714 0
434 0 FT921-14225 1
434 0 FT922-7914 0
434 0 FBIS4-38818 0
434 0 FBIS3-16818 0
434 0 FT924-13979 0
434 0 FBIS3-16953 0
434 0 FBIS4-61525 0
434 0 FBIS4-65007 1
434 0 FBIS4-63413 0
434 0 FBIS3-15834 1
434 0 FBIS3-28340 0
434 0 FBIS4-49702 0
434 0 FBIS3-35908 0
434 0 FT933-14717 1
434 0 FBIS3-37482 1
