402 0 FT942-14534 0
402 0 FR940214-0-00058 0
402 0 FBIS3-22133 0
402 0 FBIS3-23 0
402 0 FR941021-1-00037 0
402 0 FR941230-0-00119 0
402 0 LA091089-0104 0
402 0 FR940413-2-00130 0
402 0 FBIS3-59753 0
402 0 FBIS3-29 0
402 0 FBIS4-52158 0
402 0 FBIS3-59752 0
402 0 FR940705-2-00218 0
402 0 FT944-9617 0
402 0 FT941-15246 0
402 0 LA100189-0053 1
402 0 LA062589-0077 0
402 0 LA101290-0115 1
402 0 FR940127-2-00200 0
402 0 LA061190-0016 0
402 0 LA050789-0122 1
402 0 FR940112-1-00044 0
402 0 FBIS3-59750 0
402 0 FBIS3-59751 0
402 0 FR941021-1-00036 0
402 0 FR940722-2-00007 0
402 0 FBIS3-40497 0
402 0 FBIS3-59747 0
402 0 FR940104-0-00034 0
402 0 FBIS3-35 0
402 0 FBIS4-47563 0
402 0 FT944-2707 0
402 0 LA090789-0104 0
402 0 FT944-2702 0
402 0 LA061190-0015 0
402 0 FBIS4-56638 0
402 0 FBIS4-20569 0
402 0 FBIS3-10954 0
402 0 LA012089-0018 0
402 0 FBIS3-40388 0
402 0 FT942-10938 0
402 0 FR940405-1-00062 0
402 0 FT933-1589 0
402 0 LA051690-0092 0
402 0 FBIS4-47554 0
402 0 LA042589-0096 0
402 0 LA030690-0001 0
402 0 FR940630-2-00002 0
402 0 FBIS3-22119 0
402 0 FR940523-0-00044 0
402 0 FT934-2739 1
402 0 FR940503-2-00002 0
402 0 LA080190-0099 0
402 0 FR940812-2-00253 1
402 0 FR940705-2-00135 0
402 0 LA110889-0041 0
402 0 FBIS4-47547 0
402 0 FR941222-2-00097 0
402 0 FR940705-2-00130 0
402 0 FT934-2039 1
402 0 FT924-15660 0
402 0 LA081089-0075 0
402 0 LA070390-0042 0
402 0 LA040990-0045 1
402 0 FR940902-1-00048 0
402 0 FBIS3-24619 0
402 0 FBIS4-45802 0
402 0 LA060589-0049 1
402 0 LA072489-0053 0
402 0 FR940208-0-00117 0
402 0 FBIS3-40265 0
402 0 LA100889-0040 1
402 0 LA052290-0110 0
402 0 FBIS3-42996 0
402 0 FR940919-0-00152 0
402 0 FBIS4-47538 0
402 0 FT931-4425 0
402 0 FR941202-2-00139 0
402 0 FBIS4-44913 0
402 0 LA110290-0127 0
402 0 LA021890-0038 0
402 0 LA092690-0093 0
402 0 FT933-5693 1
402 0 FR941213-2-00002 0
402 0 LA020390-0152 0
402 0 FBIS3-49865 0
402 0 FR940511-2-00212 0
402 0 FBIS4-67533 0
402 0 FBIS4-50815 0
402 0 FR941125-2-00094 0
402 0 FBIS3-26006 0
402 0 FBIS3-24604 0
402 0 FR941122-0-00070 0
402 0 FBIS3-20796 0
402 0 FT933-13787 1
402 0 LA123189-0105 0
402 0 LA121289-0055 0
402 0 FBIS3-40450 0
402 0 LA062590-0042 1
402 0 FT923-7735 1
402 0 FBIS3-21783 0
402 0 FR941021-1-00062 0
402 0 LA091789-0146 0
402 0 FBIS3-58407 0
402 0 LA111689-0162 1
402 0 FR941216-2-00090 0
402 0 LA091589-0015 1
402 0 FBIS3-42393 0
402 0 LA062289-0068 1
402 0 LA042990-0032 1
402 0 LA123190-0042 0
402 0 FR940104-2-00083 0
402 0 FBIS4-22201 0
402 0 FT921-13615 0
402 0 FBIS3-41415 0
402 0 LA051690-0132 0
402 0 LA030890-0003 0
402 0 FBIS3-40352 0
402 0 FR940304-2-00061 0
402 0 LA100790-0251 1
402 0 LA120990-0077 0
402 0 LA030289-0100 0
402 0 LA080389-0106 0
402 0 FR941027-2-00005 0
402 0 FR940328-2-00119 0
402 0 FR940830-2-00078 0
402 0 FR941122-0-00095 0
402 0 LA100890-0105 0
402 0 LA092189-0192 0
402 0 FT924-6735 0
402 0 LA073090-0057 1
402 0 FR941019-2-00002 0
402 0 FR940621-1-00024 0
402 0 LA062089-0028 1
402 0 LA020789-0112 0
402 0 LA070390-0087 0
402 0 FR940204-2-00090 1
402 0 LA042690-0126 0
402 0 FBIS4-45649 0
402 0 FR940817-2-00239 1
402 0 FR940817-2-00237 1
402 0 FR940817-2-00236 1
402 0 FT934-3651 0
402 0 FT921-7951 0
402 0 FR940112-2-00002 0
402 0 FR940804-1-00034 0
402 0 FBIS4-49776 0
402 0 FT932-3649 0
402 0 FT943-16710 0
402 0 FR941221-2-00125 0
402 0 FBIS4-47629 0
402 0 FR940603-2-00055 0
402 0 FBIS3-43058 0
402 0 FR940817-2-00241 1
402 0 FBIS4-44702 0
402 0 FBIS3-43034 0
402 0 FBIS3-30784 0
402 0 FT944-2261 0
402 0 FT932-7262 1
402 0 FBIS4-22529 0
402 0 FT944-2266 0
402 0 FR940822-2-00057 0
402 0 FBIS3-12118 0
402 0 FBIS3-21193 0
402 0 LA111190-0176 0
402 0 LA111590-0041 1
402 0 FR940203-0-00084 0
402 0 LA020490-0094 0
402 0 FR940627-0-00257 0
402 0 FR940817-2-00252 1
402 0 FR940817-2-00253 1
402 0 FR940204-1-00071 0
402 0 LA042990-0020 1
402 0 LA112690-0069 0
402 0 FBIS3-43024 0
402 0 FT943-4555 0
402 0 FR940324-2-00072 0
402 0 FBIS3-40635 0
402 0 FR940505-2-00107 0
402 0 FBIS3-40730 0
402 0 FT931-9496 1
402 0 FT922-715 1
402 0 LA041790-0126 1
402 0 LA032290-0148 1
402 0 FBIS4-20488 0
402 0 FBIS3-42986 0
402 0 FR940324-2-00077 0
402 0 FBIS4-20504 0
402 0 FBIS3-21060 0
402 0 FR940817-2-00263 0
402 0 FBIS4-22504 0
402 0 FT944-17394 0
402 0 FBIS3-43060 0
402 0 FR940324-2-00082 0
402 0 LA011590-0097 0
402 0 LA062890-0104 1
402 0 LA102489-0103 0
402 0 FBIS4-68388 0
402 0 FR940208-0-00083 0
402 0 LA112090-0153 1
402 0 LA020590-0053 1
402 0 FBIS3-60378 0
402 0 LA020590-0055 0
402 0 FBIS3-40319 0
402 0 LA093089-0065 1
402 0 LA110290-0100 0
402 0 LA051490-0069 0
402 0 FR940822-0-00077 0
402 0 FBIS4-20472 0
402 0 LA112189-0147 0
402 0 FR940906-2-00048 0
402 0 FR940817-2-00270 0
402 0 FBIS3-43068 0
402 0 FR940817-2-00271 0
402 0 FR940817-2-00272 0
402 0 FR940817-2-00273 0
402 0 FR940324-2-00084 0
402 0 FR940817-2-00274 0
402 0 FR940817-2-00275 0
402 0 LA032390-0055 0
402 0 FR940802-1-00013 0
402 0 LA101690-0121 1
402 0 FR940926-2-00053 0
402 0 LA101190-0070 0
402 0 FBIS4-20522 0
402 0 LA052389-0108 0
402 0 FR940725-0-00045 0
402 0 FBIS3-41666 0
402 0 FT921-10261 0
402 0 FR940705-2-00169 0
402 0 LA021089-0095 0
402 0 FT944-12908 1
402 0 LA022189-0096 0
402 0 FBIS4-23131 0
402 0 FT933-16361 0
402 0 FT934-1290 1
402 0 LA011690-0092 0
402 0 FR941130-0-00122 0
402 0 FT943-3444 0
402 0 LA031790-0020 0
402 0 LA121790-0086 0
402 0 FBIS3-20885 0
402 0 FBIS3-10291 0
402 0 FBIS3-24165 0
402 0 FR940831-1-00024 0
402 0 LA010989-0047 1
402 0 LA021990-0055 0
402 0 FBIS4-52042 0
402 0 FT922-7420 1
402 0 FBIS4-52043 0
402 0 LA111290-0009 0
402 0 FBIS4-20447 0
402 0 FBIS4-20645 1
402 0 FBIS4-23005 0
402 0 FBIS4-52754 0
402 0 FBIS4-23010 0
402 0 FR941116-2-00127 0
402 0 FBIS3-60336 0
402 0 FT921-11140 1
402 0 FR940610-2-00239 0
402 0 FBIS3-2568 0
402 0 FR940405-2-00002 0
402 0 FR940817-2-00228 1
402 0 FT944-4199 0
402 0 FBIS4-22896 0
402 0 FBIS4-22897 0
402 0 FT942-2017 0
402 0 FT943-3268 0
402 0 FR940922-2-00126 0
402 0 FBIS3-59718 0
402 0 LA081790-0052 0
402 0 LA090789-0028 0
402 0 LA101090-0147 0
402 0 FT933-5128 0
402 0 FR940906-2-00002 0
402 0 LA091790-0063 0
