410 0 FT933-3080 0
410 0 FT924-13737 0
410 0 FBIS3-29 0
410 0 LA092089-0011 0
410 0 FT933-14918 1
410 0 FBIS3-7490 0
410 0 FT924-6924 1
410 0 FBIS4-62591 0
410 0 FBIS3-16299 0
410 0 FT924-4549 1
410 0 FT911-1963 1
410 0 FT924-4955 0
410 0 FBIS4-44278 1
410 0 FBIS3-3836 0
410 0 FBIS4-44277 1
410 0 FBIS4-59237 0
410 0 FR940524-1-00039 0
410 0 FT944-2707 0
410 0 FT931-14276 1
410 0 FBIS3-18154 0
410 0 FBIS4-66185 0
410 0 FT932-17156 1
410 0 LA121589-0087 1
410 0 FT944-16965 0
410 0 FR940110-2-00029 0
410 0 FR941012-2-00069 0
410 0 FBIS3-40118 0
410 0 FBIS3-59026 0
410 0 FBIS3-19523 1
410 0 FBIS3-36064 0
410 0 FR940110-2-00053 0
410 0 FBIS3-17533 0
410 0 FBIS3-31424 0
410 0 FBIS3-49023 0
410 0 FBIS3-18131 0
410 0 FBIS4-44355 0
410 0 FBIS3-39318 0
410 0 FBIS4-61111 0
410 0 FT932-16523 1
410 0 FBIS3-9064 0
410 0 FBIS3-29715 0
410 0 FR940817-2-00288 0
410 0 FBIS4-18659 0
410 0 FT942-13390 1
410 0 FT932-16163 1
410 0 FR941212-0-00038 0
410 0 FBIS3-67 0
410 0 LA081890-0014 0
410 0 FT911-3773 0
410 0 FR941202-2-00139 0
410 0 FBIS3-59008 1
410 0 FT911-360 0
410 0 LA011589-0005 0
410 0 FT911-48 0
410 0 FBIS3-59001 1
410 0 FR940304-1-00087 0
410 0 FBIS4-61888 0
410 0 FT911-226 0
410 0 FBIS4-36520 0
410 0 FT944-2195 0
410 0 FBIS4-51932 0
410 0 FT923-3617 1
410 0 FR940810-2-00060 0
410 0 FT921-6782 0
410 0 FT931-16236 0
410 0 FT921-10551 0
410 0 FBIS4-16214 0
410 0 LA112489-0133 0
410 0 FBIS3-1876 0
410 0 FT932-2634 0
410 0 LA112489-0132 0
410 0 FR941206-1-00134 0
410 0 FT932-10335 0
410 0 FT932-12074 1
410 0 FR941116-0-00097 0
410 0 FR940207-2-00073 0
410 0 FT911-214 0
410 0 FT931-16890 0
410 0 FR940207-2-00072 0
410 0 FBIS3-43142 0
410 0 FBIS3-42872 0
410 0 FBIS4-59248 0
410 0 FR941003-1-00085 0
410 0 FBIS4-34515 0
410 0 FBIS4-62200 0
410 0 FBIS3-28910 0
410 0 FT921-7727 1
410 0 LA050490-0169 0
410 0 FR940304-1-00168 0
410 0 FBIS4-40080 0
410 0 FR940721-2-00039 0
410 0 FR941205-1-00042 0
410 0 FT942-2229 0
410 0 FT944-3918 0
410 0 FBIS4-59241 0
410 0 FT944-3912 0
410 0 FT934-14347 1
410 0 FBIS3-23914 0
410 0 FT931-1758 0
410 0 FR941205-1-00050 0
410 0 FBIS3-37947 0
410 0 FT932-1183 1
410 0 FR940214-2-00042 0
410 0 FT942-11118 0
410 0 FT931-9636 0
410 0 FT922-8566 1
410 0 FT924-6931 1
410 0 FR940128-2-00106 0
410 0 FT934-15886 1
410 0 FBIS4-46469 0
410 0 FBIS3-30120 0
410 0 FR941021-0-00115 0
410 0 FT944-3970 0
410 0 FBIS4-46764 0
410 0 FBIS3-9818 0
410 0 FBIS3-43196 0
410 0 FBIS3-24043 0
410 0 FBIS3-23561 0
410 0 FBIS4-47118 0
410 0 FT921-9511 1
410 0 FT944-2266 0
410 0 FBIS4-41184 0
410 0 FBIS3-18733 1
410 0 FR940831-2-00107 0
410 0 FR940711-2-00038 0
410 0 FR940711-2-00037 0
410 0 FR940930-0-00120 0
410 0 FBIS4-20617 0
410 0 FBIS4-46649 0
410 0 FBIS4-56192 0
410 0 FBIS4-43047 0
410 0 FT924-3822 1
410 0 FBIS4-68893 0
410 0 FT931-8625 0
410 0 FR941130-2-00055 0
410 0 FBIS4-58576 0
410 0 FBIS4-66382 0
410 0 FT941-16995 1
410 0 FT941-12878 1
410 0 LA112189-0074 0
410 0 FBIS4-64577 1
410 0 FT922-10323 0
410 0 FT934-14176 0
410 0 FR940513-2-00024 0
410 0 FBIS4-55980 0
410 0 FT934-6237 1
410 0 FR940606-2-00035 0
410 0 LA022190-0117 0
410 0 FBIS3-56321 0
410 0 FT933-16910 1
410 0 FBIS3-57057 0
410 0 FBIS4-43160 1
410 0 FBIS4-59198 0
410 0 FBIS3-13615 0
410 0 FBIS4-20472 0
410 0 FBIS3-48945 0
410 0 FBIS4-68772 0
410 0 FT942-1093 0
410 0 LA062090-0079 1
410 0 LA010890-0105 0
410 0 FBIS3-33111 0
410 0 FBIS4-44440 0
410 0 FBIS4-15030 0
410 0 FT934-14160 1
410 0 FBIS4-45470 0
410 0 FT924-1015 1
410 0 FT923-4550 0
410 0 FT924-44 0
410 0 FT924-4810 0
410 0 FBIS3-41666 0
410 0 FT924-5835 1
410 0 FT934-14567 0
410 0 FBIS4-63264 0
410 0 FBIS4-63265 0
410 0 FR940413-0-00034 0
410 0 FBIS4-29 0
410 0 FBIS3-57961 1
410 0 FT941-13450 1
410 0 FBIS3-20720 0
410 0 FR940922-2-00103 0
410 0 FBIS4-58430 0
410 0 FR940921-2-00030 0
410 0 FBIS4-43072 0
410 0 FT922-751 1
410 0 FBIS3-60342 0
410 0 FR941221-2-00104 0
410 0 FBIS4-43882 0
410 0 FBIS4-52045 0
410 0 FBIS4-52043 0
410 0 FT911-3701 0
410 0 FBIS4-52041 0
410 0 FR941026-2-00050 0
410 0 FT922-4102 0
410 0 FBIS4-52754 0
410 0 FT921-13174 0
410 0 FBIS4-17877 0
410 0 FT944-4056 1
410 0 FT944-1628 1
410 0 FBIS3-60336 0
410 0 FT934-16124 1
410 0 FBIS3-25402 0
410 0 FBIS3-13897 0
410 0 FT932-1433 0
410 0 FT933-173 0
410 0 FT922-4949 0
410 0 FBIS3-39341 1
410 0 FR941107-2-00183 0
410 0 FBIS4-52037 0
410 0 FBIS3-31361 0
410 0 FBIS4-52038 0
410 0 FBIS4-52039 0
410 0 FBIS3-32935 0
