449 0 FBIS4-11518 0
449 0 FT934-8312 0
449 0 FBIS3-23 0
449 0 FR941230-0-00119 0
449 0 FBIS3-43220 0
449 0 FBIS3-29 0
449 0 LA050490-0049 0
449 0 FBIS3-16693 0
449 0 LA122890-0089 0
449 0 FBIS3-13710 0
449 0 FR940816-1-00093 0
449 0 FT941-13425 0
449 0 FR941205-1-00029 0
449 0 FR940224-2-00034 0
449 0 LA032190-0081 0
449 0 LA031490-0076 0
449 0 FR940112-1-00044 0
449 0 LA100889-0103 0
449 0 FR940104-0-00034 0
449 0 LA111090-0106 0
449 0 FT944-2702 0
449 0 FR940804-2-00091 0
449 0 FR940830-0-00055 0
449 0 FBIS4-22946 0
449 0 LA040990-0066 0
449 0 LA030390-0089 0
449 0 FR941230-0-00123 0
449 0 FBIS3-9044 0
449 0 FT941-10431 0
449 0 FBIS3-40 0
449 0 FR941230-0-00120 0
449 0 FT933-12182 0
449 0 FT942-151 1
449 0 FR941027-1-00030 0
449 0 LA122490-0059 0
449 0 FR940523-0-00040 0
449 0 FT933-5570 0
449 0 FR940906-2-00073 0
449 0 FT923-6764 0
449 0 FBIS4-23030 0
449 0 FR940523-0-00044 0
449 0 FBIS4-3232 0
449 0 FBIS4-23032 1
449 0 FR940523-0-00041 0
449 0 FBIS4-23031 0
449 0 FR940523-0-00045 1
449 0 FBIS4-19856 0
449 0 FR941021-1-00058 0
449 0 FT942-8985 1
449 0 FBIS4-13423 0
449 0 FR940224-0-00058 1
449 0 FBIS3-22105 0
449 0 FT931-10954 0
449 0 LA051989-0009 0
449 0 FR940712-2-00063 0
449 0 LA062289-0200 0
449 0 FT922-7757 0
449 0 FBIS4-23028 0
449 0 LA081390-0052 0
449 0 FBIS4-23029 0
449 0 FBIS4-23026 1
449 0 FBIS4-23027 0
449 0 FT941-3180 0
449 0 FBIS4-23024 1
449 0 FR940628-1-00004 0
449 0 FBIS4-23025 0
449 0 FBIS3-12849 0
449 0 LA052090-0079 0
449 0 FR940810-0-00019 1
449 0 FT941-10017 0
449 0 FBIS3-13962 0
449 0 FR940523-0-00033 0
449 0 FR940523-0-00036 0
449 0 FR940523-0-00037 0
449 0 FR940523-0-00038 0
449 0 FR940523-0-00039 0
449 0 LA121189-0102 0
449 0 FBIS3-60487 0
449 0 FBIS3-60 0
449 0 FBIS3-40467 1
449 0 LA042490-0142 0
449 0 FR940106-2-00052 0
449 0 FT932-5730 1
449 0 FR940822-0-00067 0
449 0 FR941202-2-00139 0
449 0 FT932-16160 0
449 0 FT943-1637 0
449 0 FBIS4-33295 0
449 0 FR940202-2-00101 0
449 0 FT942-7603 0
449 0 FT934-6703 0
449 0 FBIS4-7816 0
449 0 LA061389-0023 0
449 0 FR941107-2-00231 0
449 0 LA062590-0046 0
449 0 FR941107-2-00230 0
449 0 FR940523-0-00050 0
449 0 FT933-1413 0
449 0 LA031690-0116 0
449 0 FR941028-2-00216 0
449 0 LA022690-0121 0
449 0 FBIS3-22642 0
449 0 FR941206-1-00134 0
449 0 FT933-7438 1
449 0 FBIS3-20514 0
449 0 FBIS3-15266 0
449 0 LA030190-0139 0
449 0 LA050889-0049 1
449 0 FBIS4-23084 0
449 0 LA022689-0006 0
449 0 LA011690-0122 0
449 0 FBIS3-33855 0
449 0 FBIS3-59972 0
449 0 FBIS3-4466 0
449 0 FBIS3-3767 0
449 0 LA112690-0028 0
449 0 LA040390-0158 0
449 0 LA112690-0027 0
449 0 FBIS4-21207 0
449 0 FBIS3-61574 0
449 0 LA051590-0064 0
449 0 FT932-13841 0
449 0 FT922-12251 1
449 0 FT933-3241 0
449 0 FT942-16135 0
449 0 FBIS4-21217 0
449 0 LA052190-0106 0
449 0 FBIS4-19501 0
449 0 FT934-8065 0
449 0 FBIS4-31787 0
449 0 FT932-13550 0
449 0 LA010589-0194 0
449 0 FBIS3-55799 0
449 0 FT941-6150 0
449 0 FBIS3-22564 0
449 0 LA070489-0051 0
449 0 FBIS3-50580 1
449 0 LA013190-0001 0
449 0 FT922-7537 1
449 0 FR941128-2-00093 0
449 0 FBIS3-2317 0
449 0 FBIS3-6970 0
449 0 FBIS3-45005 0
449 0 FBIS3-41801 0
449 0 FT923-14971 0
449 0 FR940203-1-00069 0
449 0 FT944-2261 0
449 0 LA013090-0111 0
449 0 FT924-8306 0
449 0 FR941219-2-00042 0
449 0 FR940816-1-00103 0
449 0 LA052189-0102 0
449 0 FR940816-1-00102 0
449 0 LA071490-0118 0
449 0 FBIS4-21379 0
449 0 FR940819-0-00121 0
449 0 FT933-16128 0
449 0 FBIS4-21176 0
449 0 LA010189-0087 0
449 0 FBIS4-46649 0
449 0 LA111190-0179 0
449 0 FT933-5254 0
449 0 LA072789-0098 0
449 0 FBIS4-68893 0
449 0 FBIS3-22587 0
449 0 FR940314-1-00041 0
449 0 FR940617-1-00078 0
449 0 LA051189-0007 0
449 0 LA121589-0003 0
449 0 FT944-3523 0
449 0 FR940804-1-00057 0
449 0 FBIS3-11642 0
449 0 FBIS3-42980 0
449 0 FBIS3-56722 0
449 0 FBIS4-44 0
449 0 FT933-1397 0
449 0 FT943-7095 1
449 0 LA040590-0128 0
449 0 LA010790-0029 0
449 0 FR941213-0-00084 0
449 0 FT942-2461 0
449 0 FT942-6645 0
449 0 LA061390-0002 1
449 0 FR940505-1-00518 0
449 0 FT932-7744 0
449 0 FBIS3-22628 0
449 0 FBIS3-7668 0
449 0 FR941212-2-00064 0
449 0 FT944-18645 1
449 0 FBIS4-45376 0
449 0 FT932-7101 0
449 0 FBIS3-43166 0
449 0 FR940527-1-00162 0
449 0 FR940527-1-00165 0
449 0 LA052390-0176 0
449 0 FT942-14203 0
449 0 FBIS4-7 0
449 0 LA050389-0080 0
449 0 LA102589-0090 0
449 0 LA092490-0069 0
449 0 LA092290-0081 0
449 0 FBIS3-55829 0
449 0 FBIS4-68661 0
449 0 FT944-10375 0
449 0 LA060590-0014 0
449 0 FR940803-0-00042 0
449 0 FT944-13535 0
449 0 FBIS3-41666 0
449 0 FBIS3-41669 0
449 0 LA021789-0036 0
449 0 LA030690-0009 0
449 0 FBIS4-10748 0
449 0 FT923-6175 0
449 0 LA110690-0193 0
449 0 FT921-2018 1
449 0 FBIS4-61131 0
449 0 FR940527-2-00135 0
449 0 FBIS3-41670 0
449 0 FR941130-0-00122 0
449 0 FT922-13822 0
449 0 FBIS3-6197 0
449 0 LA062490-0039 0
449 0 FBIS3-20483 0
449 0 FBIS3-24331 0
449 0 LA011790-0145 0
449 0 FBIS3-24678 0
449 0 FR940831-1-00024 0
449 0 FBIS3-60535 0
449 0 FT943-677 0
449 0 FR940223-0-00054 0
449 0 FT943-3116 1
449 0 FT924-5307 1
449 0 FR940222-0-00026 0
449 0 LA011890-0085 0
449 0 FBIS3-11179 0
449 0 FR941019-2-00075 0
449 0 FT933-4161 0
449 0 FR941017-2-00051 0
449 0 FT933-9099 0
