443 0 LA052789-0048 0
443 0 FT944-14316 0
443 0 FBIS4-52159 0
443 0 FT933-673 0
443 0 FR941117-2-00158 0
443 0 FT943-10426 0
443 0 FBIS4-36959 0
443 0 LA091190-0124 0
443 0 LA121590-0055 0
443 0 FBIS3-3840 0
443 0 FBIS4-53281 0
443 0 FR940527-0-00059 0
443 0 LA050690-0146 0
443 0 FT932-3840 0
443 0 FBIS3-25606 0
443 0 FT921-13367 0
443 0 FT932-6262 0
443 0 FT943-9492 0
443 0 FT943-1679 0
443 0 FT941-4775 0
443 0 FBIS3-40497 0
443 0 LA022190-0070 0
443 0 LA091889-0088 0
443 0 FBIS3-3839 0
443 0 FBIS4-48821 0
443 0 FR940711-0-00072 0
443 0 FBIS4-20569 0
443 0 FBIS4-51313 0
443 0 FBIS4-66185 0
443 0 FT944-1642 0
443 0 FBIS4-18481 0
443 0 LA051289-0046 0
443 0 LA011489-0132 0
443 0 FR941230-0-00123 0
443 0 FT932-8817 1
443 0 FT923-3126 0
443 0 FBIS4-59617 0
443 0 FBIS4-895 0
443 0 FR940707-2-00077 0
443 0 FR941230-0-00120 0
443 0 FT911-1693 0
443 0 FR940627-2-00046 0
443 0 FT934-9476 0
443 0 FBIS4-1703 0
443 0 FBIS3-61336 0
443 0 FT933-16046 0
443 0 FBIS3-61335 0
443 0 FT941-12258 0
443 0 FBIS4-226 0
443 0 FT934-7478 0
443 0 FBIS4-48038 0
443 0 FT944-10975 0
443 0 FBIS4-36939 0
443 0 FBIS3-774 0
443 0 FT922-4457 0
443 0 FBIS4-1503 0
443 0 FBIS3-2647 0
443 0 LA021190-0178 1
443 0 FT932-1732 0
443 0 FBIS3-43485 1
443 0 FBIS3-27187 0
443 0 FR940617-0-00065 0
443 0 FR940224-2-00152 0
443 0 FR940224-2-00151 0
443 0 FT944-4970 1
443 0 FT944-18312 1
443 0 FR940224-2-00160 0
443 0 FT941-6850 0
443 0 FT932-6497 0
443 0 FBIS3-58 0
443 0 FT924-4787 0
443 0 LA120890-0057 0
443 0 FBIS3-2660 0
443 0 FT944-10180 1
443 0 LA011489-0011 0
443 0 FR940610-1-00080 0
443 0 FT921-8887 0
443 0 FBIS3-44241 0
443 0 FBIS3-783 0
443 0 FBIS3-3612 0
443 0 FT932-3831 0
443 0 LA122989-0100 0
443 0 LA021190-0069 0
443 0 FT941-10923 0
443 0 FR940725-2-00141 0
443 0 FBIS4-627 0
443 0 FBIS3-789 0
443 0 FT942-5996 1
443 0 FBIS4-34964 0
443 0 FBIS4-23317 0
443 0 FBIS4-13785 0
443 0 FBIS4-50011 0
443 0 FBIS4-48293 0
443 0 FBIS4-3998 1
443 0 FT933-1423 0
443 0 FBIS3-25470 0
443 0 FBIS3-200 0
443 0 FBIS4-24194 1
443 0 FBIS3-67 0
443 0 FBIS3-207 0
443 0 FR941202-2-00139 0
443 0 LA070889-0018 1
443 0 FBIS3-51938 0
443 0 FBIS4-1132 0
443 0 FT932-14714 0
443 0 FBIS3-43261 0
443 0 FBIS4-23597 0
443 0 FBIS3-2723 0
443 0 FT944-2690 0
443 0 LA061390-0154 0
443 0 FR940304-1-00143 0
443 0 FT941-3811 0
443 0 FBIS3-1369 0
443 0 FT942-802 0
443 0 FR941003-2-00149 0
443 0 FBIS3-43559 0
443 0 LA060590-0189 0
443 0 FBIS3-1509 0
443 0 LA032289-0112 1
443 0 LA122690-0062 0
443 0 FBIS3-43132 0
443 0 FT932-14432 0
443 0 FBIS3-43135 1
443 0 FBIS4-1341 0
443 0 FBIS4-50552 0
443 0 FBIS3-40450 0
443 0 FT942-5887 1
443 0 FBIS3-13844 0
443 0 FT934-6162 1
443 0 LA073090-0029 0
443 0 FT922-14214 0
443 0 FR941206-1-00134 0
443 0 FT943-13515 0
443 0 FBIS4-2788 0
443 0 LA051389-0125 0
443 0 FT934-16727 0
443 0 FT941-10902 1
443 0 FBIS3-629 0
443 0 FR941007-0-00038 0
443 0 FR940304-1-00130 0
443 0 FBIS4-24076 0
443 0 FR940728-1-00021 0
443 0 FT924-5594 0
443 0 FT933-3022 0
443 0 LA060789-0150 0
443 0 FBIS4-60618 0
443 0 LA060889-0154 0
443 0 FT924-6026 1
443 0 FBIS4-54007 0
443 0 FBIS3-1200 0
443 0 FBIS3-1246 0
443 0 FR940620-2-00080 0
443 0 FR941021-0-00072 0
443 0 FBIS3-730 0
443 0 FBIS4-48079 1
443 0 FBIS4-2895 0
443 0 FBIS4-27593 0
443 0 FT924-11109 0
443 0 FBIS3-24720 0
443 0 FR940304-1-00165 0
443 0 LA040890-0169 0
443 0 LA051190-0059 0
443 0 FT932-477 0
443 0 FT941-4190 1
443 0 FT944-17976 1
443 0 FT931-10997 0
443 0 FT943-36 0
443 0 LA042789-0136 1
443 0 FT932-1379 0
443 0 FT944-12720 0
443 0 LA070690-0030 0
443 0 FBIS4-23735 0
443 0 FBIS4-52566 0
443 0 FT944-17975 0
443 0 FBIS4-48087 0
443 0 FBIS4-51431 0
443 0 FBIS3-61562 0
443 0 FBIS4-66164 0
443 0 FBIS3-61089 0
443 0 FBIS4-48085 0
443 0 FT933-1136 1
443 0 FT922-466 0
443 0 FT941-5911 1
443 0 LA013090-0108 1
443 0 FR941012-2-00115 0
443 0 FR941012-2-00117 0
443 0 LA020990-0091 0
443 0 FT943-13 0
443 0 FT921-14694 0
443 0 FT932-11100 0
443 0 LA061890-0104 0
443 0 FBIS4-47629 0
443 0 LA060890-0014 0
443 0 LA102989-0073 0
443 0 LA101389-0048 0
443 0 FT944-17899 1
443 0 FT923-1945 0
443 0 FT934-15955 1
443 0 FT941-1464 0
443 0 LA121190-0111 0
443 0 FT934-2575 0
443 0 FBIS4-49106 0
443 0 FT942-11103 1
443 0 FBIS3-43189 1
443 0 FT942-11102 0
443 0 FT943-12701 1
443 0 FBIS3-43186 0
443 0 FBIS4-46649 0
443 0 FBIS4-47779 0
443 0 FBIS4-68893 0
443 0 LA022189-0021 0
443 0 LA112690-0061 0
443 0 FT933-5770 0
443 0 FR941003-2-00127 0
443 0 FT941-4265 1
443 0 LA050589-0098 0
443 0 FT911-3496 0
443 0 FR941003-2-00121 0
443 0 FBIS4-68880 0
443 0 FBIS4-36607 0
443 0 FT942-8659 1
443 0 FT942-8919 1
443 0 FT942-11404 0
443 0 FBIS3-1510 0
443 0 FBIS4-66382 0
443 0 FT931-9693 0
443 0 FBIS3-218 0
443 0 FBIS4-42 0
443 0 FBIS4-4287 0
443 0 FBIS4-47742 0
443 0 FT942-14986 1
443 0 FT933-5766 0
443 0 FT933-5769 0
443 0 FBIS4-68884 0
443 0 FBIS4-20504 0
443 0 FT944-3650 0
443 0 FBIS4-68885 0
443 0 FT933-5763 1
443 0 FT931-318 0
443 0 FT923-7350 0
443 0 FT933-5762 0
443 0 FT942-11344 1
443 0 FBIS4-24238 0
443 0 FBIS4-49232 0
443 0 FBIS4-68888 0
443 0 FT933-5761 1
443 0 FBIS4-48249 0
443 0 FR941003-2-00136 0
443 0 FBIS4-24046 0
443 0 FR941003-2-00135 0
443 0 LA071889-0120 0
443 0 FBIS4-48508 0
443 0 FR941003-2-00133 0
443 0 FBIS3-6532 0
443 0 FBIS4-53078 0
443 0 FT943-2143 1
443 0 FT943-15483 0
443 0 FBIS4-2298 0
443 0 FBIS3-52976 0
443 0 FT941-13157 0
443 0 FT933-3522 0
443 0 FT933-5759 0
443 0 FT943-7581 0
443 0 FBIS4-48241 0
443 0 FBIS3-26303 0
443 0 FBIS4-68874 0
443 0 FT942-11536 0
443 0 FBIS4-44192 0
443 0 FBIS4-19 0
443 0 FT941-15081 0
443 0 LA071790-0125 0
443 0 FT923-10905 0
443 0 FT944-4358 1
443 0 FBIS3-24653 0
443 0 FT933-1184 1
443 0 FBIS4-579 1
443 0 FT942-3435 0
443 0 FT933-11867 1
443 0 FBIS4-24511 0
443 0 FT924-10040 0
443 0 FT932-9373 1
443 0 FBIS4-23911 0
443 0 LA101189-0089 0
443 0 FBIS4-3322 0
443 0 FT943-4318 0
443 0 FBIS4-53862 0
443 0 LA080590-0260 0
443 0 FBIS4-55016 1
443 0 FBIS3-44273 0
443 0 FBIS4-23131 0
443 0 FBIS3-45053 0
443 0 FT943-3837 0
443 0 FT933-1187 1
443 0 FBIS4-1446 0
443 0 FBIS3-25131 0
443 0 FT943-192 0
443 0 FBIS3-1404 0
443 0 FR941130-0-00122 0
443 0 FBIS3-24469 0
443 0 FBIS4-59300 0
443 0 FBIS4-54091 0
443 0 FBIS4-68718 0
443 0 FBIS3-14832 0
443 0 FBIS4-22775 0
443 0 FT911-1070 0
443 0 FT921-712 0
443 0 FT943-13715 1
443 0 LA010189-0046 0
443 0 FT934-7746 0
443 0 FT943-13713 1
443 0 FT934-7745 0
443 0 FT932-12217 0
443 0 FBIS3-44689 0
443 0 FT941-392 0
443 0 FBIS3-42400 0
443 0 FT934-7742 0
443 0 FBIS4-52303 0
443 0 FT933-858 0
443 0 FT932-9794 0
443 0 FBIS3-60342 0
443 0 FBIS4-52853 0
443 0 LA021890-0095 0
443 0 FBIS3-25109 0
443 0 FBIS4-4189 0
443 0 FT933-12488 0
443 0 FBIS3-14573 0
443 0 FBIS4-52040 0
443 0 FT934-7735 1
443 0 FT934-7734 0
443 0 FBIS3-25317 0
443 0 FBIS4-68847 0
443 0 FT934-7739 0
443 0 LA030789-0060 0
443 0 FT934-7738 0
443 0 FT934-7737 1
443 0 FT943-16193 0
443 0 FBIS3-1424 0
443 0 FT933-1164 1
443 0 FT922-4427 0
443 0 FT944-2249 0
443 0 FT933-1169 1
443 0 FBIS3-462 0
443 0 FT942-7883 0
443 0 FBIS3-267 0
443 0 FBIS4-68836 0
443 0 FBIS4-23299 0
443 0 FBIS4-48744 0
443 0 FR940419-2-00049 0
443 0 FBIS4-48745 0
443 0 FT921-2391 0
443 0 LA100790-0049 0
443 0 FT942-3545 0
