428 0 FBIS3-44378 0
428 0 FR940413-2-00130 0
428 0 FT943-5357 1
428 0 LA020390-0106 0
428 0 FBIS4-47576 1
428 0 FT921-5791 0
428 0 LA030190-0110 0
428 0 FBIS3-59343 0
428 0 LA020889-0071 0
428 0 FBIS4-66172 0
428 0 LA062189-0133 0
428 0 FBIS4-50117 0
428 0 FBIS3-44370 0
428 0 FT924-11400 1
428 0 FBIS4-41106 0
428 0 FT931-13724 1
428 0 FBIS4-50258 0
428 0 LA090990-0090 1
428 0 FT941-12411 1
428 0 FR940104-0-00035 0
428 0 LA121089-0245 0
428 0 LA051589-0038 0
428 0 FBIS3-61443 1
428 0 FBIS3-29744 0
428 0 FBIS4-16662 1
428 0 FBIS4-66185 0
428 0 LA111789-0013 0
428 0 FT923-13628 1
428 0 LA092489-0020 0
428 0 LA060489-0113 0
428 0 LA032390-0087 0
428 0 FBIS4-44477 0
428 0 FBIS4-27910 0
428 0 LA061689-0077 0
428 0 LA020589-0130 0
428 0 FR941230-0-00120 0
428 0 LA051890-0168 0
428 0 LA010889-0121 0
428 0 FBIS3-2145 0
428 0 LA020689-0008 0
428 0 LA122790-0174 0
428 0 LA020189-0053 0
428 0 LA123189-0076 0
428 0 FBIS4-36743 0
428 0 LA092390-0194 0
428 0 FT942-6848 0
428 0 LA092889-0071 0
428 0 LA071990-0204 0
428 0 FT933-6994 0
428 0 FBIS4-22952 0
428 0 FT933-13206 0
428 0 LA020189-0108 0
428 0 LA123189-0126 0
428 0 FR940802-2-00068 0
428 0 FT943-808 0
428 0 FBIS3-40122 0
428 0 FT942-11052 0
428 0 LA051890-0017 0
428 0 FBIS3-3812 0
428 0 FT933-9850 0
428 0 FBIS4-47441 0
428 0 FBIS3-24618 0
428 0 FT931-892 1
428 0 FT941-9415 1
428 0 FBIS3-24619 0
428 0 FBIS3-27258 0
428 0 FBIS3-38995 0
428 0 FBIS3-24384 1
428 0 FBIS3-5084 0
428 0 LA082490-0107 0
428 0 FT943-6050 1
428 0 FBIS3-20434 0
428 0 FBIS4-46915 1
428 0 FT931-13113 0
428 0 FT921-10968 0
428 0 LA092990-0158 0
428 0 LA012690-0093 0
428 0 FT942-1376 1
428 0 FBIS3-67 0
428 0 FR940202-0-00079 0
428 0 FR941202-2-00139 0
428 0 FR940525-1-00087 0
428 0 FBIS4-66274 0
428 0 FBIS4-38757 0
428 0 FR940713-2-00046 0
428 0 FBIS3-25789 0
428 0 FT943-206 0
428 0 LA070390-0073 0
428 0 FT924-10640 1
428 0 FBIS3-26659 0
428 0 FBIS3-25790 0
428 0 FBIS3-26469 0
428 0 FBIS4-27210 1
428 0 FR941206-1-00134 0
428 0 FT922-5103 0
428 0 FT911-3399 1
428 0 FR940525-1-00071 0
428 0 FBIS3-1780 0
428 0 LA041390-0178 0
428 0 LA012489-0096 0
428 0 FBIS3-61092 1
428 0 FBIS3-59264 0
428 0 LA083090-0246 0
428 0 FT944-10934 0
428 0 FBIS4-32115 0
428 0 FBIS3-45396 0
428 0 FBIS3-4196 0
428 0 FBIS3-4470 0
428 0 FT943-9226 1
428 0 FBIS4-25719 0
428 0 FBIS4-1755 0
428 0 FBIS3-45482 0
428 0 LA013190-0096 0
428 0 FT941-16778 1
428 0 FT921-4008 0
428 0 LA010689-0131 0
428 0 FBIS4-62081 1
428 0 FBIS3-37947 0
428 0 LA020489-0136 0
428 0 FBIS3-61368 1
428 0 FBIS4-44523 0
428 0 LA021089-0136 0
428 0 FBIS3-29328 0
428 0 LA051090-0213 0
428 0 FBIS4-24848 0
428 0 FT924-15737 0
428 0 FBIS4-44525 0
428 0 FT922-14628 0
428 0 FBIS4-46469 0
428 0 FT931-3052 0
428 0 FT941-5916 0
428 0 FBIS4-5423 1
428 0 FBIS4-68624 1
428 0 FT923-383 0
428 0 FBIS4-25736 0
428 0 FBIS4-51440 0
428 0 LA101389-0149 0
428 0 FBIS3-15982 1
428 0 FBIS4-22220 0
428 0 FBIS4-22416 1
428 0 FBIS4-1797 0
428 0 FBIS4-66511 1
428 0 LA053190-0091 0
428 0 FBIS3-44567 0
428 0 FBIS4-65670 1
428 0 FBIS4-16198 1
428 0 FBIS4-29208 1
428 0 FBIS4-51839 1
428 0 LA021190-0104 0
428 0 FT933-7393 1
428 0 FBIS3-3671 0
428 0 FT941-9688 1
428 0 LA011389-0149 0
428 0 FT922-10401 1
428 0 LA030990-0060 0
428 0 FBIS4-46649 0
428 0 FBIS3-1737 0
428 0 FBIS4-22429 1
428 0 FT932-3141 1
428 0 FBIS3-46698 1
428 0 FT911-3495 0
428 0 FBIS3-11397 1
428 0 FBIS4-68893 0
428 0 FBIS4-22421 0
428 0 FBIS4-25827 0
428 0 FT933-2679 0
428 0 FBIS3-43075 1
428 0 FT943-6526 0
428 0 LA101690-0145 0
428 0 FBIS4-66212 0
428 0 FBIS3-40329 0
428 0 FT923-14435 0
428 0 LA092689-0119 0
428 0 FBIS4-66382 0
428 0 FT943-4010 0
428 0 FT942-12119 0
428 0 FBIS3-1655 0
428 0 FR940208-0-00081 0
428 0 FBIS4-3960 1
428 0 FBIS3-24191 1
428 0 FBIS4-20472 0
428 0 FBIS3-47040 1
428 0 FBIS3-3284 0
428 0 LA072789-0079 0
428 0 FBIS4-51098 0
428 0 FBIS3-44438 0
428 0 FT931-1806 1
428 0 FBIS3-42726 0
428 0 LA030989-0168 0
428 0 FBIS4-47142 0
428 0 FT944-8993 0
428 0 FT934-12742 1
428 0 FBIS4-47143 1
428 0 LA012290-0039 0
428 0 FBIS3-41666 0
428 0 FBIS3-44465 0
428 0 LA012989-0054 0
428 0 FBIS4-29 0
428 0 FT943-11076 1
428 0 FBIS3-27595 0
428 0 FBIS4-46813 0
428 0 FBIS4-2320 0
428 0 FBIS3-24133 1
428 0 LA012289-0002 0
428 0 FT942-1951 0
428 0 FT943-8321 1
428 0 LA122189-0023 0
428 0 FBIS4-2319 0
428 0 LA050990-0047 0
428 0 FBIS4-38972 1
428 0 LA120190-0116 0
428 0 FBIS3-42811 1
428 0 FBIS4-2317 0
428 0 FBIS3-40801 0
428 0 FBIS3-2020 0
428 0 FBIS3-24330 1
428 0 FBIS3-44992 0
428 0 FBIS4-3704 0
428 0 LA110689-0045 0
428 0 FBIS4-67662 0
428 0 FBIS3-27464 0
428 0 FBIS3-60342 0
428 0 LA110590-0048 0
428 0 FT931-12510 0
428 0 FBIS4-47098 1
428 0 FBIS3-12001 1
428 0 LA061789-0049 0
428 0 FBIS4-3114 0
428 0 FT944-10671 0
428 0 FBIS3-20994 0
428 0 LA043089-0062 1
428 0 FBIS4-22542 0
428 0 LA010989-0031 0
428 0 LA092290-0091 0
428 0 LA021190-0122 0
428 0 FBIS4-46831 1
428 0 LA092889-0213 0
428 0 FBIS3-57782 0
428 0 FBIS4-67388 0
428 0 FT911-4795 0
428 0 FBIS4-50768 0
428 0 FBIS3-24680 0
428 0 FBIS3-45925 0
428 0 FT943-4802 1
428 0 LA100790-0049 0
428 0 FBIS4-26668 0
