406 0 FBIS3-41744 0
406 0 LA091489-0042 0
406 0 LA052589-0194 0
406 0 FBIS3-29 0
406 0 LA082290-0120 0
406 0 LA072690-0178 0
406 0 FR941012-0-00028 0
406 0 LA061890-0044 0
406 0 FT933-12072 0
406 0 FT923-10037 0
406 0 LA092690-0153 0
406 0 FR940202-2-00097 0
406 0 FBIS4-47591 0
406 0 FT931-8050 0
406 0 LA080489-0045 1
406 0 FBIS3-35 0
406 0 FR940104-0-00034 0
406 0 FR941003-2-00054 0
406 0 LA010189-0001 0
406 0 LA010189-0002 0
406 0 LA052790-0101 0
406 0 LA081889-0061 0
406 0 FT922-2251 0
406 0 LA101689-0055 0
406 0 LA111590-0227 0
406 0 LA041289-0054 0
406 0 LA040990-0066 0
406 0 LA030390-0089 0
406 0 FR940603-0-00048 0
406 0 FT943-9853 0
406 0 FT924-14163 0
406 0 FT924-4773 0
406 0 FBIS3-2148 0
406 0 FR941027-1-00030 0
406 0 FBIS3-59779 0
406 0 LA121489-0170 0
406 0 LA010990-0174 0
406 0 FT933-6719 0
406 0 FT943-10157 0
406 0 LA072789-0007 0
406 0 FT943-760 0
406 0 LA052189-0154 0
406 0 FR940110-0-00028 0
406 0 FBIS3-22509 0
406 0 FT941-879 0
406 0 FBIS3-22105 0
406 0 LA081389-0044 0
406 0 FT931-10954 0
406 0 FR940110-0-00035 0
406 0 FBIS3-889 0
406 0 FR940817-2-00074 0
406 0 FT941-10017 0
406 0 FR940405-1-00041 0
406 0 LA091390-0213 0
406 0 LA060589-0049 0
406 0 FT923-11693 0
406 0 FT924-1386 0
406 0 LA112189-0021 0
406 0 FR941107-2-00227 0
406 0 LA091990-0010 1
406 0 LA081990-0064 0
406 0 FR940826-1-00045 0
406 0 LA021890-0038 0
406 0 FBIS4-44913 0
406 0 FR940513-2-00099 0
406 0 FT941-14263 0
406 0 FR940513-2-00098 0
406 0 LA041790-0031 0
406 0 FT933-5690 1
406 0 FR940525-1-00082 0
406 0 FT932-7482 0
406 0 LA042889-0146 0
406 0 LA120789-0006 0
406 0 FT923-8974 0
406 0 FBIS4-51932 0
406 0 FR941028-2-00218 0
406 0 FR941206-1-00134 0
406 0 LA020589-0173 0
406 0 LA111689-0161 0
406 0 FR940602-1-00023 0
406 0 FT932-17115 0
406 0 LA042490-0162 0
406 0 FT941-15524 0
406 0 LA110790-0028 0
406 0 LA082889-0040 0
406 0 LA101689-0105 0
406 0 FT923-6864 0
406 0 LA092589-0071 0
406 0 LA030890-0003 0
406 0 FT942-10254 0
406 0 FR940603-1-00006 0
406 0 FBIS3-61574 0
406 0 FBIS3-22658 0
406 0 LA071690-0096 0
406 0 FT933-3241 0
406 0 FR940719-2-00089 0
406 0 LA122289-0051 0
406 0 LA101289-0111 0
406 0 FBIS4-46469 0
406 0 FT931-4253 0
406 0 LA051790-0095 1
406 0 LA121189-0042 0
406 0 FR941212-1-00021 0
406 0 LA091390-0084 0
406 0 FR940126-2-00108 0
406 0 FT922-7537 0
406 0 FT931-2434 0
406 0 FT944-10002 0
406 0 FBIS3-41803 0
406 0 FR940126-2-00100 0
406 0 LA120389-0001 0
406 0 LA010190-0023 0
406 0 FT941-10331 0
406 0 FR940527-1-00032 0
406 0 FR940203-1-00069 0
406 0 LA010190-0022 0
406 0 FT932-7262 1
406 0 LA010190-0021 0
406 0 FR941021-0-00208 0
406 0 FT923-11350 0
406 0 FR940516-2-00155 0
406 0 LA091790-0084 0
406 0 FT921-10933 0
406 0 LA010189-0087 0
406 0 FBIS4-46649 0
406 0 LA040989-0094 0
406 0 LA032389-0106 0
406 0 FBIS3-60517 0
406 0 FR940817-2-00258 0
406 0 FBIS3-43072 0
406 0 FT943-15332 0
406 0 LA110289-0120 0
406 0 FT922-1565 0
406 0 FR941117-0-00147 0
406 0 FT922-715 0
406 0 FR940706-2-00080 0
406 0 LA061889-0114 0
406 0 LA121789-0114 1
406 0 LA111590-0173 0
406 0 LA090789-0051 0
406 0 FR940525-1-00058 0
406 0 FBIS4-37660 0
406 0 LA011590-0097 0
406 0 LA102890-0062 1
406 0 LA011590-0099 1
406 0 FBIS3-22575 0
406 0 FBIS4-20472 0
406 0 FR940817-2-00270 0
406 0 FBIS3-22571 0
406 0 LA031089-0169 0
406 0 FT933-831 0
406 0 FBIS3-22526 0
406 0 FT921-10268 0
406 0 LA092490-0069 0
406 0 LA040490-0027 0
406 0 FT944-18773 0
406 0 FBIS3-1674 0
406 0 FR941028-2-00172 0
406 0 LA081290-0070 0
406 0 FBIS3-60409 0
406 0 LA011290-0023 0
406 0 FBIS3-41666 0
406 0 LA030890-0166 0
406 0 FBIS4-26676 0
406 0 FBIS3-60562 0
406 0 FBIS3-42716 0
406 0 LA072289-0145 0
406 0 FR941130-0-00122 0
406 0 FR941028-2-00164 0
406 0 FBIS4-20450 0
406 0 FBIS3-54380 0
406 0 LA120489-0008 0
406 0 LA010189-0044 0
406 0 LA122589-0047 0
406 0 FBIS3-5103 0
406 0 LA111290-0010 0
406 0 FBIS3-24331 0
406 0 FBIS4-67660 1
406 0 FBIS4-67599 0
406 0 LA111589-0149 0
406 0 FBIS4-52045 0
406 0 FT922-7420 0
406 0 FR940817-2-00221 0
406 0 LA040590-0065 0
406 0 FR940817-2-00220 0
406 0 LA010189-0058 0
406 0 FBIS4-20645 0
406 0 FT922-4560 0
406 0 FT931-12903 0
406 0 FBIS4-2251 0
406 0 LA041889-0082 0
406 0 FR941028-2-00182 0
406 0 LA051190-0179 0
406 0 FR941028-2-00180 0
406 0 FT934-4504 0
406 0 LA040190-0221 0
406 0 FT924-12563 0
406 0 FR941122-1-00086 0
406 0 FR941028-2-00183 0
406 0 FR941028-2-00188 0
406 0 FR941122-1-00081 0
406 0 LA101090-0147 0
406 0 LA101090-0146 0
406 0 FBIS4-52037 0
406 0 FT942-16750 0
406 0 FT943-1002 0
406 0 LA072490-0177 0
406 0 FT932-11075 0
