416 0 FBIS4-44408 0
416 0 FR940414-1-00069 0
416 0 FBIS3-23 0
416 0 FR940413-2-00130 0
416 0 FBIS3-40206 0
416 0 FBIS3-29 0
416 0 FBIS3-45816 1
416 0 FR940516-2-00143 0
416 0 FBIS3-41535 0
416 0 LA010189-0071 0
416 0 FBIS3-45089 0
416 0 FBIS3-26359 0
416 0 FBIS3-44834 0
416 0 FR941116-1-00018 0
416 0 FBIS3-45088 0
416 0 FBIS4-1627 0
416 0 FBIS4-3922 0
416 0 FBIS4-49583 0
416 0 FBIS3-1844 0
416 0 FBIS3-1746 0
416 0 FBIS4-49586 0
416 0 LA101490-0082 0
416 0 FBIS3-1745 0
416 0 FBIS4-47629 1
416 0 FBIS3-1846 0
416 0 FBIS3-2324 0
416 0 FBIS3-30 0
416 0 FBIS3-40497 0
416 0 FBIS3-21351 0
416 0 FR940825-1-00042 0
416 0 FT921-3244 1
416 0 FBIS3-4089 1
416 0 FBIS3-20616 1
416 0 FBIS3-20611 0
416 0 FR940516-2-00157 0
416 0 FBIS4-3217 1
416 0 FBIS3-20612 0
416 0 FBIS4-2026 1
416 0 FBIS3-20613 0
416 0 FR940214-2-00165 0
416 0 FBIS3-20614 0
416 0 FBIS4-66185 1
416 0 FBIS4-49091 1
416 0 FR940203-0-00084 0
416 0 FBIS3-43186 0
416 0 FBIS3-20490 0
416 0 FBIS3-40388 0
416 0 FBIS3-20608 0
416 0 FR941006-2-00164 0
416 0 LA010190-0019 0
416 0 FBIS4-44584 0
416 0 FBIS3-13309 0
416 0 FBIS3-43027 0
416 0 FBIS4-44585 0
416 0 FBIS4-44586 1
416 0 FBIS4-51254 0
416 0 FBIS3-44550 0
416 0 FBIS3-44551 1
416 0 FT944-2817 0
416 0 FR940503-2-00116 0
416 0 FBIS3-3722 0
416 0 FBIS4-1843 0
416 0 FR940627-2-00049 0
416 0 FR940112-2-00063 0
416 0 FR941026-2-00018 0
416 0 FBIS3-45 0
416 0 FR940414-1-00087 0
416 0 FBIS3-60283 0
416 0 FBIS4-49923 0
416 0 FBIS4-25820 0
416 0 FR941212-2-00057 0
416 0 FBIS4-66382 0
416 0 FBIS4-42 0
416 0 FBIS4-3734 0
416 0 LA010389-0019 0
416 0 FBIS3-2345 0
416 0 FBIS4-44553 0
416 0 FBIS4-44554 1
416 0 FBIS4-20504 0
416 0 FBIS3-42989 0
416 0 FBIS4-44552 0
416 0 FBIS3-3776 0
416 0 FBIS3-46069 0
416 0 FBIS3-3711 0
416 0 FBIS3-26920 0
416 0 FBIS4-45041 0
416 0 FBIS3-2047 0
416 0 FR940617-2-00233 0
416 0 FR941007-2-00050 0
416 0 FT941-12860 1
416 0 FBIS4-3239 0
416 0 FBIS3-25805 0
416 0 FBIS3-8352 0
416 0 FBIS3-3491 0
416 0 FR940527-2-00205 0
416 0 FR940902-1-00048 0
416 0 FBIS3-1991 0
416 0 FBIS3-12771 0
416 0 FBIS4-20472 0
416 0 FT924-4122 0
416 0 FR941007-1-00016 0
416 0 FBIS3-14336 0
416 0 FBIS3-41975 0
416 0 FBIS3-1661 0
416 0 FBIS4-19 0
416 0 FBIS3-1580 0
416 0 FBIS3-46007 0
416 0 FBIS3-45857 1
416 0 FBIS3-46009 1
416 0 FBIS3-46008 0
416 0 FT941-12849 1
416 0 FBIS3-3555 0
416 0 FBIS3-59308 0
416 0 FBIS3-45852 0
416 0 FBIS3-20660 1
416 0 FBIS3-24653 0
416 0 FBIS3-1990 0
416 0 LA101090-0118 0
416 0 FR940418-2-00054 0
416 0 FBIS3-20873 0
416 0 FBIS3-76 0
416 0 FBIS3-1677 0
416 0 FBIS3-46276 1
416 0 FBIS4-26018 0
416 0 FBIS4-1561 1
416 0 FBIS4-67533 0
416 0 FBIS3-41666 0
416 0 FT932-7110 1
416 0 FBIS4-44536 0
416 0 LA102790-0119 0
416 0 FBIS4-48928 0
416 0 FT932-2190 0
416 0 LA010290-0089 0
416 0 FT911-3436 0
416 0 FT934-9356 0
416 0 FT911-3434 1
416 0 FBIS3-3877 1
416 0 FBIS3-26655 1
416 0 FBIS3-27594 0
416 0 FR940727-0-00132 0
416 0 LA112590-0107 0
416 0 FBIS3-43132 0
416 0 FT933-16365 0
416 0 FBIS3-20657 0
416 0 FBIS4-22152 0
416 0 FBIS4-23131 0
416 0 FBIS3-40450 0
416 0 FBIS3-45658 1
416 0 FR941206-1-00134 0
416 0 FBIS3-22310 0
416 0 FBIS4-66355 1
416 0 FR940630-2-00172 0
416 0 FR940606-1-00034 0
416 0 FBIS4-66352 0
416 0 FT922-14835 1
416 0 FBIS3-9874 0
416 0 FBIS4-23084 0
416 0 FBIS3-41570 0
416 0 FT941-3358 0
416 0 FR940712-2-00039 0
416 0 FT921-1783 1
416 0 FBIS4-1745 0
416 0 FT922-14361 1
416 0 FR941021-2-00051 0
416 0 FBIS3-2102 0
416 0 FR940503-2-00156 0
416 0 FBIS3-8050 0
416 0 FBIS3-2397 0
416 0 FR940413-2-00078 0
416 0 FT944-2851 0
416 0 FBIS3-26239 0
416 0 FBIS4-26989 0
416 0 FBIS3-3047 0
416 0 LA031989-0066 0
416 0 FR941031-2-00055 0
416 0 FBIS3-23011 0
416 0 FBIS3-11 0
416 0 FR940831-2-00177 0
416 0 FBIS3-2602 0
416 0 FBIS3-1756 0
416 0 FBIS4-68445 0
416 0 FBIS4-11524 1
416 0 FR940526-2-00144 0
416 0 FBIS4-50715 0
416 0 FBIS3-45205 0
416 0 FBIS3-20607 0
416 0 FBIS3-3551 0
416 0 FBIS3-20606 1
416 0 FBIS4-23114 0
416 0 FBIS3-2816 0
416 0 FBIS3-2092 0
416 0 FBIS3-2817 0
