439 0 FR940802-2-00072 0
439 0 FR941230-0-00119 0
439 0 FR941006-2-00208 0
439 0 FBIS3-23 0
439 0 FBIS3-59752 0
439 0 FR940804-0-00029 0
439 0 LA092989-0114 0
439 0 FBIS4-22932 0
439 0 FT943-6184 1
439 0 FR940224-2-00034 0
439 0 FT942-14635 1
439 0 FBIS3-24648 1
439 0 FBIS3-45081 0
439 0 FT921-8725 0
439 0 FR940930-1-00020 0
439 0 LA083090-0275 0
439 0 FR941006-0-00042 0
439 0 LA041789-0097 0
439 0 FR941006-0-00051 0
439 0 LA101089-0095 0
439 0 FBIS3-35 1
439 0 FR940104-0-00034 0
439 0 FBIS3-48382 0
439 0 FBIS3-48381 0
439 0 LA030190-0200 0
439 0 FBIS4-20560 0
439 0 FBIS4-3214 1
439 0 FT932-15955 0
439 0 FBIS3-17021 0
439 0 FBIS4-66185 0
439 0 FBIS4-10117 0
439 0 FBIS3-40388 0
439 0 FR941116-2-00055 1
439 0 FBIS4-23040 0
439 0 FR940706-2-00016 1
439 0 LA110790-0100 0
439 0 FT942-10936 0
439 0 FR941230-0-00123 0
439 0 LA061090-0142 0
439 0 FBIS4-50312 0
439 0 FBIS4-66312 0
439 0 FR941006-0-00056 0
439 0 FR941230-0-00120 0
439 0 FBIS4-1843 0
439 0 LA050790-0015 0
439 0 FBIS3-59779 0
439 0 FBIS4-49929 0
439 0 FBIS3-26782 0
439 0 FR940816-2-00071 1
439 0 FBIS4-23037 0
439 0 FBIS4-23038 0
439 0 FBIS4-23039 0
439 0 FT931-13888 1
439 0 FT933-12181 0
439 0 FR941003-1-00040 0
439 0 FBIS3-36337 0
439 0 FR941116-2-00047 0
439 0 FBIS4-44698 0
439 0 FBIS3-48691 0
439 0 FBIS3-27248 0
439 0 FT911-200 1
439 0 LA102190-0203 0
439 0 FBIS4-5471 0
439 0 FT922-16 0
439 0 FR940118-1-00026 0
439 0 FBIS4-49835 0
439 0 FT942-11282 1
439 0 FBIS3-2362 0
439 0 LA051689-0022 0
439 0 FBIS3-2363 0
439 0 FBIS3-58 0
439 0 LA102089-0100 0
439 0 FR941003-1-00050 0
439 0 FBIS4-47444 1
439 0 FT934-8712 0
439 0 FT934-7996 0
439 0 FR940318-2-00019 0
439 0 FT941-4891 0
439 0 FT931-1310 1
439 0 FBIS3-6487 0
439 0 LA100990-0063 0
439 0 FR940318-2-00021 0
439 0 FT921-5737 0
439 0 FR940318-2-00020 0
439 0 FT923-14018 0
439 0 FR940207-2-00013 0
439 0 LA100589-0058 0
439 0 LA102190-0213 0
439 0 FBIS3-2359 0
439 0 LA081489-0061 0
439 0 FT932-13316 0
439 0 FR940419-2-00015 1
439 0 FBIS4-57948 0
439 0 FT921-8219 0
439 0 FR941202-2-00139 0
439 0 FBIS4-25449 0
439 0 LA011589-0005 0
439 0 FBIS3-24601 0
439 0 FR941121-2-00083 1
439 0 LA111590-0114 0
439 0 FT922-10124 0
439 0 FT934-7162 0
439 0 LA011789-0140 0
439 0 FBIS3-26454 0
439 0 LA021390-0018 0
439 0 FBIS4-67533 0
439 0 FBIS3-40457 0
439 0 FBIS4-40212 0
439 0 FBIS4-49855 0
439 0 FR941206-1-00134 0
439 0 LA121789-0164 0
439 0 FBIS3-1780 0
439 0 FT932-15680 0
439 0 FBIS3-23670 1
439 0 FT941-12563 0
439 0 FR940419-2-00037 0
439 0 FBIS4-56358 0
439 0 FT922-3221 0
439 0 FR940621-2-00002 1
439 0 LA012389-0075 0
439 0 FT934-703 1
439 0 FR940822-2-00146 0
439 0 FBIS4-51935 0
439 0 FR940204-2-00117 1
439 0 FR940204-2-00115 1
439 0 FBIS4-49077 0
439 0 FR940204-2-00116 1
439 0 FR940204-2-00114 1
439 0 LA091290-0127 0
439 0 FBIS3-23862 0
439 0 LA010689-0131 0
439 0 LA100990-0018 0
439 0 FR940719-2-00089 0
439 0 FBIS3-37947 0
439 0 LA090290-0118 0
439 0 FT943-2522 0
439 0 FR940916-2-00059 1
439 0 FBIS4-6591 0
439 0 FR941222-2-00056 0
439 0 FBIS3-33359 0
439 0 LA011589-0012 0
439 0 FR941222-2-00058 1
439 0 LA011589-0013 0
439 0 FT943-9903 0
439 0 FR940419-2-00018 1
439 0 FR940930-1-00019 0
439 0 FR940419-2-00017 1
439 0 FR940419-2-00016 1
439 0 FBIS4-67729 0
439 0 FBIS4-46660 0
439 0 FBIS4-46469 0
439 0 LA022389-0081 0
439 0 FBIS3-5825 0
439 0 FT934-5497 0
439 0 FR940425-2-00076 0
439 0 FBIS3-23562 0
439 0 FT922-10035 0
439 0 FBIS3-23809 0
439 0 LA051090-0170 0
439 0 FBIS4-3045 0
439 0 FR940805-2-00088 0
439 0 FT933-12847 0
439 0 LA090189-0145 0
439 0 FBIS3-21180 0
439 0 FT944-6926 0
439 0 FR940606-0-00014 0
439 0 FR940606-0-00015 0
439 0 FT934-8392 0
439 0 FR940606-0-00017 0
439 0 FR940606-0-00012 0
439 0 FBIS3-35702 0
439 0 FR940606-0-00013 0
439 0 FT922-6287 0
439 0 FR941219-2-00042 0
439 0 FBIS3-26693 0
439 0 FR940620-2-00007 0
439 0 LA010890-0028 0
439 0 FBIS3-60251 1
439 0 FBIS3-21193 0
439 0 FR940429-2-00016 0
439 0 FBIS3-37997 0
439 0 FBIS4-46649 0
439 0 FT944-636 0
439 0 FR941028-2-00121 1
439 0 FT924-14355 0
439 0 FR940516-2-00024 0
439 0 FT923-7988 0
439 0 FT923-12432 0
439 0 FT922-715 0
439 0 LA110589-0171 0
439 0 LA112990-0139 0
439 0 FR940810-2-00023 1
439 0 FT924-3711 0
439 0 FR940810-2-00022 1
439 0 FR940810-2-00025 1
439 0 FR940810-2-00024 1
439 0 FT944-17394 0
439 0 LA112090-0153 0
439 0 FBIS3-60376 0
439 0 FT922-3281 1
439 0 FT944-18649 0
439 0 FBIS4-27236 0
439 0 LA042590-0152 0
439 0 FT943-11292 0
439 0 FR940527-1-00162 0
439 0 FBIS4-20472 0
439 0 FT941-15295 0
439 0 FT934-15314 0
439 0 FT924-6995 0
439 0 FBIS4-54324 0
439 0 FBIS4-26002 0
439 0 FR940324-1-00022 0
439 0 FBIS4-19 0
439 0 FBIS3-24552 0
439 0 FBIS3-1580 0
439 0 FT921-7998 0
439 0 FT942-7292 0
439 0 FBIS3-40651 0
439 0 LA122589-0068 0
439 0 FR940125-2-00002 0
439 0 LA112890-0139 0
439 0 FBIS3-24653 0
439 0 FBIS4-20717 0
439 0 FBIS4-25256 0
439 0 FT933-1183 0
439 0 LA120689-0108 0
439 0 FBIS3-41666 0
439 0 FBIS3-41079 0
439 0 FR940628-1-00044 0
439 0 FBIS4-26677 0
439 0 FT922-13818 0
439 0 LA071889-0094 0
439 0 FT942-10037 0
439 0 FBIS4-22970 0
439 0 LA013090-0159 0
439 0 FR941028-2-00022 1
439 0 FBIS4-2320 0
439 0 FBIS3-32208 0
439 0 FBIS3-43085 0
439 0 FBIS4-51491 0
439 0 FBIS3-50618 0
439 0 FR940527-2-00135 0
439 0 LA020190-0053 0
439 0 FBIS3-3965 0
439 0 FR941130-0-00122 0
439 0 FBIS3-24469 0
439 0 FBIS4-25248 0
439 0 LA100189-0175 0
439 0 FBIS3-3573 0
439 0 FBIS3-22315 0
439 0 FBIS3-21150 1
439 0 FBIS3-42509 0
439 0 FT922-11195 0
439 0 FR941003-1-00035 0
439 0 FR941028-2-00014 1
439 0 FR940127-2-00017 0
439 0 FR940104-2-00012 0
439 0 FBIS3-42400 0
439 0 FR941003-1-00039 0
439 0 LA062689-0033 0
439 0 FBIS4-28316 1
439 0 FT943-14973 0
439 0 FBIS3-60342 0
439 0 FBIS3-3531 0
439 0 FBIS3-40678 0
439 0 FBIS3-27972 0
439 0 FBIS3-46291 0
439 0 FR940627-2-00080 0
439 0 FBIS3-5944 0
439 0 FT942-288 0
439 0 FR941006-0-00074 0
439 0 FT923-5533 0
439 0 FR940223-0-00054 0
439 0 FR940627-2-00086 1
439 0 FT932-17368 0
439 0 FR940104-2-00021 1
439 0 FR940104-2-00020 1
439 0 FT932-6180 0
439 0 FBIS3-60336 0
439 0 FBIS4-68445 0
439 0 FR941003-1-00028 0
439 0 LA041889-0085 0
439 0 FT932-17361 0
439 0 FT924-13568 0
439 0 FT941-6376 0
439 0 FR940405-2-00006 1
439 0 FR941212-1-00037 0
439 0 FR941212-1-00038 0
439 0 FBIS4-23114 0
439 0 FT921-13189 0
439 0 FR940627-2-00079 0
439 0 LA010990-0070 0
439 0 FR940627-2-00076 0
439 0 FR940627-2-00078 0
439 0 FR940627-2-00077 0
