408 0 FT923-3529 0
408 0 FR941230-0-00119 0
408 0 FR940413-2-00130 0
408 0 LA100789-0097 0
408 0 FR940902-1-00008 0
408 0 FR940906-2-00093 1
408 0 LA071389-0103 0
408 0 LA010489-0123 0
408 0 FT933-6566 0
408 0 FR941230-2-00036 0
408 0 LA050690-0148 0
408 0 FBIS3-38494 0
408 0 FT923-6455 1
408 0 FBIS4-57693 0
408 0 FT923-1747 1
408 0 FT921-409 0
408 0 LA080189-0042 0
408 0 FT922-14245 0
408 0 LA082189-0033 0
408 0 FT924-11804 0
408 0 FBIS3-40497 0
408 0 FBIS3-2971 0
408 0 LA101490-0142 1
408 0 LA081389-0023 0
408 0 LA091989-0139 1
408 0 FT933-6576 0
408 0 FBIS4-66185 0
408 0 FT943-2749 0
408 0 LA091990-0146 1
408 0 FT933-12493 0
408 0 LA092789-0093 1
408 0 FR941230-0-00123 0
408 0 LA062989-0112 1
408 0 FT933-5307 1
408 0 FR940722-1-00033 0
408 0 FT931-8471 0
408 0 LA082389-0064 0
408 0 FT924-83 0
408 0 LA080289-0005 0
408 0 FBIS4-27728 0
408 0 FR940603-1-00143 0
408 0 FR940202-0-00092 0
408 0 FT931-3325 0
408 0 FBIS4-45041 0
408 0 FR940603-1-00133 0
408 0 LA083090-0002 1
408 0 LA012690-0040 0
408 0 FT933-14801 0
408 0 LA022090-0115 0
408 0 LA103190-0052 0
408 0 LA082690-0108 1
408 0 LA072990-0060 0
408 0 LA082990-0118 0
408 0 FT923-6110 1
408 0 FBIS4-45749 0
408 0 LA022090-0108 0
408 0 LA021690-0167 0
408 0 FT941-9352 0
408 0 LA091189-0051 1
408 0 FR941202-2-00139 0
408 0 FBIS4-44913 0
408 0 FBIS4-44914 0
408 0 FT944-16873 0
408 0 LA101790-0020 0
408 0 LA101289-0148 1
408 0 FBIS4-67533 1
408 0 FBIS4-68275 0
408 0 FT942-11667 1
408 0 FT931-16377 0
408 0 FBIS3-42399 0
408 0 FR941207-2-00068 0
408 0 LA082889-0052 0
408 0 FBIS3-39682 0
408 0 FR940812-2-00217 1
408 0 FT943-2257 0
408 0 LA081590-0093 0
408 0 FT941-15636 0
408 0 FR940603-1-00209 0
408 0 FR940317-1-00121 0
408 0 LA092390-0028 1
408 0 FR940523-0-00055 0
408 0 LA091890-0044 0
408 0 LA123190-0042 0
408 0 FT931-7520 0
408 0 FT922-2927 0
408 0 LA101489-0074 0
408 0 LA022290-0135 0
408 0 FBIS4-59076 0
408 0 LA062290-0070 0
408 0 LA020289-0156 0
408 0 FR940323-0-00102 0
408 0 FR940803-2-00061 0
408 0 FBIS3-34726 0
408 0 FT944-5569 0
408 0 FT933-13671 0
408 0 FR940728-2-00131 1
408 0 FT931-16398 0
408 0 FR940728-2-00132 1
408 0 LA101390-0102 1
408 0 LA120389-0240 0
408 0 LA022790-0102 0
408 0 FT923-8862 0
408 0 LA010190-0081 0
408 0 FBIS4-25977 1
408 0 LA112190-0043 0
408 0 LA102090-0035 0
408 0 LA123190-0063 0
408 0 FR940728-2-00129 1
408 0 FBIS4-46469 0
408 0 LA100790-0144 0
408 0 LA011890-0193 0
408 0 FR941212-0-00124 0
408 0 LA100890-0072 1
408 0 FT911-396 1
408 0 LA070589-0091 0
408 0 LA091789-0200 1
408 0 FT932-9724 0
408 0 FBIS3-3258 0
408 0 FT911-124 1
408 0 LA101290-0181 0
408 0 FR940831-2-00107 0
408 0 FT923-5835 0
408 0 LA112790-0073 0
408 0 FBIS4-46649 0
408 0 LA100289-0005 1
408 0 LA101589-0180 0
408 0 LA100590-0178 1
408 0 FBIS4-68893 0
408 0 LA010589-0160 0
408 0 LA030989-0189 0
408 0 LA123090-0150 0
408 0 FBIS4-25610 1
408 0 FT923-4394 0
408 0 LA060689-0099 0
408 0 LA022189-0026 0
408 0 FR940114-0-00046 1
408 0 FR940302-2-00082 0
408 0 LA101190-0007 0
408 0 FBIS4-66382 0
408 0 FBIS4-68881 0
408 0 LA120489-0058 1
408 0 FT944-2898 0
408 0 FT941-17340 1
408 0 LA102389-0075 1
408 0 FT922-3079 0
408 0 FR941012-2-00106 0
408 0 FT932-15840 0
408 0 FR940831-2-00127 1
408 0 LA071789-0097 1
408 0 FBIS4-20472 0
408 0 LA120389-0130 1
408 0 LA062590-0054 1
408 0 LA100590-0190 0
408 0 FT931-1199 1
408 0 FT942-13845 0
408 0 FR940727-2-00116 1
408 0 FT944-14912 0
408 0 FR940727-2-00117 1
408 0 LA073189-0093 0
408 0 LA080789-0022 0
408 0 FBIS4-26773 1
408 0 FBIS4-26774 1
408 0 FT923-6038 1
408 0 FR940603-1-00160 0
408 0 LA121490-0119 0
408 0 FT944-2876 0
408 0 LA031190-0095 0
408 0 LA011689-0055 1
408 0 FBIS3-41666 0
408 0 FT923-5267 1
408 0 FBIS4-25767 1
408 0 LA071790-0136 0
408 0 LA101790-0097 0
408 0 FT943-1514 0
408 0 LA072189-0002 1
408 0 FT943-15195 0
408 0 LA092190-0055 1
408 0 FT911-2317 1
408 0 FR941130-0-00122 0
408 0 LA022390-0083 0
408 0 LA062889-0066 1
408 0 FT933-9488 1
408 0 LA040289-0192 0
408 0 FBIS3-42400 0
408 0 FT933-4288 0
408 0 FT944-12299 0
408 0 FR940817-2-00213 0
408 0 FBIS4-68333 0
408 0 FR941221-2-00104 0
408 0 FR940603-1-00181 0
408 0 LA061989-0095 0
408 0 LA030990-0199 0
408 0 FR940202-2-00072 0
408 0 LA022690-0084 0
408 0 LA092989-0171 1
408 0 FT922-13040 0
408 0 LA090489-0064 0
408 0 LA092089-0027 0
408 0 FT933-8357 1
408 0 LA100189-0062 0
408 0 LA100889-0098 1
408 0 LA111390-0147 1
