442 0 FR940831-0-00052 0
442 0 LA090389-0088 0
442 0 LA080589-0115 0
442 0 FR940112-0-00037 0
442 0 FBIS4-3203 0
442 0 FBIS3-52276 0
442 0 FR940112-0-00038 0
442 0 LA072390-0012 0
442 0 FR941103-2-00120 0
442 0 FR940112-0-00030 0
442 0 FR940112-0-00031 0
442 0 FR940112-1-00044 0
442 0 FBIS4-36664 0
442 0 FR940812-0-00035 0
442 0 FR940831-0-00051 0
442 0 FR940812-0-00037 0
442 0 FR940831-0-00044 0
442 0 FR940831-0-00041 0
442 0 FR940831-0-00042 0
442 0 FR940831-0-00045 0
442 0 LA101089-0093 0
442 0 FBIS3-34321 0
442 0 FBIS4-2359 0
442 0 FR940112-0-00026 0
442 0 LA071090-0093 1
442 0 FR940112-0-00025 0
442 0 FR940831-0-00049 0
442 0 FR940112-0-00029 0
442 0 FR940112-0-00028 0
442 0 FR940112-0-00027 0
442 0 FBIS4-66185 0
442 0 FBIS4-60045 0
442 0 LA091789-0182 0
442 0 FR940721-2-00067 0
442 0 FR940721-2-00068 0
442 0 LA032689-0053 0
442 0 FT934-9326 0
442 0 FR940110-1-00027 0
442 0 FT923-6857 0
442 0 FR940525-2-00087 0
442 0 FBIS4-36655 0
442 0 FR941206-1-00083 0
442 0 LA112389-0200 0
442 0 LA121789-0069 0
442 0 LA011390-0057 1
442 0 FBIS3-59360 0
442 0 FR941219-2-00180 0
442 0 FBIS4-58201 0
442 0 FR940831-0-00039 0
442 0 FR940512-1-00003 0
442 0 FBIS3-25765 0
442 0 FBIS3-14070 0
442 0 LA100589-0046 0
442 0 FBIS3-13169 0
442 0 FR940902-0-00171 0
442 0 FR940202-0-00092 0
442 0 LA100689-0071 0
442 0 FR940118-0-00053 0
442 0 FR940616-0-00099 0
442 0 FT924-15972 0
442 0 FR941003-1-00052 0
442 0 LA060390-0102 0
442 0 FR940902-1-00048 0
442 0 FBIS4-50243 0
442 0 LA072889-0023 0
442 0 FT942-10612 0
442 0 LA053190-0004 0
442 0 FT944-42 0
442 0 FR940303-2-00091 0
442 0 LA061790-0133 0
442 0 FBIS3-26003 0
442 0 LA121489-0058 0
442 0 FBIS3-67 0
442 0 FR940719-2-00073 0
442 0 FT942-9248 0
442 0 LA100990-0034 1
442 0 FBIS4-68275 0
442 0 LA062590-0047 0
442 0 LA091690-0053 0
442 0 FBIS4-50021 0
442 0 LA091889-0049 0
442 0 FBIS4-46160 0
442 0 FBIS3-13402 0
442 0 FBIS4-49851 0
442 0 FBIS3-13401 0
442 0 FBIS4-59048 0
442 0 FBIS4-30194 0
442 0 FR940711-2-00107 0
442 0 LA031190-0123 0
442 0 FBIS3-34420 0
442 0 LA031190-0124 0
442 0 FR940602-1-00023 0
442 0 FT933-15612 0
442 0 FBIS4-55480 0
442 0 LA031190-0142 1
442 0 FBIS3-26647 0
442 0 FBIS4-21974 0
442 0 FR941026-0-00058 0
442 0 FR940728-1-00021 0
442 0 FR941026-0-00059 0
442 0 FR940512-1-00044 0
442 0 FBIS4-36282 0
442 0 FT923-8843 0
442 0 FBIS4-50680 0
442 0 FBIS4-21970 0
442 0 FR940622-0-00072 0
442 0 FBIS3-13234 0
442 0 FBIS4-3370 0
442 0 FBIS4-53021 0
442 0 FBIS3-46951 1
442 0 FBIS4-59070 0
442 0 FBIS3-53582 0
442 0 FBIS3-52747 0
442 0 FR940630-2-00057 0
442 0 FBIS4-68297 0
442 0 LA041590-0104 0
442 0 LA102689-0081 1
442 0 FBIS3-53791 0
442 0 FBIS4-25700 0
442 0 FT944-2066 0
442 0 FR940325-2-00109 0
442 0 FBIS4-16443 0
442 0 FBIS4-10302 0
442 0 FR940822-2-00068 0
442 0 FR940106-0-00153 0
442 0 FT924-12931 1
442 0 FBIS3-13102 0
442 0 FBIS3-1336 0
442 0 FT934-9981 0
442 0 FBIS3-2516 0
442 0 FBIS3-60950 0
442 0 LA042389-0096 1
442 0 LA040890-0126 0
442 0 LA050489-0087 0
442 0 FBIS3-27408 0
442 0 LA010790-0214 0
442 0 LA043089-0007 0
442 0 FR940304-1-00187 0
442 0 FBIS3-13113 0
442 0 FBIS3-21193 0
442 0 FR940428-0-00034 0
442 0 FT934-748 0
442 0 FR940314-1-00041 0
442 0 LA021389-0077 1
442 0 FBIS4-58674 0
442 0 FBIS3-6683 0
442 0 FBIS3-1928 0
442 0 FBIS3-32664 0
442 0 FR940228-0-00062 0
442 0 FR940317-2-00085 0
442 0 FR940106-0-00170 0
442 0 LA030989-0177 0
442 0 FR940105-0-00046 0
442 0 FBIS4-10826 0
442 0 FBIS3-35531 0
442 0 FR941003-0-00064 0
442 0 FBIS3-6672 1
442 0 LA050189-0077 1
442 0 FBIS4-37568 0
442 0 LA102490-0087 1
442 0 FBIS3-42974 0
442 0 FBIS4-421 0
442 0 LA110389-0058 0
442 0 FBIS4-11672 0
442 0 FBIS4-59518 0
442 0 FBIS3-1987 0
442 0 LA101290-0050 0
442 0 FBIS3-42726 0
442 0 LA081990-0250 0
442 0 FT943-14999 0
442 0 FBIS3-36078 0
442 0 FBIS3-41666 0
442 0 FBIS3-14943 0
442 0 FR941117-1-00026 0
442 0 FBIS4-1545 0
442 0 LA122589-0077 0
442 0 LA072189-0105 0
442 0 FBIS3-26590 1
442 0 FBIS3-12518 0
442 0 LA051390-0183 1
442 0 FBIS4-13202 0
442 0 FR940721-0-00065 0
442 0 FBIS3-24469 0
442 0 FR940324-2-00020 0
442 0 LA083189-0013 0
442 0 FR941102-1-00119 0
442 0 FR940223-2-00196 0
442 0 FBIS3-60342 0
442 0 FBIS3-2575 0
442 0 FBIS4-52246 0
442 0 FR940803-1-00017 0
442 0 FT923-4524 0
442 0 FR940803-1-00012 0
442 0 LA081990-0249 0
442 0 LA071589-0019 0
442 0 FT924-10077 0
442 0 FBIS4-13324 0
442 0 FR940822-2-00075 0
442 0 FT934-6389 0
442 0 FBIS4-2254 1
442 0 FR940822-2-00076 0
442 0 FBIS3-1952 0
442 0 FT941-7537 0
442 0 FBIS3-1953 1
442 0 FT922-9895 0
442 0 FR940414-2-00055 0
442 0 FR940207-1-00018 0
442 0 LA041089-0012 0
442 0 FR940207-1-00010 0
442 0 FBIS3-27579 1
442 0 LA020290-0044 0
442 0 FBIS4-12209 0
442 0 LA081089-0165 0
442 0 LA083189-0055 0
442 0 FR941019-0-00006 0
442 0 FBIS4-55505 0
442 0 LA032989-0003 0
442 0 FBIS3-3912 0
442 0 FR940912-0-00032 0
442 0 LA041590-0086 0
442 0 FT933-4044 0
442 0 FR940314-2-00110 0
442 0 FT911-1964 0
442 0 FBIS4-31639 0
442 0 FT933-14194 0
442 0 FBIS4-61615 0
442 0 FBIS3-45180 0
442 0 FBIS4-26760 0
442 0 FBIS3-40497 0
442 0 FR940314-2-00102 0
442 0 FR940104-0-00034 0
442 0 FBIS3-18253 0
442 0 FR940314-2-00104 0
442 0 FT944-14309 0
442 0 FBIS3-3924 1
442 0 FBIS4-58830 0
442 0 FBIS3-11321 0
442 0 FBIS4-58837 0
442 0 LA012089-0016 1
442 0 FBIS3-12347 0
442 0 FBIS4-13239 0
442 0 LA030790-0137 0
442 0 FT941-8360 1
442 0 FBIS4-60459 0
442 0 LA122890-0062 1
442 0 LA020390-0129 1
442 0 FT924-8668 0
442 0 FR941221-2-00083 0
442 0 FR940323-1-00010 0
442 0 LA060189-0147 1
442 0 FBIS3-8224 0
442 0 FBIS3-35481 0
442 0 FBIS3-4209 0
442 0 LA061889-0074 0
442 0 FBIS4-42990 0
442 0 FT944-1859 0
442 0 FR940617-2-00229 0
442 0 FBIS4-10896 0
442 0 FBIS3-17422 0
442 0 FR940725-2-00141 0
442 0 FT931-3473 0
442 0 FR941125-2-00097 0
442 0 FBIS4-25443 0
442 0 FBIS4-59128 0
442 0 LA070889-0019 0
442 0 FBIS4-59325 0
442 0 FR941206-2-00110 0
442 0 FBIS4-25355 0
442 0 LA060589-0065 0
442 0 FR941206-1-00134 0
442 0 FT921-3296 0
442 0 LA022589-0094 0
442 0 LA090489-0004 0
442 0 LA041690-0128 0
442 0 FBIS4-58970 0
442 0 FBIS3-14499 0
442 0 LA071589-0100 0
442 0 FBIS4-58826 0
442 0 LA061690-0123 1
442 0 LA110389-0097 0
442 0 LA071089-0025 0
442 0 FBIS3-5391 0
442 0 FBIS4-4816 0
442 0 FR941021-0-00072 0
442 0 FBIS3-18382 0
442 0 FT943-6618 0
442 0 LA070989-0197 0
442 0 FBIS3-2897 0
442 0 LA090290-0110 0
442 0 FBIS4-4046 0
442 0 FBIS4-55694 0
442 0 FBIS3-37947 0
442 0 FR940217-2-00107 0
442 0 LA012589-0143 0
442 0 FBIS4-31787 0
442 0 LA070689-0086 0
442 0 FBIS4-55897 0
442 0 FBIS4-58954 0
442 0 FBIS4-44661 0
442 0 FBIS4-58950 0
442 0 FBIS4-6790 0
442 0 FBIS4-46469 0
442 0 LA082789-0047 0
442 0 FBIS4-57110 0
442 0 LA062890-0232 1
442 0 FBIS4-49089 0
442 0 FBIS4-35926 0
442 0 LA121089-0170 1
442 0 FR941107-0-00034 0
442 0 FBIS4-12505 0
442 0 FBIS4-7038 0
442 0 FR941007-0-00063 0
442 0 FT943-4025 0
442 0 FBIS3-34740 0
442 0 FBIS4-62222 0
442 0 FBIS4-43156 0
442 0 LA052490-0236 1
442 0 FR940222-1-00057 0
442 0 FBIS3-42459 0
442 0 FT941-16080 0
442 0 FBIS3-22030 0
442 0 FBIS4-68752 0
442 0 LA021989-0061 0
442 0 FBIS4-46649 0
442 0 FT923-8922 0
442 0 FBIS4-57106 0
442 0 FBIS3-34133 0
442 0 FR940325-1-00057 0
442 0 LA041989-0045 0
442 0 FT942-10088 0
442 0 FT922-5589 0
442 0 LA120290-0039 0
442 0 FBIS4-51978 0
442 0 LA122289-0131 0
442 0 LA102890-0131 1
442 0 FBIS3-3973 0
442 0 FBIS4-20504 0
442 0 LA052889-0143 1
442 0 FR940426-0-00055 0
442 0 FR940317-0-00038 0
442 0 FBIS3-26827 0
442 0 FBIS4-47 0
442 0 FR940325-2-00214 0
442 0 FBIS4-43160 0
442 0 LA052889-0055 0
442 0 LA060889-0013 0
442 0 FBIS3-2913 0
442 0 FR940207-0-00015 0
442 0 FBIS4-60558 0
442 0 FBIS3-35224 0
442 0 FBIS3-45043 0
442 0 FBIS3-54471 0
442 0 FR940620-0-00163 0
442 0 FBIS3-3419 0
442 0 FBIS3-34681 0
442 0 LA122290-0052 0
442 0 FT932-9569 0
442 0 FT924-364 0
442 0 LA030590-0043 0
442 0 LA111490-0053 0
442 0 FBIS3-13090 0
442 0 FT932-1027 0
442 0 LA041789-0040 0
442 0 FT944-18764 0
442 0 FBIS4-23131 0
442 0 FBIS3-45511 0
442 0 FT922-6046 0
442 0 FR941130-0-00122 0
442 0 FBIS4-50881 0
442 0 FBIS4-5349 0
442 0 FBIS4-60295 0
442 0 FBIS3-22987 0
442 0 LA121090-0007 0
442 0 LA011089-0104 1
442 0 LA022190-0007 1
442 0 FBIS3-42400 0
442 0 FR940527-2-00086 0
442 0 LA012089-0137 1
442 0 FBIS3-34123 0
442 0 FR940707-1-00016 0
442 0 FBIS4-50753 0
442 0 LA030289-0068 1
442 0 FBIS3-42208 0
442 0 LA090389-0132 0
442 0 FR940803-0-00023 0
442 0 LA122090-0017 0
442 0 FR940727-0-00065 0
442 0 LA042390-0087 1
442 0 FBIS4-57228 0
442 0 LA012190-0010 0
442 0 FBIS4-67380 0
442 0 FR940707-1-00010 0
442 0 FR941117-0-00034 0
442 0 FR940707-1-00014 0
442 0 FBIS4-12755 0
442 0 FBIS4-12753 0
442 0 FBIS3-23285 0
442 0 FBIS3-54461 0
