450 0 FT924-8272 0
450 0 LA090990-0181 1
450 0 FT924-8086 0
450 0 FT933-2304 1
450 0 FBIS4-38899 0
450 0 LA030490-0243 0
450 0 FT933-5957 1
450 0 FT924-8277 0
450 0 FBIS3-53469 1
450 0 LA093090-0186 0
450 0 FBIS3-2663 0
450 0 FT923-3256 1
450 0 LA022389-0218 1
450 0 FBIS3-40497 0
450 0 FBIS3-13442 0
450 0 LA122190-0053 0
450 0 FT943-14806 1
450 0 FBIS4-66185 0
450 0 LA081490-0008 1
450 0 LA120790-0182 1
450 0 FT923-6463 0
450 0 LA100490-0080 0
450 0 FT943-11046 1
450 0 FT941-15227 0
450 0 LA053190-0100 1
450 0 FT943-13098 1
450 0 FBIS3-54186 1
450 0 LA101790-0043 0
450 0 LA082690-0110 1
450 0 FT943-9887 1
450 0 FBIS3-34301 1
450 0 FBIS3-33706 1
450 0 LA081690-0049 0
450 0 LA101990-0026 0
450 0 FBIS4-37925 1
450 0 LA110690-0086 1
450 0 FT943-13871 1
450 0 FT932-12056 0
450 0 FBIS4-26821 1
450 0 FBIS3-104 0
450 0 FT933-3882 1
450 0 FR941202-2-00139 0
450 0 FBIS4-44913 0
450 0 LA103090-0053 0
450 0 LA021489-0101 1
450 0 LA020990-0117 1
450 0 LA070390-0072 0
450 0 FT943-13669 0
450 0 FBIS4-36522 0
450 0 FT933-4921 1
450 0 FT941-16748 1
450 0 LA121090-0081 1
450 0 FR940812-2-00230 0
450 0 FBIS3-43132 0
450 0 FBIS3-42399 0
450 0 LA040189-0010 1
450 0 FBIS4-37631 1
450 0 FBIS4-26166 0
450 0 FBIS4-404 0
450 0 FBIS3-80 0
450 0 FR941206-1-00134 0
450 0 FT944-13630 1
450 0 FBIS3-81 0
450 0 FT943-15113 1
450 0 FT934-6691 1
450 0 FBIS3-85 0
450 0 LA021089-0011 0
450 0 FT923-14696 1
450 0 FBIS4-26473 1
450 0 LA091890-0045 1
450 0 FT943-12406 1
450 0 FT944-13606 1
450 0 FT944-15625 1
450 0 FBIS3-54519 1
450 0 FT922-6883 0
450 0 FT941-10100 1
450 0 FBIS4-37644 1
450 0 FBIS4-13910 1
450 0 LA081990-0043 0
450 0 FT942-4603 1
450 0 LA030890-0003 0
450 0 LA072589-0092 0
450 0 FT934-10277 1
450 0 FT932-5624 0
450 0 LA081590-0074 0
450 0 FBIS3-110 0
450 0 LA081590-0072 0
450 0 FBIS3-35157 0
450 0 FT943-4881 1
450 0 LA031989-0059 0
450 0 FT943-15923 1
450 0 FT921-3964 1
450 0 FBIS4-11824 0
450 0 FT941-4994 0
450 0 FBIS4-36771 0
450 0 FBIS4-46469 0
450 0 FBIS4-37690 1
450 0 LA052189-0027 0
450 0 FT943-10856 1
450 0 FT943-12560 1
450 0 FT943-15 0
450 0 LA090690-0256 0
450 0 FBIS4-58415 1
450 0 FT943-15934 1
450 0 LA090290-0217 0
450 0 FT943-15066 1
450 0 LA100190-0080 0
450 0 LA101690-0033 0
450 0 FT944-13925 0
450 0 LA021289-0041 1
450 0 FR940831-2-00107 0
450 0 FBIS4-36095 0
450 0 FBIS3-22945 0
450 0 FT942-11628 1
450 0 FBIS3-43186 0
450 0 FT933-748 1
450 0 LA081790-0101 0
450 0 FBIS4-46649 0
450 0 LA081790-0103 0
450 0 FBIS4-37689 1
450 0 FT944-15377 0
450 0 FT943-14084 1
450 0 FT941-12873 1
450 0 FT944-13319 0
450 0 FT933-8457 0
450 0 FT933-912 1
450 0 LA081690-0240 0
450 0 FT933-3295 0
450 0 FBIS4-66382 0
450 0 FT943-12145 1
450 0 FT933-2154 1
450 0 FT943-12140 0
450 0 LA081490-0042 0
450 0 LA111890-0012 0
450 0 FBIS4-35810 0
450 0 FT942-2326 0
450 0 FBIS4-59020 0
450 0 FT921-16122 1
450 0 FT933-924 1
450 0 FT941-13153 1
450 0 LA083090-0087 0
450 0 FT944-15846 1
450 0 FBIS4-20472 0
450 0 LA033189-0105 1
450 0 FT942-13340 1
450 0 FT923-7570 0
450 0 LA101390-0092 0
450 0 FT933-2144 1
450 0 LA021989-0037 1
450 0 FT923-13341 0
450 0 FBIS4-37314 1
450 0 LA051889-0205 1
450 0 LA031589-0041 0
450 0 LA082190-0074 0
450 0 FT943-6333 1
450 0 FT944-14566 1
450 0 FBIS3-41666 0
450 0 LA090389-0155 0
450 0 FT941-17555 1
450 0 FBIS3-54575 1
450 0 FT924-5830 1
450 0 LA082790-0013 0
450 0 LA082190-0087 0
450 0 FT943-9719 1
450 0 FT911-609 0
450 0 FT941-15071 0
450 0 FBIS4-37581 1
450 0 FT934-16002 0
450 0 FBIS3-54282 1
450 0 FBIS3-54283 1
450 0 FT932-4802 1
450 0 LA111490-0061 0
450 0 FT943-11390 1
450 0 FBIS3-54398 1
450 0 FT942-4289 1
450 0 FT924-7491 0
450 0 FT923-13361 0
450 0 FT923-7518 0
450 0 FT931-7994 1
450 0 FBIS3-53510 0
450 0 FBIS3-60342 0
450 0 FBIS4-37432 1
450 0 FT924-13555 1
450 0 FBIS3-2017 0
450 0 FT943-10634 1
450 0 FT944-15512 1
450 0 FT911-4070 1
450 0 LA121390-0114 1
450 0 FBIS4-36322 1
450 0 FT933-5518 1
450 0 FBIS4-36421 0
450 0 LA050590-0115 0
450 0 LA111390-0099 0
450 0 LA101290-0010 0
450 0 FBIS3-54262 1
450 0 FT944-10340 1
450 0 FT923-13456 1
450 0 FBIS4-20028 0
450 0 FT933-5611 1
450 0 FT943-12960 1
450 0 FT943-9994 1
