415 0 FBIS4-27446 1
415 0 FBIS4-30503 1
415 0 FT934-8590 0
415 0 FT941-782 0
415 0 FT941-15749 0
415 0 FT941-6154 0
415 0 LA092090-0024 0
415 0 LA042790-0115 0
415 0 FBIS4-30500 0
415 0 FBIS4-45309 1
415 0 LA030789-0089 0
415 0 FBIS4-45305 0
415 0 FBIS4-45307 1
415 0 FBIS4-21166 1
415 0 LA050190-0198 0
415 0 FBIS3-41131 0
415 0 FBIS4-67238 0
415 0 FBIS4-1796 0
415 0 LA010189-0079 0
415 0 FBIS3-21759 0
415 0 FR940203-1-00069 0
415 0 FT911-1680 0
415 0 FR940104-0-00034 0
415 0 FBIS3-21611 0
415 0 FBIS3-21943 1
415 0 FBIS3-1004 0
415 0 FBIS4-25592 0
415 0 LA071990-0177 0
415 0 LA030990-0061 0
415 0 LA030589-0169 0
415 0 FT934-5207 0
415 0 FBIS4-25105 0
415 0 FBIS4-66992 0
415 0 FBIS3-41229 0
415 0 FT924-10092 1
415 0 FBIS4-46649 0
415 0 FBIS3-4313 0
415 0 FBIS3-41121 0
415 0 FBIS4-20988 0
415 0 FBIS4-20989 0
415 0 FBIS4-26335 0
415 0 FBIS4-27452 0
415 0 FBIS3-21886 0
415 0 FBIS3-46302 1
415 0 FR940314-1-00041 0
415 0 FR941027-1-00030 0
415 0 FBIS4-21041 0
415 0 FBIS3-29373 0
415 0 FBIS4-45410 0
415 0 FBIS3-26913 1
415 0 FBIS4-28925 1
415 0 FBIS4-21307 0
415 0 FBIS4-66983 1
415 0 FBIS4-45369 0
415 0 FBIS4-26801 1
415 0 FBIS3-41253 1
415 0 FBIS4-26800 1
415 0 FBIS3-41250 1
415 0 FR941213-0-00084 0
415 0 FBIS3-41251 1
415 0 FBIS3-22105 0
415 0 FBIS3-60083 1
415 0 FBIS3-60189 1
415 0 LA011389-0166 0
415 0 FBIS3-59993 0
415 0 FBIS4-45373 0
415 0 FBIS3-60183 1
415 0 FBIS4-1713 0
415 0 LA080289-0087 0
415 0 FBIS4-57661 0
415 0 FBIS4-45376 0
415 0 FBIS4-53138 0
415 0 FBIS4-20472 0
415 0 LA121690-0051 1
415 0 FBIS3-48525 1
415 0 FBIS3-41244 1
415 0 FBIS3-41105 0
415 0 FT942-9715 0
415 0 LA030589-0044 0
415 0 LA111589-0079 0
415 0 FBIS4-66978 0
415 0 LA052189-0063 0
415 0 FBIS4-52946 1
415 0 FT932-5872 0
415 0 FR940822-0-00067 0
415 0 FR941202-2-00139 0
415 0 FBIS3-41174 0
415 0 LA091689-0063 0
415 0 LA011589-0005 0
415 0 FBIS3-60025 1
415 0 FBIS4-26510 0
415 0 FBIS3-26720 0
415 0 FBIS3-48057 1
415 0 LA062189-0031 0
415 0 FBIS4-6817 0
415 0 FBIS3-28835 1
415 0 FBIS3-26005 1
415 0 FBIS3-41666 0
415 0 FBIS4-21225 0
415 0 FR940106-0-00015 0
415 0 FBIS4-4127 0
415 0 FBIS3-28834 1
415 0 FBIS3-41261 0
415 0 FBIS4-51932 0
415 0 FBIS3-28982 1
415 0 LA030289-0145 0
415 0 FT933-260 0
415 0 FR940907-2-00118 0
415 0 FBIS4-52603 0
415 0 FBIS4-23131 0
415 0 LA073090-0027 0
415 0 FBIS3-41168 1
415 0 FBIS3-41163 1
415 0 FT944-5223 0
415 0 FR941206-1-00134 0
415 0 LA033090-0133 0
415 0 FBIS4-45562 0
415 0 FBIS4-21335 0
415 0 FBIS3-5264 0
415 0 FBIS4-45564 1
415 0 FBIS4-45563 1
415 0 FT923-11217 0
415 0 FBIS4-21338 0
415 0 FBIS4-45464 0
415 0 LA071190-0042 0
415 0 FBIS3-12581 0
415 0 FT921-3152 1
415 0 LA100490-0068 0
415 0 FT922-7496 0
415 0 FBIS3-24331 0
415 0 FBIS3-42400 0
415 0 FBIS4-2802 1
415 0 LA011689-0070 0
415 0 LA052889-0105 0
415 0 FR941107-2-00100 0
415 0 LA081990-0211 0
415 0 FT941-2291 0
415 0 FBIS3-60342 0
415 0 FBIS4-29647 1
415 0 FT921-6988 0
415 0 FBIS4-45297 0
415 0 FBIS4-26902 1
415 0 FBIS3-5448 0
415 0 FR940324-2-00139 0
415 0 LA062189-0055 0
415 0 FBIS4-24633 0
415 0 LA061790-0061 0
415 0 LA043090-0142 0
415 0 FBIS3-41211 1
415 0 FBIS4-52045 0
415 0 FBIS3-28711 1
415 0 FBIS4-4450 0
415 0 FT924-13611 0
415 0 FBIS4-52041 0
415 0 FBIS3-6783 0
415 0 FT921-3261 1
415 0 FBIS4-45458 1
415 0 FBIS4-26653 1
415 0 FBIS4-27658 1
415 0 FBIS4-49075 0
415 0 FBIS4-27476 1
415 0 FBIS3-2893 1
415 0 FBIS4-25066 0
415 0 FBIS4-10862 0
415 0 FBIS4-67209 1
415 0 FBIS4-32976 0
415 0 LA050789-0006 0
415 0 FBIS3-9994 0
415 0 FBIS4-33441 0
415 0 FBIS3-1819 0
415 0 LA050789-0008 0
415 0 FBIS3-25902 0
415 0 FR940922-2-00127 0
415 0 FBIS4-26397 1
415 0 FBIS4-21210 0
415 0 FBIS4-52037 0
415 0 FBIS4-52038 0
