435 0 FBIS3-44378 1
435 0 FT943-4878 0
435 0 FT943-5357 1
435 0 FBIS4-2213 0
435 0 FBIS3-29 0
435 0 FBIS4-25583 0
435 0 FBIS3-59343 1
435 0 FBIS3-2862 1
435 0 FBIS4-66172 1
435 0 FT943-6377 0
435 0 FBIS4-68419 0
435 0 FBIS3-45084 0
435 0 FT941-2916 0
435 0 FT932-13560 0
435 0 FBIS3-40497 0
435 0 FT941-12411 1
435 0 FT932-12037 0
435 0 FBIS4-49956 0
435 0 FT922-11218 0
435 0 FBIS4-66698 1
435 0 FBIS4-66185 0
435 0 LA053190-0129 0
435 0 FR940816-1-00080 0
435 0 FBIS3-19796 0
435 0 FBIS3-36523 0
435 0 FT933-13063 0
435 0 FBIS4-44477 0
435 0 FR941230-0-00123 0
435 0 FT943-6228 0
435 0 FT924-1254 0
435 0 FT932-12035 0
435 0 FR941230-0-00120 0
435 0 FT934-7845 0
435 0 FBIS4-1843 0
435 0 FT922-11143 0
435 0 FBIS3-61336 0
435 0 FBIS3-60077 0
435 0 FBIS3-61335 0
435 0 FBIS3-874 0
435 0 FR940620-0-00148 0
435 0 FBIS4-16673 0
435 0 LA102289-0087 0
435 0 FT911-302 0
435 0 FT943-70 0
435 0 FR940816-1-00079 0
435 0 FT933-9441 0
435 0 LA051189-0089 0
435 0 LA090389-0058 0
435 0 FBIS4-38279 0
435 0 LA033089-0084 0
435 0 LA122890-0079 0
435 0 FBIS4-50044 0
435 0 FT943-805 0
435 0 FBIS3-3811 0
435 0 FBIS3-4205 0
435 0 FBIS3-3812 1
435 0 FBIS3-20435 1
435 0 FR940902-1-00048 0
435 0 FT931-892 1
435 0 FT924-852 0
435 0 FBIS4-45741 0
435 0 FBIS3-27258 1
435 0 FT933-15872 0
435 0 FBIS3-41105 0
435 0 FR940405-1-00046 0
435 0 FBIS4-21529 0
435 0 FBIS3-2054 0
435 0 FR940816-1-00065 0
435 0 FT911-3376 0
435 0 FT943-6050 1
435 0 FT944-6725 0
435 0 FBIS3-20434 1
435 0 FBIS4-25051 0
435 0 FR940303-2-00091 0
435 0 LA120589-0035 0
435 0 FT931-1205 1
435 0 FBIS4-25980 0
435 0 FBIS3-896 0
435 0 FBIS4-1860 0
435 0 FR941122-0-00064 0
435 0 FR941122-0-00063 0
435 0 FT941-5064 0
435 0 FBIS4-26581 0
435 0 LA112589-0006 1
435 0 FT944-6732 0
435 0 FBIS4-67533 0
435 0 FT934-7698 1
435 0 LA011090-0040 0
435 0 FT942-14974 0
435 0 FBIS4-29251 0
435 0 FBIS3-43132 0
435 0 FBIS3-25790 1
435 0 FT943-12120 0
435 0 FT941-2429 0
435 0 FR941122-0-00075 0
435 0 FBIS4-2790 1
435 0 FR941122-0-00078 0
435 0 LA051889-0196 0
435 0 FBIS4-3651 0
435 0 FR941206-1-00134 0
435 0 FT922-5103 0
435 0 FBIS3-22387 0
435 0 FBIS4-33000 0
435 0 FT932-7470 0
435 0 LA052189-0142 0
435 0 FR941007-2-00139 0
435 0 FR940602-1-00023 0
435 0 FBIS4-50581 0
435 0 FR941122-0-00082 0
435 0 FBIS3-59264 0
435 0 FR941122-0-00088 0
435 0 FBIS3-29180 0
435 0 FT943-24 0
435 0 FR941122-0-00089 0
435 0 LA102689-0071 0
435 0 FR940405-2-00070 0
435 0 FBIS4-19394 0
435 0 FBIS4-4249 0
435 0 FBIS3-4193 1
435 0 FT942-13785 0
435 0 LA051190-0078 1
435 0 LA022690-0009 0
435 0 FBIS3-1101 0
435 0 FR941003-1-00091 0
435 0 FBIS3-45289 0
435 0 FBIS3-45482 1
435 0 FBIS3-29325 0
435 0 FT943-37 0
435 0 FT943-36 0
435 0 FBIS3-37947 0
435 0 LA060589-0085 0
435 0 FR941003-1-00090 0
435 0 FBIS4-31787 0
435 0 FBIS4-50182 0
435 0 FR940513-0-00082 0
435 0 FBIS4-51434 0
435 0 FR941125-1-00015 0
435 0 FBIS3-740 0
435 0 FT943-6509 0
435 0 FT943-3807 1
435 0 FR940817-2-00237 0
435 0 FBIS3-27959 0
435 0 FR940425-2-00079 0
435 0 FBIS3-712 0
435 0 FBIS4-68494 0
435 0 FBIS4-1797 1
435 0 FT934-2692 0
435 0 FT943-5505 0
435 0 FBIS4-53319 0
435 0 FBIS3-23561 0
435 0 FBIS3-236 0
435 0 FBIS4-67656 0
435 0 LA021190-0104 1
435 0 FT932-1558 0
435 0 FBIS3-60521 0
435 0 LA022189-0053 0
435 0 FBIS3-22602 0
435 0 FT943-3196 0
435 0 FBIS3-3671 1
435 0 FBIS4-2959 0
435 0 FBIS3-1933 1
435 0 FR940831-2-00107 0
435 0 LA121589-0139 0
435 0 LA112590-0013 0
435 0 FT942-1269 0
435 0 FT921-11692 0
435 0 FT943-8138 0
435 0 LA080590-0025 0
435 0 FT931-8796 0
435 0 FBIS3-43186 0
435 0 FT922-10401 0
435 0 FBIS4-46649 0
435 0 LA090890-0109 0
435 0 FT921-1320 0
435 0 LA091489-0223 0
435 0 FR940425-2-00080 0
435 0 FBIS4-68893 0
435 0 FBIS4-68361 0
435 0 LA101690-0040 0
435 0 LA010790-0036 0
435 0 FBIS3-40638 0
435 0 FBIS3-22449 0
435 0 FBIS3-22617 0
435 0 FBIS3-1454 0
435 0 FBIS4-68781 0
435 0 FBIS4-66212 1
435 0 LA082189-0092 0
435 0 FBIS4-66382 0
435 0 FBIS4-31127 1
435 0 FT931-7277 0
435 0 FBIS3-18862 0
435 0 FBIS3-1655 1
435 0 FBIS4-20504 0
435 0 FT943-8324 1
435 0 FR940617-2-00165 0
435 0 FT921-5289 0
435 0 FT943-8340 0
435 0 FR940426-1-00068 0
435 0 FR941012-2-00106 0
435 0 FT934-16815 0
435 0 FT942-13941 0
435 0 FT934-3771 0
435 0 FT943-8239 1
435 0 FBIS3-26400 0
435 0 FBIS4-20472 0
435 0 FBIS4-52519 0
435 0 FBIS4-1663 0
435 0 FT943-3422 0
435 0 FT931-1806 0
435 0 FT944-14148 0
435 0 FT931-10612 1
435 0 FBIS3-24653 0
435 0 FBIS4-47142 1
435 0 FBIS4-2468 1
435 0 FBIS3-41666 0
435 0 FBIS3-60407 0
435 0 FT944-4878 0
435 0 FBIS4-15023 0
435 0 LA051590-0008 0
435 0 FBIS4-43731 0
435 0 FBIS3-22597 0
435 0 FBIS4-68466 0
435 0 FBIS3-47129 0
435 0 LA072990-0081 0
435 0 FT943-5797 1
435 0 FT943-8321 0
435 0 FBIS3-59314 0
435 0 FT931-16422 0
435 0 FR941130-0-00122 0
435 0 FBIS3-3966 0
435 0 FBIS3-10291 0
435 0 LA052290-0096 0
435 0 FBIS4-48918 1
435 0 FBIS3-2020 1
435 0 FBIS3-40801 0
435 0 FT911-1384 0
435 0 FBIS3-44992 0
435 0 FBIS3-1418 0
435 0 FBIS4-42652 0
435 0 LA020990-0174 0
435 0 FR940817-2-00213 0
435 0 FR941004-0-00007 0
435 0 FBIS3-27468 0
435 0 FBIS3-45324 0
435 0 FT942-8228 0
435 0 FT943-5793 0
435 0 FBIS4-20346 0
435 0 FT922-7511 0
435 0 FBIS4-33740 0
435 0 FT922-7510 0
435 0 FBIS3-55853 0
435 0 LA101389-0176 1
435 0 FBIS4-68349 0
435 0 FBIS4-20131 0
435 0 LA052089-0101 0
435 0 LA040490-0056 0
435 0 FBIS4-25261 1
435 0 FT942-10454 0
435 0 LA041590-0153 1
435 0 FBIS4-1948 0
435 0 FT932-4614 0
435 0 FT922-10566 0
435 0 FBIS4-51056 0
435 0 FBIS3-44479 0
435 0 FT943-4802 1
435 0 FT943-9327 0
435 0 FBIS3-2817 0
