405 0 FBIS3-23 0
405 0 FR941230-0-00119 0
405 0 FR940413-2-00130 0
405 0 FBIS3-59752 0
405 0 FT942-5726 0
405 0 FBIS3-993 0
405 0 FT933-7816 0
405 0 LA010889-0109 0
405 0 FBIS3-141 0
405 0 FBIS3-24494 0
405 0 FR940224-2-00034 0
405 0 FT923-5794 0
405 0 FBIS3-21233 0
405 0 FT922-11742 1
405 0 FR941013-1-00016 0
405 0 FBIS3-35 0
405 0 FBIS4-47563 0
405 0 FBIS3-59742 0
405 0 LA050989-0146 0
405 0 FT932-16117 0
405 0 FBIS3-23936 0
405 0 LA090190-0129 0
405 0 FBIS4-66185 0
405 0 FT943-10128 1
405 0 LA081989-0069 0
405 0 FBIS3-40388 0
405 0 LA102289-0098 0
405 0 FBIS3-23604 0
405 0 FR941230-0-00123 0
405 0 LA092390-0062 0
405 0 FT943-3870 0
405 0 FR941230-0-00120 0
405 0 FBIS3-47886 0
405 0 LA060889-0110 0
405 0 FR941027-1-00030 0
405 0 LA032489-0127 0
405 0 FT933-8595 0
405 0 FBIS4-47455 0
405 0 LA120890-0048 1
405 0 LA112089-0048 1
405 0 LA042790-0070 0
405 0 LA060689-0114 0
405 0 LA041489-0136 0
405 0 LA090489-0037 1
405 0 LA032990-0152 0
405 0 LA121690-0145 0
405 0 FR941026-2-00082 0
405 0 LA052890-0021 1
405 0 LA011190-0127 0
405 0 FT942-5468 0
405 0 FBIS3-784 0
405 0 LA061190-0028 0
405 0 FT944-128 1
405 0 FT922-641 0
405 0 LA102590-0235 1
405 0 FBIS3-15048 0
405 0 FT932-8239 0
405 0 LA033089-0032 0
405 0 FT942-12790 0
405 0 LA081990-0061 1
405 0 FR940822-0-00067 0
405 0 FR941202-2-00139 0
405 0 FBIS4-44916 0
405 0 LA030990-0208 0
405 0 FBIS4-44913 0
405 0 LA011589-0005 0
405 0 FBIS4-21454 0
405 0 FBIS4-44906 0
405 0 FT933-8182 0
405 0 LA092489-0134 0
405 0 FBIS3-74 0
405 0 FT933-8183 0
405 0 FBIS4-67533 0
405 0 FBIS4-50426 0
405 0 FBIS3-16450 0
405 0 FBIS3-61266 0
405 0 LA030289-0123 0
405 0 FBIS3-42399 0
405 0 FBIS3-20797 0
405 0 FT933-7540 0
405 0 FT941-13286 0
405 0 FT941-17652 1
405 0 FR940203-1-00003 0
405 0 FR941117-0-00105 0
405 0 FT921-7107 0
405 0 LA120189-0127 0
405 0 FBIS3-46382 0
405 0 FBIS3-21268 0
405 0 FBIS3-13208 0
405 0 LA081190-0002 0
405 0 FBIS4-46650 0
405 0 FT941-5556 0
405 0 FT922-11525 1
405 0 FBIS3-61471 0
405 0 FBIS4-46658 0
405 0 FT933-652 0
405 0 LA042089-0083 1
405 0 LA070789-0127 0
405 0 FT922-7694 0
405 0 FBIS3-40213 0
405 0 FBIS3-11807 0
405 0 FBIS3-40352 0
405 0 FR940803-2-00061 0
405 0 FBIS4-46662 0
405 0 FBIS4-46664 0
405 0 LA021690-0057 0
405 0 FBIS3-19638 0
405 0 FR940328-2-00119 0
405 0 LA062390-0134 0
405 0 FT933-2598 0
405 0 LA100889-0013 0
405 0 FT923-7860 0
405 0 LA112190-0043 0
405 0 FBIS4-46660 1
405 0 FBIS4-46469 0
405 0 FR940105-2-00109 0
405 0 LA101690-0023 0
405 0 FBIS4-14569 0
405 0 LA010790-0016 0
405 0 LA010189-0071 0
405 0 LA041490-0064 0
405 0 LA071690-0100 1
405 0 LA082489-0178 0
405 0 FT922-2985 0
405 0 LA111390-0021 0
405 0 FBIS3-42550 0
405 0 FBIS3-42553 1
405 0 FR941219-2-00042 0
405 0 FBIS3-15784 0
405 0 FBIS3-42552 1
405 0 FBIS3-42555 1
405 0 FR940831-2-00107 0
405 0 LA053090-0104 0
405 0 LA081289-0118 0
405 0 FBIS4-15938 0
405 0 FBIS3-13776 0
405 0 FBIS4-46649 0
405 0 FT924-14218 0
405 0 FT932-5036 0
405 0 FBIS4-66492 0
405 0 FBIS4-68893 0
405 0 FT943-3693 1
405 0 LA032290-0253 0
405 0 FR940216-2-00036 0
405 0 FR941130-0-00139 0
405 0 LA112690-0067 1
405 0 LA102290-0066 0
405 0 LA060190-0058 0
405 0 FBIS3-56478 0
405 0 FR940302-2-00082 0
405 0 FBIS3-354 0
405 0 FBIS4-66382 0
405 0 FBIS4-68785 0
405 0 FBIS4-66381 0
405 0 FT924-286 0
405 0 LA112589-0013 0
405 0 FBIS3-41454 0
405 0 LA040490-0014 0
405 0 LA022689-0112 1
405 0 LA011590-0098 1
405 0 FBIS3-9806 0
405 0 FR941012-2-00106 0
405 0 FT934-3766 0
405 0 LA072390-0060 1
405 0 LA072590-0005 0
405 0 FT944-12147 1
405 0 FR940527-1-00162 0
405 0 FBIS3-55612 0
405 0 LA031890-0075 0
405 0 FT921-6928 0
405 0 FBIS3-1471 0
405 0 LA122589-0068 0
405 0 LA080289-0090 0
405 0 LA061490-0072 1
405 0 FT944-864 0
405 0 LA063089-0071 0
405 0 FBIS3-42520 0
405 0 FT922-13455 1
405 0 LA060290-0101 0
405 0 LA082489-0132 0
405 0 LA033090-0013 0
405 0 FBIS4-47345 0
405 0 FBIS3-41666 0
405 0 LA021389-0093 0
405 0 FT931-16055 1
405 0 LA090889-0077 0
405 0 LA120290-0016 0
405 0 LA031389-0056 0
405 0 FBIS3-42515 0
405 0 LA120990-0163 0
405 0 LA063090-0139 0
405 0 FBIS3-42517 0
405 0 FR941130-0-00127 0
405 0 FT931-2667 0
405 0 LA012289-0002 0
405 0 FR940527-2-00135 0
405 0 LA020190-0053 1
405 0 FT924-271 0
405 0 FR941130-0-00122 0
405 0 LA031290-0034 0
405 0 LA121190-0160 1
405 0 LA122489-0104 0
405 0 LA120390-0126 0
405 0 LA111789-0042 0
405 0 FBIS3-42549 0
405 0 FBIS3-42547 0
405 0 FBIS3-42400 0
405 0 FT922-11472 1
405 0 LA101789-0032 0
405 0 FBIS3-13680 0
405 0 FBIS3-21322 0
405 0 FR941221-2-00104 0
405 0 FR940202-2-00072 0
405 0 FR940223-0-00054 0
405 0 FBIS3-23684 0
405 0 LA091589-0072 0
405 0 FBIS4-66406 0
405 0 LA080989-0058 0
405 0 FBIS3-60336 0
405 0 FBIS4-68445 0
405 0 LA121190-0079 0
405 0 FT922-7914 0
405 0 FBIS3-1425 0
405 0 LA101789-0027 0
405 0 LA102289-0040 0
405 0 LA060290-0131 0
405 0 LA031289-0016 0
405 0 FR940922-2-00126 0
