427 0 FBIS3-22135 1
427 0 FBIS4-44775 0
427 0 FBIS4-52158 0
427 0 LA103190-0163 1
427 0 FT923-9797 0
427 0 LA122990-0033 0
427 0 LA032689-0173 0
427 0 LA070389-0030 0
427 0 LA070389-0031 0
427 0 FR940912-2-00110 0
427 0 FR940112-1-00044 1
427 0 FR940721-1-00098 0
427 0 FT942-14538 0
427 0 FBIS4-66321 0
427 0 LA060989-0152 0
427 0 FR940104-0-00034 0
427 0 LA010189-0001 0
427 0 LA030389-0109 0
427 0 FT944-2707 0
427 0 FT943-16587 0
427 0 FBIS4-66185 0
427 0 FT921-7202 1
427 0 FBIS3-21123 0
427 0 LA102089-0116 0
427 0 FBIS4-21403 0
427 0 FR941230-0-00120 0
427 0 FR941027-1-00030 0
427 0 FT923-10771 1
427 0 FBIS4-44893 0
427 0 LA120389-0067 0
427 0 LA091189-0070 0
427 0 LA123189-0130 0
427 0 FT924-7120 1
427 0 FBIS4-5987 0
427 0 FBIS4-66445 0
427 0 LA021689-0113 1
427 0 FBIS3-21118 0
427 0 FT941-8374 0
427 0 LA060489-0006 0
427 0 LA080590-0077 1
427 0 FR940223-2-00150 0
427 0 LA041689-0006 0
427 0 FT923-3538 0
427 0 LA121390-0164 0
427 0 FBIS4-20684 0
427 0 LA040190-0192 0
427 0 LA011990-0142 0
427 0 FR940203-2-00105 0
427 0 LA010590-0158 0
427 0 LA102490-0132 1
427 0 FT943-5736 1
427 0 FR941028-2-00200 0
427 0 FR941028-2-00201 0
427 0 FR941028-2-00202 0
427 0 FR941028-2-00203 0
427 0 LA123189-0117 0
427 0 FR941202-2-00139 0
427 0 FBIS4-44913 0
427 0 FR941216-1-00073 0
427 0 LA052189-0138 0
427 0 FR940304-2-00187 0
427 0 LA022889-0111 0
427 0 FT921-7843 0
427 0 FBIS4-67533 0
427 0 FR941125-1-00022 0
427 0 FR940819-2-00128 0
427 0 FBIS3-16452 0
427 0 FT932-8539 0
427 0 LA011589-0120 1
427 0 FBIS3-43132 0
427 0 FBIS4-51932 0
427 0 FT934-2968 0
427 0 FT944-2695 0
427 0 FR941028-2-00213 1
427 0 FBIS3-40450 0
427 0 LA102989-0050 0
427 0 FR941206-1-00134 0
427 0 FT931-17108 0
427 0 FT943-1592 0
427 0 LA082589-0056 1
427 0 LA052389-0072 1
427 0 FBIS3-21266 0
427 0 FR940602-1-00023 0
427 0 FR940114-2-00157 0
427 0 FBIS4-46650 0
427 0 LA031289-0187 0
427 0 FBIS3-61471 0
427 0 FT943-3306 0
427 0 FT943-13952 1
427 0 FT924-6027 0
427 0 LA120490-0100 1
427 0 FT944-11357 0
427 0 FBIS4-32827 0
427 0 FT942-15949 0
427 0 FT944-15889 0
427 0 FBIS3-21201 0
427 0 FBIS3-22363 0
427 0 LA011589-0017 0
427 0 FT924-1885 1
427 0 FR940105-2-00125 0
427 0 FBIS4-46469 0
427 0 FR940711-2-00169 0
427 0 LA021289-0038 0
427 0 FT923-4376 0
427 0 FBIS3-15695 0
427 0 LA040689-0058 0
427 0 LA052590-0118 0
427 0 LA032289-0150 0
427 0 FBIS4-41259 0
427 0 FBIS4-47764 0
427 0 FT931-10311 0
427 0 FT943-13614 0
427 0 FT944-2266 0
427 0 FR941219-2-00042 0
427 0 FT944-2988 0
427 0 LA080490-0095 0
427 0 FBIS3-43186 0
427 0 FBIS4-46649 0
427 0 LA092590-0164 0
427 0 FR940602-1-00076 0
427 0 LA022590-0189 0
427 0 FBIS3-43022 0
427 0 FT921-16554 0
427 0 LA022590-0188 0
427 0 FT941-7925 0
427 0 FBIS4-68893 0
427 0 FR940405-1-00140 0
427 0 FT943-3693 0
427 0 FR940405-1-00141 0
427 0 FR940405-1-00143 0
427 0 FR940125-2-00028 0
427 0 FT944-3522 0
427 0 FR940405-1-00144 0
427 0 FR940405-1-00145 0
427 0 FT924-14454 0
427 0 FR940405-1-00146 0
427 0 FT933-16379 1
427 0 LA050689-0095 1
427 0 LA041190-0017 0
427 0 FBIS3-48513 0
427 0 FT933-15107 0
427 0 FBIS4-66382 0
427 0 FR940810-2-00123 0
427 0 FBIS4-68785 0
427 0 FR940118-2-00120 0
427 0 FR940405-1-00139 0
427 0 FR940405-1-00137 0
427 0 FR940405-1-00138 0
427 0 FR940405-1-00136 0
427 0 FBIS4-67639 0
427 0 FBIS4-21397 0
427 0 FBIS4-20472 0
427 0 LA070989-0017 0
427 0 LA082089-0008 1
427 0 FT922-15435 0
427 0 FBIS3-21049 0
427 0 FT911-3225 0
427 0 FR940513-0-00121 0
427 0 LA022890-0058 0
427 0 FR940620-0-00067 0
427 0 FT931-5371 1
427 0 FT944-14576 0
427 0 FT931-8657 0
427 0 LA022790-0161 0
427 0 FR941130-0-00122 0
427 0 FT932-7524 0
427 0 FBIS3-24469 0
427 0 LA022590-0145 0
427 0 FBIS3-41575 1
427 0 LA080390-0134 0
427 0 FR940318-0-00111 1
427 0 FBIS4-45706 0
427 0 FBIS3-42400 0
427 0 FBIS3-42547 0
427 0 FR940406-0-00190 0
427 0 LA030689-0003 1
427 0 LA072290-0189 0
427 0 LA061889-0019 0
427 0 FBIS3-60342 0
427 0 FT922-7705 1
427 0 FBIS4-52045 0
427 0 FBIS4-52042 0
427 0 FT921-9705 1
427 0 FBIS4-52043 0
427 0 LA073190-0015 0
427 0 FT923-6271 0
427 0 FT921-8446 1
427 0 FBIS4-1394 0
427 0 FBIS4-52754 0
427 0 LA030389-0098 0
427 0 FBIS4-66405 0
427 0 FBIS4-66406 1
427 0 FT932-4305 1
427 0 LA042390-0089 0
427 0 FR941107-2-00088 0
427 0 FT931-11082 0
427 0 FT933-1362 1
427 0 LA121490-0104 0
427 0 LA123189-0037 0
427 0 LA060590-0146 0
427 0 FBIS4-52037 0
427 0 FBIS4-52039 0
427 0 LA123090-0063 0
