404 0 FBIS3-38982 0
404 0 FT943-1879 0
404 0 LA042289-0012 0
404 0 FBIS4-46194 1
404 0 FT934-5706 0
404 0 FT944-8536 0
404 0 FBIS3-11594 0
404 0 FT944-16579 0
404 0 FT944-8534 0
404 0 FT944-9392 0
404 0 FBIS3-2269 0
404 0 FBIS4-18270 0
404 0 FT944-4839 0
404 0 FT934-4357 0
404 0 FBIS3-25235 0
404 0 FT934-2718 0
404 0 FBIS4-12183 0
404 0 FBIS3-19785 1
404 0 LA042789-0184 0
404 0 FR940112-1-00044 0
404 0 FT933-10851 0
404 0 FT941-7351 0
404 0 FBIS3-25368 0
404 0 FT941-4773 1
404 0 FBIS3-13442 0
404 0 FT943-6025 0
404 0 FT944-14534 0
404 0 FT941-7866 0
404 0 FBIS3-13589 0
404 0 FBIS3-19288 0
404 0 FT934-5715 0
404 0 FBIS4-44373 1
404 0 FBIS3-43374 0
404 0 FT933-15301 0
404 0 FT924-10610 0
404 0 FT943-257 0
404 0 FBIS3-39745 0
404 0 FT944-18088 0
404 0 FT934-11257 0
404 0 FT934-12907 1
404 0 FT921-3251 0
404 0 FT941-3863 1
404 0 FBIS3-1296 0
404 0 FT944-10830 0
404 0 FT934-5536 0
404 0 FBIS4-64062 0
404 0 FT943-6264 0
404 0 FBIS3-49035 0
404 0 FT934-1977 0
404 0 FT932-4852 0
404 0 FT934-1231 1
404 0 FT934-1976 0
404 0 FBIS3-50526 0
404 0 FT921-12324 0
404 0 FT921-3718 0
404 0 FT943-3207 0
404 0 FT934-13340 0
404 0 FT934-2053 0
404 0 FBIS3-8612 0
404 0 FT924-9359 0
404 0 FT934-2050 0
404 0 FT933-895 0
404 0 FT941-4495 0
404 0 FT941-3775 1
404 0 FT943-6067 1
404 0 FT941-3772 1
404 0 FT943-3475 1
404 0 FBIS4-66022 1
404 0 FT943-6251 1
404 0 FT941-4490 1
404 0 FT944-2612 0
404 0 FT934-16786 1
404 0 FT934-1366 1
404 0 FBIS4-42393 0
404 0 FT941-17485 0
404 0 FBIS3-15723 0
404 0 FBIS3-39567 0
404 0 FBIS3-15724 0
404 0 FT934-7271 1
404 0 FT942-9304 0
404 0 FT942-17632 1
404 0 FR940902-1-00048 0
404 0 FBIS3-35195 0
404 0 FT941-10828 0
404 0 FBIS3-23037 0
404 0 FT943-12276 0
404 0 FT934-4311 1
404 0 FBIS4-12938 0
404 0 FT941-8490 0
404 0 FBIS4-12937 0
404 0 FR940812-2-00229 0
404 0 FT941-16647 0
404 0 FBIS3-302 0
404 0 FBIS4-66076 1
404 0 FT934-11416 0
404 0 FT941-6623 0
404 0 FBIS3-19054 0
404 0 FT943-5117 0
404 0 FBIS3-13213 0
404 0 FT932-16268 0
404 0 FT921-16386 0
404 0 FBIS4-67533 0
404 0 FT924-7808 1
404 0 FT921-3936 0
404 0 FT934-6429 0
404 0 FT932-16050 0
404 0 FBIS3-18199 1
404 0 FBIS3-19242 1
404 0 FT934-1987 0
404 0 FBIS3-1771 0
404 0 FT933-13687 0
404 0 FT934-10465 0
404 0 FT932-10751 1
404 0 FT934-11927 1
404 0 FT941-2421 1
404 0 LA103089-0034 0
404 0 FT932-10754 1
404 0 FBIS4-18105 0
404 0 FR941206-1-00134 0
404 0 FT944-16327 0
404 0 FT943-317 0
404 0 FBIS3-32155 0
404 0 FBIS4-58273 0
404 0 FBIS3-626 0
404 0 FT942-7316 0
404 0 FT942-7418 0
404 0 FBIS3-19753 0
404 0 FBIS3-39919 0
404 0 FBIS3-25261 0
404 0 FT932-16647 1
404 0 FBIS3-19846 1
404 0 FT942-17045 0
404 0 FBIS3-38539 0
404 0 FBIS3-19237 1
404 0 FBIS3-19236 1
404 0 FBIS3-13879 0
404 0 FBIS3-39676 0
404 0 FT943-6016 0
404 0 FT943-3199 0
404 0 FBIS4-43804 1
404 0 FT943-6019 0
404 0 FT923-6728 0
404 0 FBIS3-19031 1
404 0 FT924-6224 0
404 0 FT941-12620 0
404 0 FT943-5955 0
404 0 FT944-14470 0
404 0 FBIS4-47014 0
404 0 FT944-13215 0
404 0 FT934-11322 0
404 0 FT922-5442 0
404 0 FT931-16787 1
404 0 FBIS4-6399 0
404 0 FT941-1166 0
404 0 FT944-1524 1
404 0 FBIS4-65870 1
404 0 FT934-9911 1
404 0 FBIS3-19570 1
404 0 FT943-4066 1
404 0 FBIS3-37947 0
404 0 FT943-5825 1
404 0 FT943-10594 0
404 0 FBIS4-4440 0
404 0 FT941-14157 0
404 0 FT934-1822 1
404 0 FBIS3-7899 0
404 0 FT943-5822 0
404 0 FT934-11331 1
404 0 FBIS3-19025 1
404 0 FBIS3-4606 0
404 0 LA051790-0227 0
404 0 FT921-5575 0
404 0 LA062190-0158 0
404 0 FT934-16301 0
404 0 LA050389-0044 0
404 0 FBIS3-25435 0
404 0 FBIS3-10109 0
404 0 FT922-2468 0
404 0 FBIS4-14074 0
404 0 FT934-17378 0
404 0 FT941-10238 0
404 0 FT944-15581 0
404 0 LA042490-0203 0
404 0 FBIS4-42212 0
404 0 FBIS3-18057 0
404 0 FT934-11034 0
404 0 FT942-16628 0
404 0 FBIS3-38425 0
404 0 FBIS4-65778 1
404 0 FT944-13925 0
404 0 FT921-10402 0
404 0 FT942-2441 1
404 0 FBIS3-38116 0
404 0 FBIS3-38117 0
404 0 LA021090-0026 0
404 0 FT944-3760 0
404 0 FT941-12197 0
404 0 FT932-4632 0
404 0 FT932-3512 0
404 0 FT941-4019 1
404 0 FT943-2819 0
404 0 FT943-12578 0
404 0 FR940325-1-00057 0
404 0 FBIS3-38414 1
404 0 FT944-16258 0
404 0 FT934-7109 0
404 0 FT941-9593 0
404 0 FT942-8502 0
404 0 FT944-9879 1
404 0 FBIS4-52807 0
404 0 FBIS4-64256 1
404 0 FBIS3-18343 1
404 0 FBIS4-59287 0
404 0 FT934-8997 0
404 0 FBIS3-23050 0
404 0 FBIS3-18347 0
404 0 FT931-12151 0
404 0 FBIS3-4629 0
404 0 FT944-5903 1
404 0 FT941-11024 0
404 0 FBIS3-58248 1
404 0 FBIS4-66382 0
404 0 FBIS4-11669 0
404 0 FT943-4667 0
404 0 FT911-3109 1
404 0 FBIS4-20504 0
404 0 FT922-10534 0
404 0 FT931-916 1
404 0 FT934-9649 0
404 0 FBIS3-8770 0
404 0 FT934-11423 1
404 0 FT934-10722 0
404 0 FT934-12128 1
404 0 FT934-5486 1
404 0 FBIS4-18317 0
404 0 FT934-977 0
404 0 FBIS3-23183 0
404 0 FT934-17386 0
404 0 FT934-10727 0
404 0 FT944-9584 0
404 0 FBIS3-25050 0
404 0 FT931-2848 0
404 0 FT943-1439 0
404 0 FBIS4-65836 0
404 0 FBIS3-12798 0
404 0 FT942-16203 0
404 0 FT943-12355 0
404 0 FBIS4-65646 0
404 0 FT924-6089 0
404 0 FT943-5512 1
404 0 FT934-14941 0
404 0 FBIS3-39107 0
404 0 FBIS3-39614 0
404 0 FR940207-0-00015 0
404 0 FT921-13984 0
404 0 FBIS3-33112 0
404 0 FBIS3-25331 0
404 0 FT941-1723 0
404 0 FT944-1756 0
404 0 FT942-8049 1
404 0 FT922-3958 0
404 0 FBIS3-28066 0
404 0 FBIS3-25124 0
404 0 FT933-5744 0
404 0 FT934-5748 0
404 0 FBIS3-36078 0
404 0 FBIS3-41666 0
404 0 FBIS3-54575 0
404 0 FBIS3-58827 0
404 0 FT934-4124 0
404 0 FT934-5663 0
404 0 FT934-1537 0
404 0 FBIS4-36051 0
404 0 FT934-8230 0
404 0 FT943-3644 1
404 0 FT934-4527 1
404 0 FT934-11487 1
404 0 LA061290-0185 0
404 0 FT942-8241 0
404 0 FT942-12261 1
404 0 FT944-10368 1
404 0 FT934-16002 0
404 0 FT934-11680 1
404 0 FBIS4-65718 1
404 0 FT934-8237 0
404 0 FBIS3-1048 0
404 0 FBIS3-35370 0
404 0 FT944-1355 0
404 0 FT924-13583 0
404 0 FT934-11481 0
404 0 FT932-15914 1
404 0 FT943-4614 0
404 0 FT934-17011 0
404 0 FT923-14030 0
404 0 FT942-16454 1
404 0 FBIS3-38874 0
404 0 FBIS3-38875 0
404 0 FT944-18148 1
404 0 FT941-9654 0
404 0 FT943-4913 0
404 0 FBIS3-39732 1
404 0 FBIS3-25100 0
404 0 FBIS3-12203 0
404 0 FT943-6195 0
404 0 FBIS3-53510 0
404 0 FBIS3-60342 0
404 0 FBIS4-14340 0
404 0 FT933-951 0
404 0 FT934-11473 1
404 0 FBIS4-65610 0
404 0 FBIS4-58333 0
404 0 FBIS3-12601 0
404 0 FT934-8472 0
404 0 FBIS3-18032 0
404 0 FBIS3-25218 0
404 0 FT934-4102 0
404 0 FBIS3-38873 0
404 0 FT934-1931 0
404 0 FBIS3-3146 0
404 0 FBIS4-48346 0
404 0 FT941-1735 0
404 0 FT942-6503 0
404 0 FT941-13762 0
404 0 FT943-4437 0
404 0 FBIS3-52472 0
404 0 FT944-15807 0
404 0 FT933-4357 0
404 0 FT943-4800 0
404 0 FT924-1173 0
404 0 FBIS3-38740 1
404 0 FT941-17583 0
404 0 FT911-4068 0
404 0 LA031790-0147 0
404 0 FT933-16286 1
404 0 FT934-10400 0
404 0 FT941-11647 1
404 0 FT934-10406 0
404 0 FT944-8860 0
404 0 FBIS4-67877 0
404 0 FT943-6585 0
404 0 FT924-4369 1
404 0 FT943-12191 0
404 0 FT942-14349 0
404 0 FT943-5388 0
404 0 FBIS4-12759 0
404 0 FT943-4801 0
