425 0 LA110890-0039 1
425 0 FBIS4-42384 1
425 0 FR941230-0-00119 0
425 0 FBIS3-29 1
425 0 FBIS3-26 0
425 0 FBIS3-2963 1
425 0 FBIS4-26054 0
425 0 FT933-13657 0
425 0 FBIS3-1086 0
425 0 FBIS3-3910 0
425 0 LA010189-0169 0
425 0 LA022390-0067 1
425 0 FT921-14192 1
425 0 FBIS3-35679 0
425 0 FBIS4-26053 0
425 0 FT911-4201 0
425 0 FT911-327 0
425 0 FBIS3-4100 0
425 0 LA093089-0002 0
425 0 FBIS4-58610 0
425 0 FBIS3-40497 0
425 0 FT924-1452 0
425 0 LA031390-0138 1
425 0 FBIS4-47199 1
425 0 LA022590-0101 0
425 0 FBIS4-66990 0
425 0 LA071389-0111 1
425 0 FBIS3-3630 1
425 0 FR941230-0-00123 0
425 0 FBIS4-66590 1
425 0 FR941230-0-00120 0
425 0 FBIS3-23772 0
425 0 FBIS4-66195 1
425 0 FBIS3-160 0
425 0 FT933-10642 0
425 0 FBIS3-36952 0
425 0 FBIS4-58263 1
425 0 FBIS3-32461 0
425 0 FT942-9466 0
425 0 FBIS4-16779 0
425 0 FBIS4-57870 1
425 0 FR940204-0-00023 0
425 0 FR940204-0-00024 0
425 0 FBIS3-50510 0
425 0 FBIS4-47045 1
425 0 FBIS3-26383 1
425 0 FBIS4-53138 0
425 0 FBIS3-58171 1
425 0 FBIS3-6482 0
425 0 FBIS4-53139 0
425 0 FBIS3-44736 1
425 0 LA120489-0078 0
425 0 FBIS3-11716 0
425 0 FBIS3-2164 0
425 0 FBIS4-67150 1
425 0 LA092890-0001 0
425 0 FBIS4-7617 0
425 0 FT921-12581 0
425 0 FBIS4-66565 1
425 0 FT944-6431 0
425 0 FBIS4-10558 1
425 0 FBIS3-67 1
425 0 FT911-1826 0
425 0 FBIS3-10532 1
425 0 FT923-15358 0
425 0 FBIS4-21094 1
425 0 FBIS3-26720 0
425 0 FT943-7529 1
425 0 FT943-505 0
425 0 FBIS3-26006 0
425 0 FBIS4-3463 0
425 0 FT934-14923 0
425 0 FBIS3-42399 0
425 0 FBIS3-23846 1
425 0 FBIS4-59139 1
425 0 FBIS3-28152 0
425 0 FT942-9467 0
425 0 FBIS3-4884 0
425 0 LA071989-0120 1
425 0 FT911-354 0
425 0 FT944-5991 0
425 0 FT934-10733 0
425 0 FBIS4-52928 0
425 0 FT934-10731 0
425 0 LA091589-0010 0
425 0 FBIS3-2630 0
425 0 FT941-8755 0
425 0 FBIS4-52929 0
425 0 FBIS4-56568 0
425 0 LA080489-0110 0
425 0 LA010290-0027 0
425 0 LA091389-0045 0
425 0 FBIS3-38676 0
425 0 LA040989-0019 0
425 0 LA032490-0092 0
425 0 FBIS3-61097 0
425 0 FBIS4-4049 0
425 0 LA110389-0092 0
425 0 FBIS3-61096 0
425 0 FBIS4-49075 1
425 0 LA010689-0129 0
425 0 FT924-13766 0
425 0 FBIS4-34522 1
425 0 FBIS4-67206 0
425 0 FBIS3-27016 0
425 0 FBIS3-37947 1
425 0 LA080489-0028 0
425 0 FBIS4-46047 1
425 0 FT911-135 0
425 0 LA101989-0067 0
425 0 FBIS4-46469 0
425 0 LA010390-0055 0
425 0 LA041389-0052 1
425 0 LA052490-0034 0
425 0 FT944-18638 1
425 0 FBIS3-23711 0
425 0 FT922-13021 0
425 0 FT923-14069 0
425 0 LA040989-0087 0
425 0 FBIS4-45244 1
425 0 LA040989-0086 0
425 0 FT911-252 0
425 0 FBIS4-22411 1
425 0 LA012789-0011 0
425 0 LA083190-0061 0
425 0 FBIS4-27397 1
425 0 FT911-15 0
425 0 FT924-15811 0
425 0 LA122889-0074 1
425 0 LA030389-0044 0
425 0 LA031089-0047 0
425 0 FBIS3-61238 0
425 0 FBIS4-46649 0
425 0 FBIS3-22035 0
425 0 FBIS4-30671 0
425 0 FT943-5557 0
425 0 FBIS3-24329 0
425 0 FBIS4-68893 0
425 0 FT921-7570 0
425 0 FR940314-1-00041 0
425 0 FBIS4-30283 0
425 0 FBIS4-30282 0
425 0 FBIS3-26913 0
425 0 LA031189-0122 1
425 0 LA022289-0114 1
425 0 FBIS3-4527 0
425 0 FBIS4-46741 1
425 0 LA040789-0048 1
425 0 FBIS3-21770 1
425 0 FBIS4-66382 0
425 0 LA010189-0097 0
425 0 FBIS3-3391 0
425 0 FBIS4-21186 1
425 0 FT924-4316 0
425 0 FBIS4-68371 1
425 0 LA032489-0099 0
425 0 FBIS3-18860 1
425 0 FT934-2299 0
425 0 FBIS4-66776 0
425 0 FBIS3-3793 0
425 0 FT921-12539 1
425 0 FT924-2669 0
425 0 FT922-3666 1
425 0 FBIS4-46734 1
425 0 FBIS4-27749 0
425 0 FBIS4-42716 1
425 0 FBIS3-59990 1
425 0 FBIS3-9357 0
425 0 FBIS4-20472 0
425 0 LA051089-0145 0
425 0 FBIS3-5149 0
425 0 LA091590-0091 1
425 0 FBIS3-23820 0
425 0 FBIS4-26002 0
425 0 FT923-3004 0
425 0 FBIS3-46005 0
425 0 FBIS3-24352 0
425 0 LA122989-0066 1
425 0 FBIS3-24653 0
425 0 FT942-2950 0
425 0 LA102189-0077 1
425 0 FBIS4-45204 1
425 0 LA022189-0081 0
425 0 FBIS3-23966 0
425 0 FBIS4-45573 0
425 0 FBIS3-24145 1
425 0 FBIS4-22785 0
425 0 FBIS3-41666 0
425 0 LA010290-0087 1
425 0 FT942-12121 0
425 0 FT923-466 0
425 0 FBIS4-1549 0
425 0 FBIS3-54773 1
425 0 FBIS3-7036 0
425 0 FBIS3-45903 1
425 0 FBIS3-6297 0
425 0 FT932-6996 0
425 0 LA051989-0077 0
425 0 FBIS3-55302 0
425 0 FBIS3-9870 0
425 0 FBIS4-36719 1
425 0 FBIS3-55300 0
425 0 FT934-11785 0
425 0 FT943-14585 1
425 0 FBIS4-67291 0
425 0 FT921-14379 1
425 0 FBIS4-19819 1
425 0 FBIS3-59325 0
425 0 FT921-14233 1
425 0 LA051690-0048 0
425 0 FT911-4986 0
425 0 LA101890-0111 1
425 0 FBIS4-26260 1
425 0 LA110190-0190 0
425 0 FBIS4-30668 0
425 0 FBIS4-24633 0
425 0 LA022490-0076 1
425 0 FT942-1428 1
425 0 FBIS3-9986 0
425 0 FBIS4-30667 0
425 0 FR940217-1-00093 0
425 0 FT922-748 0
425 0 FT932-3059 0
425 0 LA020489-0079 0
425 0 FT932-12615 0
425 0 FBIS3-25902 0
425 0 LA070289-0069 1
425 0 FBIS3-25901 0
425 0 FBIS3-3138 0
425 0 FBIS4-12757 1
425 0 FT944-9277 0
