432 0 FT931-9830 0
432 0 FT931-10985 0
432 0 FT933-15846 0
432 0 FT924-10342 0
432 0 FBIS4-20556 0
432 0 LA040389-0099 0
432 0 FR940812-2-00056 0
432 0 LA110289-0187 0
432 0 FBIS3-5775 0
432 0 FT943-1778 0
432 0 LA102390-0019 0
432 0 FT944-5354 0
432 0 LA101890-0130 0
432 0 FT921-405 0
432 0 FR940112-1-00044 0
432 0 FBIS4-2356 0
432 0 LA102190-0161 0
432 0 FT923-9219 0
432 0 LA021590-0166 0
432 0 LA050889-0006 0
432 0 FT931-9941 0
432 0 FR940328-0-00008 0
432 0 LA040789-0142 0
432 0 FBIS4-68172 0
432 0 FR940627-2-00046 0
432 0 FT943-5710 0
432 0 LA122489-0116 0
432 0 FBIS4-60862 0
432 0 LA042289-0135 0
432 0 LA031289-0140 0
432 0 LA052589-0076 1
432 0 FR941103-2-00145 0
432 0 LA012289-0085 0
432 0 FT931-15867 0
432 0 FBIS3-679 0
432 0 FR941202-0-00138 0
432 0 LA041790-0057 0
432 0 FR941213-0-00007 0
432 0 FR941213-0-00008 0
432 0 FBIS3-6876 0
432 0 FT932-7445 0
432 0 LA022790-0145 0
432 0 LA071189-0101 0
432 0 LA081789-0061 0
432 0 LA083089-0073 0
432 0 FT944-10075 0
432 0 FR940825-2-00115 0
432 0 FT931-14353 0
432 0 LA031789-0118 0
432 0 LA051289-0114 0
432 0 FBIS4-56121 0
432 0 LA071289-0062 0
432 0 LA091090-0043 0
432 0 LA100989-0065 0
432 0 FT934-10453 0
432 0 FT942-17023 0
432 0 LA042189-0042 0
432 0 LA080290-0113 0
432 0 FT932-9300 0
432 0 FT931-9877 0
432 0 LA081789-0059 0
432 0 FR941202-2-00139 0
432 0 LA062390-0121 0
432 0 FT934-6025 0
432 0 FT944-7265 0
432 0 LA122190-0129 0
432 0 LA110790-0055 0
432 0 FT932-14549 0
432 0 LA113089-0146 0
432 0 FR940426-0-00076 0
432 0 LA062890-0142 0
432 0 FT921-6871 0
432 0 FR940805-1-00084 0
432 0 LA060390-0119 0
432 0 LA042490-0150 0
432 0 LA011989-0042 0
432 0 LA042090-0022 0
432 0 FT932-1597 0
432 0 FT942-6174 0
432 0 FR940902-2-00104 0
432 0 FR940902-2-00103 0
432 0 FR940902-2-00102 0
432 0 FR940902-2-00101 0
432 0 FBIS4-50164 0
432 0 LA041489-0021 0
432 0 FT933-15023 0
432 0 FR940617-0-00096 0
432 0 FR940602-1-00023 0
432 0 LA010890-0065 0
432 0 FT933-6926 0
432 0 FR941031-2-00047 0
432 0 FR940728-1-00021 0
432 0 FBIS3-43142 0
432 0 LA070389-0018 1
432 0 FBIS4-51119 0
432 0 FT941-9039 0
432 0 LA090490-0127 0
432 0 LA110590-0104 0
432 0 FBIS4-66939 0
432 0 FT932-10562 0
432 0 FBIS4-46137 0
432 0 FBIS4-3370 0
432 0 FT944-7239 0
432 0 FT932-4581 0
432 0 LA102989-0167 0
432 0 FT943-2620 0
432 0 FBIS3-23726 0
432 0 LA111189-0008 0
432 0 FR940419-2-00025 0
432 0 LA030590-0103 0
432 0 FT944-13369 0
432 0 FT922-9224 0
432 0 FT922-4190 0
432 0 LA022889-0109 0
432 0 LA052490-0077 0
432 0 LA053189-0030 0
432 0 FBIS3-38225 0
432 0 LA011190-0092 0
432 0 FBIS3-44836 0
432 0 FT943-7177 0
432 0 FR940930-0-00212 0
432 0 LA051590-0044 0
432 0 LA012089-0090 1
432 0 FT942-13619 0
432 0 FT943-2557 0
432 0 FT924-13394 0
432 0 FR940930-0-00216 0
432 0 LA040290-0025 0
432 0 FT943-16603 0
432 0 FT922-10200 0
432 0 FT931-5127 0
432 0 LA123190-0091 0
432 0 LA011989-0006 1
432 0 LA071189-0069 0
432 0 FT931-12405 0
432 0 LA031590-0163 0
432 0 FR940314-2-00098 0
432 0 FR940627-0-00179 0
432 0 FR940314-2-00099 0
432 0 LA040489-0044 0
432 0 FT922-3158 0
432 0 LA051590-0052 0
432 0 FT922-10338 0
432 0 LA100389-0067 0
432 0 LA021289-0151 0
432 0 LA080790-0111 0
432 0 FT942-6637 0
432 0 LA103090-0072 0
432 0 FR941007-2-00049 0
432 0 LA010890-0034 0
432 0 FR941007-2-00047 0
432 0 FBIS3-1111 0
432 0 FR940912-1-00081 0
432 0 LA030489-0068 1
432 0 FR941007-2-00048 0
432 0 LA011989-0012 1
432 0 LA010189-0098 0
432 0 LA071089-0079 0
432 0 FR940902-2-00106 0
432 0 FR940114-1-00028 0
432 0 FT924-3717 0
432 0 FR941213-0-00080 0
432 0 FR940114-1-00023 0
432 0 LA051889-0160 0
432 0 FT934-15036 0
432 0 LA101690-0051 0
432 0 FBIS3-9947 0
432 0 FR941007-2-00051 0
432 0 LA101189-0123 0
432 0 LA082089-0005 0
432 0 LA041190-0004 0
432 0 FT944-16801 0
432 0 FT941-11093 0
432 0 FT932-120 0
432 0 FBIS4-20472 0
432 0 LA042189-0165 0
432 0 LA101690-0049 0
432 0 FT931-14214 0
432 0 FT934-6050 0
432 0 FR941213-0-00074 0
432 0 FT934-14942 0
432 0 FR940805-1-00060 0
432 0 FR940114-1-00032 0
432 0 FR940126-2-00113 0
432 0 LA022790-0039 0
432 0 LA072990-0101 0
432 0 FT943-14066 0
432 0 LA010889-0149 0
432 0 LA110289-0147 1
432 0 FT924-7669 0
432 0 FR940114-1-00040 0
432 0 FT924-44 0
432 0 LA052790-0204 0
432 0 FT932-1401 0
432 0 FBIS4-21704 0
432 0 FBIS3-41666 0
432 0 FR940413-2-00166 0
432 0 LA052289-0035 0
432 0 LA100390-0008 0
432 0 FT924-3962 0
432 0 FT931-14566 0
432 0 FBIS3-60213 0
432 0 FR941213-0-00011 0
432 0 LA100290-0145 0
432 0 LA110190-0154 0
432 0 FT924-40 0
432 0 LA060490-0061 0
432 0 FR940114-1-00055 0
432 0 FT934-16935 0
432 0 FR940204-2-00032 0
432 0 LA072690-0254 0
432 0 FT944-16113 0
432 0 FT922-3298 0
432 0 LA082290-0002 0
432 0 FT932-1624 0
432 0 LA032690-0110 0
432 0 LA041689-0062 1
432 0 FBIS4-67072 0
432 0 LA042589-0108 1
432 0 FBIS3-60342 0
432 0 LA032990-0044 0
432 0 LA110889-0145 0
432 0 LA022690-0089 0
432 0 FT923-10824 0
432 0 FR940805-1-00112 0
432 0 FT944-16029 0
432 0 FBIS3-60148 1
432 0 FBIS3-24339 0
432 0 FBIS4-45454 0
432 0 FT931-6613 0
432 0 LA122489-0211 0
432 0 LA033089-0162 0
432 0 FT933-862 0
432 0 FT921-11633 0
432 0 LA012489-0121 0
432 0 FT943-9831 0
432 0 LA013090-0038 0
432 0 FT943-6778 0
432 0 FR940223-0-00060 0
432 0 FBIS4-67877 0
432 0 FT931-14069 0
432 0 FR940223-0-00061 0
432 0 LA071590-0068 0
432 0 FR940223-0-00062 0
432 0 FT931-10797 0
432 0 FBIS3-2079 0
432 0 FT934-4561 0
432 0 LA030590-0081 0
432 0 LA012190-0093 0
432 0 FBIS3-60191 1
432 0 FR940407-0-00013 0
432 0 LA022789-0077 0
432 0 FR940314-2-00104 0
432 0 FT932-16013 0
432 0 FT923-11102 0
432 0 FBIS4-20807 0
432 0 FR940314-2-00108 0
432 0 FR940314-2-00109 0
432 0 FT932-6759 0
432 0 LA090290-0172 0
432 0 FR940110-2-00020 0
432 0 FR940314-2-00100 0
432 0 LA011789-0078 0
432 0 FR940314-2-00101 0
432 0 LA112590-0155 0
432 0 FBIS4-21406 0
432 0 FT944-1065 0
432 0 LA050890-0121 0
432 0 FBIS3-24739 0
432 0 FR940707-2-00077 0
432 0 LA070190-0126 0
432 0 FR940110-1-00119 0
432 0 FR940106-2-00136 0
432 0 FR940106-2-00137 0
432 0 FR940106-2-00135 0
432 0 FR940620-0-00147 0
432 0 FT931-9503 0
432 0 LA061889-0082 0
432 0 FT932-10842 0
432 0 FT943-13916 0
432 0 FR940106-2-00132 0
432 0 FT922-12605 0
432 0 LA081190-0049 0
432 0 FR940106-2-00133 0
432 0 LA052690-0004 0
432 0 FT932-11038 0
432 0 LA022289-0095 0
432 0 FT931-12464 0
432 0 FBIS4-45041 0
432 0 FT922-10086 0
432 0 LA070890-0197 0
432 0 FBIS4-66579 0
432 0 FT923-14611 0
432 0 LA072189-0093 0
432 0 FBIS4-26738 0
432 0 FT942-13042 0
432 0 LA070990-0092 0
432 0 LA060389-0053 0
432 0 LA070890-0144 0
432 0 FBIS4-67336 0
432 0 FR940706-0-00063 0
432 0 LA030289-0154 0
432 0 FT944-16473 0
432 0 FR941205-2-00010 0
432 0 FR940706-0-00065 0
432 0 LA052689-0086 1
432 0 FR940621-2-00025 0
432 0 FT934-11202 0
432 0 FBIS4-67533 0
432 0 LA091589-0020 0
432 0 FT932-6123 0
432 0 LA021289-0144 0
432 0 LA012489-0089 0
432 0 FT934-8694 0
432 0 LA020690-0009 0
432 0 LA122989-0120 0
432 0 FBIS3-40450 0
432 0 FT941-1392 0
432 0 FR940706-0-00054 0
432 0 FBIS3-57821 0
432 0 FT932-6617 0
432 0 FR941206-1-00134 0
432 0 FT922-11392 0
432 0 LA021289-0138 0
432 0 FT921-399 0
432 0 LA040689-0166 0
432 0 FR940511-2-00191 0
432 0 FT943-7512 0
432 0 LA062289-0068 0
432 0 LA060589-0091 0
432 0 FT931-7421 0
432 0 FBIS4-80 0
432 0 LA021090-0145 0
432 0 LA052089-0097 0
432 0 FR941021-0-00072 0
432 0 LA090790-0195 0
432 0 FT933-10283 0
432 0 FR940503-2-00041 0
432 0 FR941103-0-00064 0
432 0 LA060989-0133 0
432 0 LA090390-0027 0
432 0 FBIS3-51038 0
432 0 FT944-404 0
432 0 FBIS3-41404 0
432 0 FT923-12661 0
432 0 FR940317-1-00144 0
432 0 LA042389-0211 0
432 0 LA101090-0099 0
432 0 LA101689-0077 0
432 0 FR940503-2-00032 0
432 0 FBIS4-46469 0
432 0 LA061390-0046 0
432 0 FBIS3-56338 0
432 0 FBIS3-56339 0
432 0 FT933-15243 0
432 0 LA102290-0086 0
432 0 FBIS4-32545 0
432 0 LA100490-0152 0
432 0 FBIS3-43196 0
432 0 LA031089-0050 0
432 0 LA061489-0048 0
432 0 LA031490-0004 0
432 0 LA111289-0114 0
432 0 LA080990-0004 0
432 0 FT933-1808 0
432 0 FR940114-0-00039 0
432 0 LA113090-0069 0
432 0 FT943-15053 0
432 0 LA030689-0073 0
432 0 FT931-7381 0
432 0 FT931-16460 0
432 0 FR940722-2-00025 0
432 0 FT944-635 0
432 0 FBIS4-68893 0
432 0 FT943-1445 0
432 0 FT932-17338 0
432 0 FR940203-0-00053 0
432 0 FT932-17472 0
432 0 FBIS4-939 0
432 0 FBIS4-66382 0
432 0 LA072789-0084 0
432 0 FBIS4-31028 0
432 0 FBIS4-20504 0
432 0 FR940722-2-00131 0
432 0 LA073089-0150 0
432 0 LA031190-0059 0
432 0 LA052990-0023 0
432 0 LA103090-0154 0
432 0 FR940118-2-00127 0
432 0 FBIS4-56982 0
432 0 FT944-4288 0
432 0 LA031789-0082 0
432 0 FT924-6893 0
432 0 LA030189-0057 0
432 0 LA070989-0018 0
432 0 LA060489-0028 0
432 0 LA103090-0106 0
432 0 LA121189-0087 0
432 0 LA052089-0130 0
432 0 FBIS3-24145 0
432 0 LA080589-0121 0
432 0 LA010290-0086 0
432 0 LA042390-0068 0
432 0 FBIS4-29 0
432 0 FT922-10068 0
432 0 FT943-12473 0
432 0 FT933-17008 0
432 0 FT931-10073 0
432 0 FR941130-0-00122 0
432 0 FT924-15595 0
432 0 LA061890-0089 0
432 0 FT941-10171 0
432 0 FBIS4-47675 0
432 0 FT942-7764 0
432 0 LA082790-0024 0
432 0 FR940324-1-00067 0
432 0 FT922-7237 0
432 0 LA120190-0131 0
432 0 FT922-10941 0
432 0 FT942-14608 0
432 0 LA011590-0133 0
432 0 LA090590-0104 0
432 0 LA102390-0051 0
432 0 LA122890-0023 0
432 0 FBIS4-68848 0
432 0 LA100590-0001 0
432 0 FT933-16656 0
432 0 FT941-13346 0
432 0 FR940727-0-00066 0
432 0 FT942-10059 0
432 0 LA011690-0070 0
432 0 LA041389-0061 0
432 0 FT941-10059 0
432 0 LA090290-0195 0
432 0 LA102189-0088 0
432 0 FT933-10073 0
432 0 FT933-13158 0
432 0 FR940817-2-00232 0
432 0 FBIS4-7307 0
432 0 LA032090-0025 0
