445 0 FT941-7858 1
445 0 FT924-10404 1
445 0 FR940214-0-00058 0
445 0 LA011390-0036 0
445 0 LA031989-0049 0
445 0 LA042990-0193 0
445 0 FBIS4-23359 0
445 0 LA090989-0140 0
445 0 LA021289-0101 0
445 0 FR941202-0-00111 0
445 0 LA040389-0093 0
445 0 LA022389-0116 0
445 0 LA052590-0060 0
445 0 FBIS4-44389 0
445 0 LA080490-0103 0
445 0 LA120589-0134 0
445 0 LA012989-0025 0
445 0 FBIS3-2068 0
445 0 FR940104-0-00034 0
445 0 LA030290-0142 0
445 0 LA120990-0190 0
445 0 FT944-2707 0
445 0 FT924-13742 0
445 0 FT921-11857 1
445 0 FBIS4-44963 0
445 0 FBIS4-66185 0
445 0 FT941-3868 1
445 0 FT933-12089 1
445 0 LA020289-0089 0
445 0 FT931-15039 1
445 0 FT944-1870 1
445 0 FBIS3-45610 0
445 0 LA051589-0033 0
445 0 FBIS4-56381 0
445 0 FR941230-0-00120 0
445 0 LA080790-0085 0
445 0 FT921-11847 1
445 0 LA020490-0125 0
445 0 FT924-8156 1
445 0 LA020390-0030 0
445 0 FBIS4-50841 0
445 0 LA052989-0032 0
445 0 FT941-5312 0
445 0 LA020490-0018 0
445 0 LA012490-0018 0
445 0 LA041490-0128 0
445 0 FT921-7364 1
445 0 LA121690-0047 0
445 0 FT943-5340 0
445 0 LA081389-0045 0
445 0 FT921-11838 1
445 0 LA040390-0124 0
445 0 LA041490-0123 0
445 0 FT943-10694 0
445 0 FT934-8214 0
445 0 FBIS3-24618 0
445 0 FBIS3-2459 0
445 0 FT942-13049 0
445 0 FBIS3-24619 0
445 0 FT923-13647 0
445 0 FT921-11724 0
445 0 LA072989-0003 0
445 0 LA072689-0037 0
445 0 LA020490-0181 0
445 0 LA120190-0037 0
445 0 LA020490-0183 0
445 0 LA100389-0081 0
445 0 FBIS4-49251 0
445 0 LA042289-0053 0
445 0 FT944-2077 1
445 0 FT944-2690 0
445 0 LA091990-0112 0
445 0 FBIS3-26006 0
445 0 LA051290-0133 0
445 0 LA011589-0007 0
445 0 FBIS4-61234 0
445 0 FT943-9241 1
445 0 FT942-15793 0
445 0 LA041889-0019 0
445 0 LA031089-0096 0
445 0 LA032589-0012 0
445 0 FBIS3-20796 0
445 0 LA100289-0105 1
445 0 FT944-2695 0
445 0 LA020490-0199 0
445 0 FT924-9001 1
445 0 LA081789-0043 0
445 0 FR941206-1-00134 0
445 0 LA040789-0063 0
445 0 LA032389-0049 0
445 0 FR940111-0-00090 0
445 0 FT942-17115 1
445 0 FT924-6652 1
445 0 FBIS3-59264 0
445 0 FT943-5753 0
445 0 FBIS4-3873 0
445 0 FBIS3-22651 0
445 0 LA062390-0138 0
445 0 FT932-13541 0
445 0 FT942-17503 1
445 0 FBIS4-66256 0
445 0 LA060289-0125 0
445 0 FT934-3058 1
445 0 LA062489-0099 0
445 0 FBIS4-62484 0
445 0 LA042090-0102 0
445 0 FT943-5763 0
445 0 FT921-4820 1
445 0 FBIS3-37947 0
445 0 FT942-10240 0
445 0 FT933-9689 1
445 0 LA121790-0116 0
445 0 LA110789-0149 1
445 0 LA051389-0002 0
445 0 LA041290-0087 0
445 0 LA020490-0211 0
445 0 FT944-2254 0
445 0 LA072989-0052 0
445 0 LA022189-0041 0
445 0 FBIS3-21485 0
445 0 LA071789-0089 0
445 0 LA052089-0034 1
445 0 FBIS3-44835 0
445 0 FT942-2917 1
445 0 LA112389-0161 0
445 0 FT932-2151 1
445 0 LA102790-0157 0
445 0 FBIS3-32780 0
445 0 FT923-2125 0
445 0 FBIS4-22225 0
445 0 FBIS3-23561 0
445 0 LA013190-0008 0
445 0 FR940203-1-00069 0
445 0 LA101989-0052 0
445 0 FT933-14773 0
445 0 FT944-2266 0
445 0 FT922-577 0
445 0 FT934-408 1
445 0 FBIS3-51819 0
445 0 FR940203-0-00084 0
445 0 LA042989-0073 0
445 0 FT941-7795 1
445 0 FBIS3-27690 0
445 0 FBIS4-68893 0
445 0 FR940324-2-00072 0
445 0 LA031989-0092 0
445 0 LA032589-0082 0
445 0 LA122690-0007 0
445 0 LA120789-0035 0
445 0 LA121489-0104 0
445 0 FBIS4-10097 0
445 0 FT934-14283 0
445 0 LA110989-0121 0
445 0 LA052090-0218 0
445 0 LA092990-0078 0
445 0 FBIS4-68782 0
445 0 FT942-9286 0
445 0 FT942-10347 0
445 0 LA100289-0116 0
445 0 LA070990-0001 0
445 0 LA032589-0088 0
445 0 LA071589-0060 0
445 0 FBIS4-44419 0
445 0 FBIS3-7915 0
445 0 LA050690-0043 0
445 0 FBIS3-24295 0
445 0 LA010890-0049 0
445 0 LA042190-0009 0
445 0 LA010790-0018 0
445 0 FBIS3-7945 0
445 0 FBIS3-44974 0
445 0 LA110689-0009 0
445 0 FBIS4-24793 0
445 0 FBIS4-24795 0
445 0 FBIS4-33773 0
445 0 LA013090-0146 0
445 0 FBIS4-51894 0
445 0 FBIS4-68113 0
445 0 FT931-11616 1
445 0 LA041089-0009 0
445 0 FBIS4-24790 0
445 0 FBIS3-41666 0
445 0 FT934-11863 1
445 0 LA110390-0115 0
445 0 LA122589-0077 0
445 0 FT943-15291 1
445 0 LA032190-0110 0
445 0 LA021589-0127 0
445 0 LA120289-0097 0
445 0 FT944-2101 0
445 0 LA122090-0064 0
445 0 LA030189-0034 0
445 0 FT933-14015 0
445 0 FT924-10442 1
445 0 LA041290-0127 0
445 0 LA080390-0117 0
445 0 FBIS4-23535 0
445 0 FR940406-0-00190 0
445 0 FBIS4-52303 0
445 0 LA011689-0071 0
445 0 FBIS4-20747 0
445 0 FT923-4294 0
445 0 FT923-7003 0
445 0 LA101489-0127 0
445 0 FBIS3-60342 0
445 0 LA030290-0067 0
445 0 FT923-13205 0
445 0 FT924-4560 1
445 0 LA033190-0123 0
445 0 LA033190-0122 0
445 0 LA122290-0074 0
445 0 FT931-9901 1
445 0 LA122290-0076 0
445 0 FT944-1894 0
445 0 FBIS4-44316 0
445 0 FBIS3-42735 0
445 0 FBIS3-54460 0
445 0 FT944-2249 0
445 0 LA031090-0091 0
445 0 FBIS4-25261 0
445 0 FBIS3-25902 0
445 0 FBIS3-41695 0
445 0 LA102890-0167 0
445 0 FBIS3-25901 0
