413 0 FBIS3-47511 0
413 0 FT933-19 0
413 0 FBIS3-23 0
413 0 FR941230-0-00119 0
413 0 FBIS4-25680 0
413 0 FT944-17588 1
413 0 FT944-1455 1
413 0 FT922-11549 1
413 0 FT942-11698 0
413 0 FBIS4-51135 0
413 0 LA031890-0017 0
413 0 FR940216-0-00099 0
413 0 FR940224-2-00034 0
413 0 FR940407-0-00013 0
413 0 FR940128-2-00016 0
413 0 FBIS4-3351 0
413 0 FT931-11598 0
413 0 FT931-8252 0
413 0 FT921-15539 0
413 0 FT931-2212 0
413 0 FT944-420 0
413 0 FT944-11202 0
413 0 FT932-12432 0
413 0 FT933-3595 0
413 0 FBIS4-66185 0
413 0 FT943-13157 0
413 0 FT944-12807 0
413 0 FR941230-0-00123 0
413 0 FBIS4-30485 0
413 0 FBIS4-49414 0
413 0 FT944-17757 0
413 0 FT924-15296 0
413 0 FBIS3-21223 0
413 0 FT921-5617 0
413 0 FT931-9717 0
413 0 FR941230-0-00120 0
413 0 LA021489-0160 0
413 0 FT933-15473 1
413 0 FBIS4-49420 0
413 0 FBIS4-2094 0
413 0 FBIS4-44893 0
413 0 FBIS3-10450 0
413 0 FBIS4-66196 0
413 0 FT931-2320 0
413 0 FT924-1650 1
413 0 FBIS3-20544 0
413 0 LA070389-0053 0
413 0 FT942-2079 0
413 0 FBIS4-29588 0
413 0 FT942-17649 0
413 0 FBIS3-21114 1
413 0 FT933-9979 0
413 0 FT932-12063 0
413 0 FT931-18 0
413 0 FBIS3-22699 0
413 0 FT934-17106 0
413 0 FBIS4-64311 0
413 0 FT922-11333 1
413 0 FBIS3-58 0
413 0 FBIS4-20302 0
413 0 FT944-4868 0
413 0 FR940418-2-00022 0
413 0 FT931-12351 0
413 0 FT934-16557 0
413 0 FR940902-1-00048 0
413 0 FBIS4-4864 1
413 0 FBIS4-66431 0
413 0 LA121390-0258 0
413 0 FBIS3-22263 0
413 0 FR940304-2-00093 0
413 0 FT923-9281 1
413 0 FBIS4-24807 0
413 0 FT921-5733 0
413 0 FT943-11020 0
413 0 FBIS4-3342 0
413 0 FT941-16213 0
413 0 FT932-4349 0
413 0 FR941027-0-00017 0
413 0 FR940926-0-00005 0
413 0 FT923-12552 0
413 0 FT934-11714 0
413 0 FT941-15643 0
413 0 FT943-17083 0
413 0 FT933-776 0
413 0 FT931-7352 1
413 0 FT924-4714 0
413 0 FR941202-2-00139 0
413 0 FT931-15264 0
413 0 FBIS4-44916 0
413 0 FBIS4-44913 0
413 0 LA011589-0005 0
413 0 FT932-1390 0
413 0 FT943-14504 0
413 0 FBIS3-27020 0
413 0 FT933-12902 1
413 0 FT932-1791 0
413 0 FBIS3-40861 0
413 0 FT944-12759 1
413 0 FT922-13261 0
413 0 FBIS3-43132 0
413 0 FT941-15901 0
413 0 FBIS4-4120 0
413 0 FT941-9344 1
413 0 LA011490-0125 0
413 0 FT931-15767 0
413 0 FBIS3-40450 0
413 0 FT934-6163 0
413 0 FR941206-1-00134 0
413 0 FBIS4-44917 0
413 0 FT931-8499 0
413 0 FBIS3-2638 0
413 0 FT921-10554 1
413 0 FT933-8170 0
413 0 FT931-16798 0
413 0 FBIS3-21264 0
413 0 FBIS4-46681 0
413 0 FR940602-1-00023 0
413 0 FBIS4-66481 0
413 0 FT933-31 0
413 0 FT944-10933 0
413 0 FT931-9854 0
413 0 FT923-8333 0
413 0 FT923-13674 0
413 0 FBIS4-66159 0
413 0 FT923-9006 1
413 0 LA111689-0141 0
413 0 FT943-2620 0
413 0 FT934-4953 0
413 0 FBIS4-7931 0
413 0 FT931-10999 0
413 0 LA042489-0035 0
413 0 LA120589-0009 0
413 0 FT922-2722 0
413 0 FBIS4-66734 0
413 0 FT931-10994 0
413 0 FT941-4990 0
413 0 FT921-9880 1
413 0 FBIS4-66269 0
413 0 LA072489-0011 0
413 0 FBIS3-29867 0
413 0 FT944-4626 1
413 0 FT931-13656 0
413 0 FT944-9893 0
413 0 FT921-15150 0
413 0 FT932-13620 1
413 0 FT924-7718 0
413 0 LA012689-0155 0
413 0 FBIS3-30121 0
413 0 FT931-8500 0
413 0 FBIS3-45819 0
413 0 FT944-16148 0
413 0 FT941-14412 0
413 0 LA040989-0083 0
413 0 FT942-2043 0
413 0 FBIS4-47629 0
413 0 FT923-15618 0
413 0 FT934-15258 0
413 0 FR940203-1-00069 0
413 0 FT934-8777 0
413 0 FT934-11442 0
413 0 FBIS3-43040 0
413 0 FR941219-2-00042 0
413 0 FBIS4-68220 0
413 0 FT932-341 0
413 0 FT932-1551 0
413 0 FBIS3-7699 0
413 0 FBIS3-43186 0
413 0 FT933-11370 0
413 0 FBIS4-28776 0
413 0 FBIS3-44557 0
413 0 LA011390-0105 0
413 0 FT934-11976 1
413 0 FBIS3-47269 0
413 0 FT941-17421 0
413 0 FT931-9788 0
413 0 FT943-15855 0
413 0 FT911-279 0
413 0 FBIS3-27933 0
413 0 FT933-15666 0
413 0 FBIS4-66219 0
413 0 FT931-7267 0
413 0 FT921-10656 0
413 0 FT932-13891 1
413 0 FT932-15853 1
413 0 FBIS4-66215 0
413 0 FT942-2067 0
413 0 FT931-5636 0
413 0 FBIS4-66382 0
413 0 FT934-6157 0
413 0 FT933-3511 0
413 0 FBIS4-42 1
413 0 FT931-9691 0
413 0 FBIS3-43013 0
413 0 FBIS3-43011 0
413 0 FT941-17530 0
413 0 FBIS4-20504 0
413 0 FBIS3-43010 0
413 0 FBIS3-43014 0
413 0 FBIS4-27541 0
413 0 FR940721-2-00007 0
413 0 FBIS4-5813 0
413 0 FT922-13349 0
413 0 FR941202-2-00200 0
413 0 FR940208-2-00064 0
413 0 FT932-4656 0
413 0 FBIS3-43009 0
413 0 FBIS3-42972 1
413 0 FBIS3-42973 0
413 0 FBIS4-20472 1
413 0 FR940527-1-00162 0
413 0 FBIS3-22924 0
413 0 FT932-72 0
413 0 FBIS3-27105 0
413 0 FT932-329 0
413 0 FBIS3-42976 0
413 0 FBIS3-43002 0
413 0 FBIS4-32266 0
413 0 FBIS3-42975 0
413 0 FBIS4-19 0
413 0 FBIS4-21505 0
413 0 FBIS3-27583 0
413 0 FBIS4-53871 1
413 0 FBIS4-53870 1
413 0 FBIS4-44194 0
413 0 FBIS3-59308 0
413 0 FT934-11279 0
413 0 FBIS4-3101 0
413 0 FBIS3-1675 0
413 0 FT931-8749 0
413 0 FT931-5655 0
413 0 FT941-11316 0
413 0 FT933-1180 0
413 0 FT924-8345 0
413 0 FBIS3-23967 0
413 0 FBIS4-54163 0
413 0 FBIS3-41666 0
413 0 FR941110-2-00044 0
413 0 FT923-961 0
413 0 FR940722-2-00054 0
413 0 FBIS3-44651 0
413 0 FBIS3-44652 0
413 0 FT923-13332 1
413 0 FR940527-2-00053 0
413 0 FBIS4-29 0
413 0 FBIS3-46901 1
413 0 FT924-9410 0
413 0 FBIS3-43085 0
413 0 FBIS3-60352 0
413 0 FBIS3-24133 0
413 0 FBIS4-54291 0
413 0 FT931-4491 0
413 0 FBIS4-53869 1
413 0 LA112089-0039 0
413 0 FT941-5300 0
413 0 FR940527-2-00135 0
413 0 FT944-7844 0
413 0 FBIS4-24663 0
413 0 FBIS4-24661 0
413 0 FR941130-0-00122 0
413 0 FT934-13179 0
413 0 FT922-7622 1
413 0 FBIS3-27840 0
413 0 FT944-16116 0
413 0 FR940127-2-00014 0
413 0 FT931-8525 0
413 0 FT922-11827 1
413 0 FT922-11720 1
413 0 FR941205-0-00132 0
413 0 FBIS4-27797 1
413 0 FR941205-0-00131 0
413 0 FBIS3-24678 1
413 0 FT932-9989 0
413 0 FBIS3-1964 0
413 0 LA011789-0094 0
413 0 FT944-9802 0
413 0 FT933-11844 0
413 0 FT944-13412 0
413 0 FR940418-2-00079 0
413 0 LA122889-0162 0
413 0 FT922-11476 1
413 0 FT944-15028 0
413 0 LA112389-0142 0
413 0 FR940223-0-00054 0
413 0 FT933-13242 0
413 0 FBIS3-2015 0
413 0 FBIS4-20648 1
413 0 FBIS3-3939 0
413 0 FBIS4-1564 0
413 0 FT941-778 0
413 0 FT923-12725 0
413 0 FR941205-0-00127 0
413 0 FT931-14311 0
413 0 FBIS3-5300 0
413 0 FT932-264 0
413 0 FT924-11032 0
413 0 FT923-3277 0
413 0 FR941205-0-00123 0
413 0 FBIS3-44775 0
413 0 FBIS3-22335 0
413 0 FT931-14080 0
413 0 FT923-10837 1
413 0 FR940324-2-00042 0
413 0 FBIS4-67877 0
413 0 FT931-14087 0
413 0 FBIS3-45435 0
