419 0 FR940505-1-00374 0
419 0 FBIS3-23 0
419 0 FR941230-0-00119 0
419 0 FT934-9592 1
419 0 LA111190-0211 0
419 0 LA121089-0232 0
419 0 FT933-16429 0
419 0 FR940318-0-00203 0
419 0 LA010590-0159 0
419 0 FR940318-0-00204 0
419 0 FR940812-2-00056 0
419 0 LA011890-0043 0
419 0 FR940224-2-00034 0
419 0 FBIS3-24648 1
419 0 FT941-8702 0
419 0 FT943-14326 0
419 0 FT933-5056 0
419 0 FBIS3-2468 0
419 0 FBIS4-66423 0
419 0 FT923-438 1
419 0 LA041190-0110 0
419 0 FR940407-0-00013 0
419 0 FT944-2707 0
419 0 LA031289-0038 0
419 0 FBIS4-20567 0
419 0 LA121389-0085 1
419 0 FT944-2702 0
419 0 LA112590-0148 0
419 0 LA112590-0147 0
419 0 LA042490-0104 0
419 0 FR941230-0-00123 0
419 0 LA050789-0210 0
419 0 FR941230-0-00120 0
419 0 LA022190-0069 0
419 0 LA032590-0142 0
419 0 LA020890-0157 0
419 0 FBIS4-44893 0
419 0 FR940830-2-00026 0
419 0 FR940803-0-00122 0
419 0 FBIS3-41652 0
419 0 LA062089-0115 0
419 0 FR941207-1-00018 0
419 0 LA082190-0052 0
419 0 FT911-2802 0
419 0 FT942-16263 0
419 0 FBIS3-41645 0
419 0 FR940822-1-00029 0
419 0 FT924-15148 0
419 0 LA040190-0197 0
419 0 FBIS4-8497 0
419 0 LA110190-0054 0
419 0 FBIS3-41503 0
419 0 FBIS4-66431 0
419 0 LA081990-0134 0
419 0 LA080389-0090 0
419 0 FT932-3983 0
419 0 FT942-14232 0
419 0 FT942-14231 0
419 0 LA080389-0097 0
419 0 FBIS4-22380 0
419 0 FT932-7870 0
419 0 FBIS4-2880 0
419 0 LA080690-0080 0
419 0 LA083090-0178 0
419 0 LA061790-0237 0
419 0 LA092489-0138 0
419 0 LA041089-0085 0
419 0 FR941202-2-00139 0
419 0 FBIS4-44913 0
419 0 FR940505-1-00434 0
419 0 FT934-50 0
419 0 FR940526-0-00010 0
419 0 FR940526-0-00012 0
419 0 FT944-2690 0
419 0 LA101289-0008 0
419 0 LA052690-0069 0
419 0 LA040889-0058 0
419 0 FT934-817 0
419 0 FBIS3-22289 0
419 0 FT944-2695 0
419 0 LA040190-0174 1
419 0 FT941-8314 0
419 0 FBIS3-40450 0
419 0 FT934-42 0
419 0 FR941206-1-00134 0
419 0 FT933-16801 0
419 0 FT911-3443 0
419 0 LA100690-0057 0
419 0 FT921-13618 0
419 0 FT922-11289 0
419 0 LA040689-0135 0
419 0 FR940705-0-00027 0
419 0 FT923-14648 0
419 0 FBIS3-34929 0
419 0 FBIS4-45791 0
419 0 LA041890-0125 0
419 0 FBIS4-45095 0
419 0 LA071689-0194 0
419 0 LA042489-0048 0
419 0 LA081190-0145 0
419 0 FR941206-2-00132 0
419 0 LA031289-0081 0
419 0 FT931-4811 0
419 0 FT934-1732 0
419 0 LA092890-0131 0
419 0 LA071389-0186 0
419 0 FR940323-2-00063 0
419 0 LA011489-0047 0
419 0 FBIS4-47213 0
419 0 LA081990-0189 0
419 0 FT921-13528 0
419 0 FBIS3-48464 0
419 0 FT944-1287 0
419 0 FT923-12524 0
419 0 FBIS4-66738 0
419 0 FR941012-2-00141 0
419 0 LA102689-0217 0
419 0 FR940826-0-00089 0
419 0 FBIS4-67400 0
419 0 LA010590-0193 0
419 0 FT921-9318 0
419 0 LA082190-0121 0
419 0 FR940826-0-00084 0
419 0 LA092589-0087 0
419 0 FR940831-2-00161 0
419 0 LA022689-0024 0
419 0 LA030190-0119 0
419 0 FR940831-2-00160 0
419 0 FR940526-2-00113 0
419 0 LA082390-0252 0
419 0 FT944-2254 0
419 0 LA021989-0171 0
419 0 FR941026-2-00031 0
419 0 FBIS3-42466 0
419 0 LA051290-0033 0
419 0 FBIS3-42464 1
419 0 FR940425-1-00018 0
419 0 FR940425-1-00019 0
419 0 FR941003-0-00096 0
419 0 FBIS4-66617 0
419 0 FR940613-0-00068 0
419 0 LA061490-0174 0
419 0 FR940705-1-00027 0
419 0 FR940705-1-00025 0
419 0 FBIS4-49386 0
419 0 FT944-2261 0
419 0 LA020489-0099 0
419 0 FR940425-1-00020 0
419 0 FT942-7163 0
419 0 FT944-2266 0
419 0 FBIS3-43040 1
419 0 FR941219-2-00042 0
419 0 FR940920-1-00102 0
419 0 FR940425-1-00021 0
419 0 FR940425-1-00022 0
419 0 FBIS4-21487 0
419 0 FBIS4-21486 0
419 0 FT942-4405 0
419 0 FBIS4-21485 0
419 0 LA011090-0115 0
419 0 FBIS4-66628 0
419 0 FT941-5694 1
419 0 LA042490-0094 0
419 0 FT941-5692 0
419 0 LA081990-0087 0
419 0 FBIS3-16382 0
419 0 FBIS3-35000 0
419 0 FT933-16926 0
419 0 FT933-1817 0
419 0 FBIS3-35003 0
419 0 FR940406-0-00158 0
419 0 FBIS4-20504 0
419 0 FT941-5687 0
419 0 LA093090-0240 0
419 0 FBIS4-53078 0
419 0 LA021389-0064 0
419 0 LA051890-0007 0
419 0 LA110589-0189 0
419 0 LA112989-0123 1
419 0 FT922-15337 0
419 0 FR940527-1-00162 0
419 0 FBIS4-20472 0
419 0 LA042290-0216 0
419 0 LA090289-0013 0
419 0 FT941-17541 1
419 0 FT934-13811 1
419 0 FBIS3-43002 1
419 0 LA020790-0142 0
419 0 LA021890-0170 0
419 0 FT924-4576 0
419 0 LA112590-0188 0
419 0 LA121390-0222 0
419 0 FBIS3-24653 0
419 0 FT932-13212 0
419 0 FT932-9278 0
419 0 FBIS3-41666 0
419 0 FT933-10479 0
419 0 FR940526-0-00006 0
419 0 FR940526-0-00007 0
419 0 FBIS3-33102 0
419 0 FR940916-1-00052 0
419 0 FBIS3-45518 0
419 0 LA013189-0144 0
419 0 LA010289-0021 0
419 0 FBIS3-22419 0
419 0 FBIS3-24133 0
419 0 FBIS3-24665 0
419 0 FR940527-2-00135 0
419 0 FR941130-0-00122 0
419 0 FT921-5259 1
419 0 FBIS3-42810 0
419 0 FR941213-2-00084 0
419 0 LA081090-0041 0
419 0 FBIS3-42606 0
419 0 LA112290-0010 0
419 0 FR940505-1-00098 0
419 0 FBIS3-21029 0
419 0 LA072889-0045 0
419 0 FBIS4-52303 0
419 0 FBIS3-24678 0
419 0 FT922-4410 0
419 0 FT943-8566 0
419 0 FBIS4-44724 0
419 0 FBIS4-67398 0
419 0 FT911-4705 0
419 0 FBIS4-52040 0
419 0 FT942-12569 0
419 0 FR940223-0-00054 0
419 0 FT941-3636 0
419 0 FT942-10597 0
419 0 FR940516-0-00089 0
419 0 LA060489-0039 0
419 0 LA081990-0222 0
419 0 FT944-2249 0
419 0 LA032490-0010 0
419 0 FT942-8971 0
419 0 FR940202-0-00112 0
419 0 FR940613-0-00105 0
419 0 LA011689-0066 0
419 0 LA101090-0142 0
