444 0 FR940505-1-00378 0
444 0 FR940407-2-00053 0
444 0 FT933-4427 0
444 0 LA092089-0012 0
444 0 LA030490-0244 0
444 0 FR940314-2-00112 0
444 0 FR940412-2-00119 0
444 0 FBIS3-60262 0
444 0 FR940812-2-00056 0
444 0 FBIS4-2730 0
444 0 FR940920-2-00059 0
444 0 FR940826-0-00100 0
444 0 LA012590-0010 0
444 0 FR940318-0-00142 0
444 0 FR940112-1-00044 0
444 0 FBIS3-40550 0
444 0 FBIS3-40276 0
444 0 LA011089-0066 0
444 0 FR940405-1-00079 0
444 0 FBIS4-67436 0
444 0 FBIS3-40498 0
444 0 FT944-14102 0
444 0 FR940405-1-00080 0
444 0 FR941003-0-00083 0
444 0 FR940318-0-00213 1
444 0 FBIS4-44883 0
444 0 LA010490-0001 0
444 0 FR940318-0-00217 0
444 0 FT933-14063 1
444 0 LA010490-0003 0
444 0 LA010490-0002 0
444 0 FR940705-2-00211 0
444 0 FT933-3314 0
444 0 FR940926-1-00035 0
444 0 FBIS3-46249 0
444 0 FBIS4-46649 0
444 0 FBIS4-68753 0
444 0 FBIS4-66416 0
444 0 FBIS4-68893 0
444 0 FBIS4-18538 0
444 0 FR941206-1-00036 0
444 0 FT944-16397 0
444 0 FR940216-2-00036 0
444 0 FR941103-1-00014 0
444 0 FR941103-1-00015 0
444 0 FBIS4-67351 0
444 0 FBIS3-22442 0
444 0 FT932-13993 0
444 0 FR941004-2-00029 0
444 0 FBIS3-42384 0
444 0 FBIS3-41653 0
444 0 FR940802-2-00115 0
444 0 FR940318-0-00168 0
444 0 FR940318-0-00169 0
444 0 FT934-14283 0
444 0 FBIS3-22251 0
444 0 FBIS4-66382 0
444 0 FT941-1986 0
444 0 FT933-3515 0
444 0 FT942-158 0
444 0 LA060489-0009 0
444 0 FBIS3-44448 0
444 0 FT943-4354 1
444 0 FBIS3-40530 0
444 0 FR940425-2-00015 0
444 0 FR940512-1-00017 0
444 0 FBIS3-58 0
444 0 FT923-3535 0
444 0 FR940728-2-00071 0
444 0 FBIS4-21396 0
444 0 FBIS4-45740 0
444 0 FR940504-2-00077 0
444 0 FR940505-1-00069 0
444 0 FBIS4-46931 0
444 0 FBIS4-20472 1
444 0 FBIS4-44813 0
444 0 FR940318-0-00170 1
444 0 FBIS4-45803 1
444 0 FR940318-0-00171 0
444 0 FR940118-2-00062 0
444 0 FR940318-0-00172 1
444 0 FR940318-0-00173 1
444 0 FR940118-2-00064 0
444 0 FR940318-0-00174 0
444 0 LA090690-0016 0
444 0 LA121489-0056 0
444 0 FR940607-0-00051 1
444 0 FR940607-0-00050 0
444 0 FBIS3-21143 0
444 0 FR941107-2-00226 0
444 0 FR940118-2-00056 0
444 0 FT933-5547 0
444 0 FR940118-2-00058 0
444 0 FBIS4-44913 1
444 0 FR940607-0-00046 0
444 0 FBIS4-44747 1
444 0 FR940620-0-00169 0
444 0 FT934-1094 0
444 0 FT933-16679 0
444 0 FBIS4-67533 0
444 0 FBIS3-41666 0
444 0 FR941006-1-00109 0
444 0 FBIS4-44741 1
444 0 FR940826-0-00090 0
444 0 FR940630-1-00038 0
444 0 FR940826-0-00092 0
444 0 FR940630-2-00032 0
444 0 FBIS3-3738 0
444 0 LA101090-0083 0
444 0 FR940603-1-00009 0
444 0 FBIS4-49554 0
444 0 FT923-1186 0
444 0 FBIS3-10298 0
444 0 FT932-7115 1
444 0 FBIS3-41477 0
444 0 FBIS3-40450 0
444 0 FR940721-2-00028 1
444 0 FBIS4-33421 0
444 0 FR941206-1-00134 0
444 0 FBIS3-22184 0
444 0 FBIS3-21050 0
444 0 FBIS4-18036 0
444 0 FR940204-2-00035 0
444 0 FR940705-2-00151 0
444 0 FBIS4-44730 1
444 0 FR940505-1-00334 0
444 0 FBIS4-66450 1
444 0 FR940602-1-00023 0
444 0 FBIS3-11027 0
444 0 FR940705-2-00239 0
444 0 FR940406-0-00190 0
444 0 FR940610-1-00056 0
444 0 FR941026-2-00056 0
444 0 FR940419-2-00036 0
444 0 LA010490-0009 0
444 0 LA010490-0008 0
444 0 LA010490-0005 0
444 0 LA010490-0004 0
444 0 FBIS3-60342 0
444 0 LA010490-0007 0
444 0 LA100690-0115 0
444 0 FR940318-0-00195 0
444 0 LA010490-0006 0
444 0 FBIS3-41607 0
444 0 FR941206-2-00133 0
444 0 FBIS4-21345 0
444 0 FR940223-1-00010 0
444 0 FR940603-1-00006 0
444 0 FBIS3-40352 0
444 0 FT933-7680 0
444 0 FR941125-1-00006 0
444 0 LA010489-0140 0
444 0 LA092890-0131 0
444 0 FR940511-1-00090 0
444 0 FR940603-1-00004 0
444 0 FBIS3-46858 0
444 0 FBIS3-24514 0
444 0 FBIS3-24515 0
444 0 FBIS3-24546 0
444 0 FBIS3-24513 0
444 0 FR940812-2-00031 0
444 0 FR940406-2-00053 0
444 0 FBIS3-60336 0
444 0 FR940719-0-00029 0
444 0 FR940810-0-00155 0
444 0 FBIS4-67484 0
444 0 FR940617-2-00041 0
444 0 FR940112-0-00130 0
444 0 FBIS3-60236 0
444 0 FR940511-2-00135 0
444 0 LA100990-0024 0
444 0 FR940112-0-00134 0
444 0 FR940407-2-00141 0
444 0 FT934-1085 0
444 0 FBIS4-67581 0
444 0 FR940627-0-00195 0
444 0 LA100690-0131 0
444 0 FBIS4-33446 0
444 0 FT924-180 0
444 0 FR940128-2-00102 1
444 0 FBIS3-40501 0
444 0 FR941221-1-00030 0
444 0 LA030789-0104 0
444 0 FR940318-0-00139 0
