438 0 FT942-16044 1
438 0 FBIS4-27609 0
438 0 FBIS3-2330 0
438 0 FBIS3-33021 0
438 0 FR940926-2-00017 0
438 0 FBIS3-23 0
438 0 FBIS4-52158 0
438 0 FBIS3-29 1
438 0 FBIS4-10659 0
438 0 FBIS4-52156 0
438 0 FT943-3368 0
438 0 FBIS3-51134 1
438 0 FR940407-0-00009 0
438 0 FBIS3-34946 0
438 0 FBIS4-52773 0
438 0 FBIS3-21405 0
438 0 LA032689-0043 1
438 0 FBIS4-58615 0
438 0 FT933-2713 0
438 0 FT932-6772 0
438 0 FR940112-1-00044 0
438 0 FR941013-1-00013 0
438 0 FT922-2908 1
438 0 FR941013-1-00014 0
438 0 FBIS4-24813 0
438 0 FR941013-1-00015 0
438 0 FR941013-1-00016 0
438 0 FR941013-1-00017 0
438 0 FBIS4-26966 0
438 0 FT932-13562 0
438 0 FR941013-1-00018 0
438 0 FBIS4-68829 0
438 0 FBIS3-51016 1
438 0 FBIS4-4067 0
438 0 FBIS3-6458 0
438 0 FBIS4-10666 0
438 0 FT923-13102 0
438 0 FT921-3705 0
438 0 FBIS4-66697 0
438 0 FT924-13746 0
438 0 FBIS4-66185 0
438 0 FBIS3-10953 0
438 0 FT921-6633 1
438 0 FBIS3-18947 0
438 0 FT922-769 0
438 0 FBIS4-66312 0
438 0 FT934-5306 0
438 0 FT924-1723 0
438 0 FT943-12936 1
438 0 LA012890-0055 0
438 0 FT933-9644 0
438 0 FBIS4-1843 0
438 0 FBIS3-61336 0
438 0 FT924-4027 0
438 0 FBIS3-61335 0
438 0 FT911-3396 0
438 0 LA022290-0039 0
438 0 FBIS3-34820 0
438 0 LA080289-0107 0
438 0 LA012890-0050 0
438 0 FT924-2517 0
438 0 FT942-1532 0
438 0 FBIS3-33309 1
438 0 FBIS3-27042 0
438 0 FBIS3-14284 1
438 0 FBIS3-20233 0
438 0 LA101790-0042 0
438 0 LA032390-0075 0
438 0 FR940224-2-00155 0
438 0 FBIS3-20330 0
438 0 FBIS4-33039 0
438 0 FT932-3827 1
438 0 FT923-4305 0
438 0 FT933-13946 0
438 0 FBIS3-10731 0
438 0 FT922-12716 0
438 0 FT933-3 1
438 0 FBIS3-43214 0
438 0 FT924-1080 0
438 0 LA082989-0159 0
438 0 LA092489-0049 0
438 0 FBIS3-43116 1
438 0 FT933-281 0
438 0 FBIS4-16406 0
438 0 FT941-3485 0
438 0 FT934-3298 0
438 0 FT942-16966 0
438 0 FBIS4-49025 0
438 0 LA070790-0113 0
438 0 FT934-5103 0
438 0 LA072389-0045 0
438 0 FT934-3970 0
438 0 LA073190-0122 0
438 0 FT944-6721 0
438 0 FBIS4-2385 0
438 0 FBIS3-60488 0
438 0 FT924-13313 0
438 0 FBIS3-43120 0
438 0 FT932-2644 0
438 0 FBIS4-2880 0
438 0 FBIS4-34960 0
438 0 FBIS3-12996 0
438 0 FT943-5416 0
438 0 FT944-16479 0
438 0 FT931-1884 0
438 0 FT943-44 1
438 0 LA122490-0038 0
438 0 FBIS3-67 1
438 0 FBIS4-1861 0
438 0 FT933-2571 0
438 0 FT932-13186 0
438 0 FT932-10765 0
438 0 LA122490-0039 1
438 0 FBIS4-11123 0
438 0 FBIS4-24711 1
438 0 FT921-16113 0
438 0 FT943-8268 0
438 0 FBIS4-34767 0
438 0 FBIS4-66274 0
438 0 FT943-8500 0
438 0 FBIS4-67533 0
438 0 FT924-9868 1
438 0 FT933-9816 0
438 0 FT923-3216 0
438 0 FBIS3-38905 0
438 0 FBIS3-32487 1
438 0 LA010190-0071 0
438 0 FBIS4-49245 0
438 0 FT943-4468 1
438 0 FBIS3-25997 0
438 0 FBIS3-43132 0
438 0 FT943-13396 0
438 0 FBIS3-42399 0
438 0 FR941207-2-00068 0
438 0 FBIS4-21846 0
438 0 FT932-12274 0
438 0 FT921-13642 1
438 0 FT933-6921 0
438 0 FT921-12071 0
438 0 LA031989-0073 0
438 0 FT933-11126 0
438 0 FBIS4-10429 1
438 0 FT922-8238 0
438 0 LA122789-0134 0
438 0 FBIS3-34176 0
438 0 FT923-3223 1
438 0 FR940602-1-00023 0
438 0 LA060390-0021 0
438 0 FBIS3-13940 0
438 0 FBIS3-32478 1
438 0 FBIS4-11284 0
438 0 FBIS4-12958 0
438 0 FT933-2908 0
438 0 FBIS3-32089 0
438 0 FT924-11907 0
438 0 FBIS4-60097 0
438 0 FT932-2961 1
438 0 FBIS4-7744 1
438 0 LA031989-0069 0
438 0 FT941-17376 0
438 0 LA122789-0007 0
438 0 FBIS3-13024 0
438 0 FT934-12204 1
438 0 FBIS3-2892 0
438 0 FT934-4579 1
438 0 FBIS4-54626 0
438 0 FBIS3-21296 0
438 0 LA072990-0020 1
438 0 FT943-12284 0
438 0 FBIS4-66162 0
438 0 FT944-13617 0
438 0 FBIS4-5100 0
438 0 FT944-7133 0
438 0 LA060189-0104 0
438 0 FBIS3-37947 0
438 0 LA122490-0025 0
438 0 FT942-1249 1
438 0 FT932-14557 0
438 0 LA112590-0045 1
438 0 FT931-4214 0
438 0 FBIS3-52543 0
438 0 FBIS3-10878 1
438 0 LA101289-0010 0
438 0 FT922-4619 1
438 0 FT924-455 0
438 0 FT942-10654 1
438 0 FBIS4-67409 0
438 0 FBIS4-32817 1
438 0 FR940105-2-00020 0
438 0 FBIS4-25973 0
438 0 FR940105-2-00023 0
438 0 FBIS4-9354 0
438 0 FT931-332 0
438 0 FT943-1422 0
438 0 FBIS4-57809 0
438 0 FBIS4-57414 0
438 0 FBIS3-50999 1
438 0 LA032489-0175 1
438 0 LA090389-0116 0
438 0 FBIS3-60947 0
438 0 FT933-8438 1
438 0 LA030490-0102 0
438 0 FBIS4-57318 0
438 0 LA080889-0127 0
438 0 FBIS4-57912 0
438 0 FT941-2465 0
438 0 FBIS4-57911 1
438 0 FBIS4-57811 0
438 0 FBIS3-15989 0
438 0 FT944-9726 1
438 0 FBIS4-34678 0
438 0 LA091690-0022 0
438 0 FBIS3-23561 0
438 0 FR940503-2-00146 0
438 0 LA062490-0135 0
438 0 FBIS4-49095 1
438 0 FR940503-2-00145 0
438 0 FR940831-2-00107 0
438 0 FBIS3-43186 0
438 0 FBIS4-38315 0
438 0 FT941-5407 0
438 0 FBIS4-10983 1
438 0 FT924-2489 0
438 0 FBIS4-53303 0
438 0 FBIS3-32778 0
438 0 FBIS3-50579 1
438 0 FBIS4-68893 0
438 0 FBIS4-68508 0
438 0 LA082789-0125 0
438 0 FBIS4-51464 0
438 0 LA050790-0093 0
438 0 FR941130-0-00139 0
438 0 FT944-10637 0
438 0 FT934-3779 0
438 0 FT942-7271 0
438 0 LA043089-0116 0
438 0 LA030589-0133 0
438 0 FT924-4599 0
438 0 FT923-5044 0
438 0 FBIS3-43170 1
438 0 FBIS4-25756 0
438 0 FR941212-2-00057 0
438 0 FR941130-0-00136 0
438 0 FBIS4-25414 0
438 0 LA052790-0065 1
438 0 FR941130-0-00134 0
438 0 FBIS4-20504 0
438 0 FBIS4-66770 0
438 0 FR941130-0-00135 0
438 0 FR941130-0-00132 0
438 0 FR941130-0-00133 0
438 0 FR941130-0-00130 0
438 0 FBIS3-11780 0
438 0 FT931-16476 0
438 0 FR941130-0-00131 0
438 0 FBIS3-10114 1
438 0 FBIS4-59589 0
438 0 FT924-11275 0
438 0 FBIS4-56176 1
438 0 FBIS4-56177 1
438 0 FT924-6708 0
438 0 FBIS3-43160 0
438 0 FBIS4-2294 1
438 0 FBIS4-57520 0
438 0 FT942-768 1
438 0 FBIS4-31030 1
438 0 FT941-4185 1
438 0 FBIS4-9875 0
438 0 LA100989-0101 1
438 0 FT924-11660 0
438 0 FT923-7572 0
438 0 FBIS4-20472 1
438 0 FT933-13299 0
438 0 FR940825-0-00046 0
438 0 FR941130-0-00141 0
438 0 FT922-8134 0
438 0 FBIS4-19 0
438 0 FT923-14219 0
438 0 FT942-7298 1
438 0 FT923-6187 0
438 0 FBIS4-3502 0
438 0 LA080289-0092 0
438 0 FT911-4060 0
438 0 FBIS3-8 0
438 0 FT941-6761 0
438 0 FBIS3-11142 0
438 0 FT911-2446 1
438 0 FT941-3493 0
438 0 FBIS4-35578 0
438 0 FBIS4-2324 0
438 0 FBIS4-26679 0
438 0 FT922-1003 0
438 0 FT921-15886 1
438 0 FBIS4-2323 0
438 0 FT933-7664 0
438 0 FBIS4-32788 0
438 0 FBIS4-26684 0
438 0 FBIS4-26682 0
438 0 FBIS4-29 1
438 0 FBIS4-2321 0
438 0 LA122790-0148 0
438 0 FBIS4-2320 0
438 0 FBIS4-23131 0
438 0 FR941130-0-00129 0
438 0 FT934-10800 0
438 0 FBIS4-52601 0
438 0 FBIS4-2319 0
438 0 FT943-6658 0
438 0 FBIS4-51074 1
438 0 FR940616-2-00020 0
438 0 FR940407-2-00024 0
438 0 FR940407-2-00025 0
438 0 FR940407-2-00026 0
438 0 FBIS4-12734 1
438 0 FBIS4-51171 0
438 0 FT944-1609 1
438 0 FT944-12438 1
438 0 LA031590-0065 0
438 0 FBIS4-26685 0
438 0 FBIS4-30463 0
438 0 FT923-11087 1
438 0 FBIS3-42400 0
438 0 FT941-2107 0
438 0 LA091089-0051 0
438 0 FBIS4-5845 0
438 0 FT924-7498 0
438 0 FBIS3-2297 0
438 0 FBIS3-24678 0
438 0 FBIS3-60342 0
438 0 LA032689-0074 0
438 0 FT942-4191 0
438 0 FBIS4-24538 0
438 0 FR941221-2-00104 0
438 0 FBIS4-50712 0
438 0 FBIS4-52042 0
438 0 FBIS4-52043 0
438 0 LA122489-0217 0
438 0 LA022689-0163 0
438 0 LA022589-0111 0
438 0 FT944-17900 0
438 0 FR940202-2-00072 0
438 0 LA010189-0056 0
438 0 FBIS4-57772 0
438 0 FBIS4-52754 0
438 0 FT933-8925 0
438 0 FT924-2554 0
438 0 FBIS4-2341 0
438 0 FT934-9708 1
438 0 FT922-4424 1
438 0 FBIS3-7258 0
438 0 FT922-11810 0
438 0 LA123089-0138 0
438 0 LA122989-0057 0
438 0 FT933-2521 0
438 0 FBIS3-22960 0
438 0 FBIS3-51409 1
438 0 FT934-13918 0
438 0 FT942-4681 1
438 0 FBIS3-3945 0
438 0 FBIS4-32795 0
438 0 FBIS4-2439 0
438 0 FBIS3-50740 1
438 0 LA123090-0067 0
438 0 FBIS4-5033 0
438 0 FT923-14708 0
