418 0 FR941230-0-00119 0
418 0 LA010289-0060 0
418 0 LA010289-0061 0
418 0 FBIS3-2269 0
418 0 LA112789-0088 0
418 0 LA061189-0049 0
418 0 FT923-952 1
418 0 LA112890-0102 0
418 0 FT941-15243 1
418 0 FBIS3-26358 0
418 0 FR940812-2-00056 0
418 0 FT921-6364 0
418 0 FBIS4-2734 0
418 0 FBIS3-2130 0
418 0 LA110290-0176 0
418 0 LA111189-0149 0
418 0 LA072089-0166 0
418 0 LA041789-0097 1
418 0 FT924-9142 1
418 0 LA072689-0051 0
418 0 FBIS4-22803 0
418 0 LA090990-0195 0
418 0 FBIS4-25085 0
418 0 FT944-2707 0
418 0 LA021989-0014 0
418 0 LA021989-0211 1
418 0 LA101289-0215 0
418 0 FT941-5894 0
418 0 LA030790-0139 1
418 0 FR941230-0-00122 0
418 0 FR941230-0-00123 0
418 0 FT911-4404 0
418 0 FBIS3-23780 0
418 0 LA031989-0034 0
418 0 FT934-16236 0
418 0 FT932-6090 0
418 0 FR941230-0-00120 0
418 0 FBIS4-44474 0
418 0 FT922-4392 0
418 0 FR941230-0-00121 0
418 0 FBIS4-46697 0
418 0 FT944-17849 0
418 0 FT932-13263 0
418 0 LA011890-0025 0
418 0 FBIS3-33991 0
418 0 LA102189-0167 1
418 0 FT934-16779 0
418 0 FR940118-1-00026 0
418 0 LA123189-0066 0
418 0 LA012690-0047 1
418 0 LA110989-0197 0
418 0 LA113090-0012 1
418 0 LA030290-0161 0
418 0 LA010189-0029 0
418 0 LA072389-0042 1
418 0 FBIS3-59370 0
418 0 LA012190-0064 0
418 0 FBIS3-50510 0
418 0 FBIS4-50044 0
418 0 LA012289-0095 0
418 0 FT934-8712 0
418 0 FT921-632 0
418 0 FT944-8434 1
418 0 FBIS3-6482 0
418 0 FT932-6536 0
418 0 FBIS4-30208 0
418 0 FT924-6279 1
418 0 LA060890-0107 1
418 0 LA032289-0006 1
418 0 FT944-48 1
418 0 LA071089-0009 0
418 0 LA051889-0088 1
418 0 LA042190-0047 0
418 0 FT922-1999 1
418 0 FT923-1404 0
418 0 LA102890-0220 1
418 0 FR941202-2-00139 0
418 0 FR941012-2-00157 0
418 0 FBIS3-22085 0
418 0 FBIS4-44533 0
418 0 FT931-13622 0
418 0 FT932-17106 0
418 0 FBIS3-77 0
418 0 LA060890-0112 1
418 0 LA092590-0121 0
418 0 LA103190-0130 0
418 0 FBIS4-49143 0
418 0 FT922-10117 1
418 0 FBIS4-66358 0
418 0 FR941206-1-00134 0
418 0 FT921-514 1
418 0 FR940812-0-00068 0
418 0 FBIS3-2735 0
418 0 FR940207-2-00175 0
418 0 FT934-13675 0
418 0 FR940114-2-00155 0
418 0 LA070190-0066 0
418 0 LA102190-0073 0
418 0 FBIS4-56568 0
418 0 LA111090-0175 0
418 0 LA011190-0156 1
418 0 FT921-4731 1
418 0 FR940110-1-00055 0
418 0 LA080990-0204 0
418 0 FT943-2636 1
418 0 LA070989-0064 0
418 0 LA110289-0056 0
418 0 FT923-15374 0
418 0 LA041989-0115 0
418 0 LA050889-0034 0
418 0 FT933-10930 0
418 0 FT932-13021 0
418 0 LA120190-0060 1
418 0 LA012989-0107 0
418 0 LA110189-0084 0
418 0 FBIS4-25335 0
418 0 LA030589-0081 0
418 0 LA011390-0029 0
418 0 FBIS4-56656 0
418 0 FBIS3-9399 0
418 0 FBIS3-22660 0
418 0 FT944-6970 1
418 0 LA101689-0075 0
418 0 FT944-62 0
418 0 FT924-10671 0
418 0 LA010190-0088 0
418 0 LA092290-0130 0
418 0 LA022490-0006 0
418 0 LA110189-0133 0
418 0 LA021889-0051 0
418 0 FBIS4-3146 0
418 0 LA110589-0059 0
418 0 LA112590-0030 0
418 0 LA072790-0142 1
418 0 FT941-1081 1
418 0 FT941-1082 1
418 0 LA122289-0152 1
418 0 LA082490-0038 0
418 0 FBIS3-21892 0
418 0 FT944-87 0
418 0 FBIS4-20362 0
418 0 FT944-2266 0
418 0 FBIS3-43020 0
418 0 FBIS4-52357 0
418 0 FBIS3-20494 0
418 0 LA120189-0067 0
418 0 LA121889-0106 0
418 0 FR940706-2-00094 0
418 0 FR941116-0-00062 0
418 0 FBIS4-46649 0
418 0 LA010190-0019 0
418 0 FT921-485 0
418 0 FBIS4-3936 0
418 0 LA011190-0178 0
418 0 FT922-13222 0
418 0 FBIS3-26154 0
418 0 LA052189-0009 1
418 0 LA091890-0165 0
418 0 LA080989-0089 0
418 0 FT911-2986 0
418 0 LA062689-0078 0
418 0 LA020689-0088 0
418 0 FR940325-0-00017 0
418 0 FBIS3-21666 0
418 0 FT911-4184 1
418 0 FR941122-0-00043 0
418 0 LA012989-0073 1
418 0 LA101589-0072 1
418 0 LA041590-0023 1
418 0 FT943-10487 0
418 0 FT923-15735 0
418 0 LA110289-0130 0
418 0 LA120290-0197 0
418 0 LA121089-0169 0
418 0 LA100990-0120 0
418 0 LA120490-0091 0
418 0 FBIS4-52339 0
418 0 LA032490-0153 1
418 0 FBIS3-6675 0
418 0 LA091490-0151 1
418 0 LA020589-0188 1
418 0 FBIS3-24305 0
418 0 LA113090-0142 0
418 0 FBIS4-20472 0
418 0 LA103089-0050 0
418 0 FBIS4-20377 0
418 0 FT942-463 0
418 0 LA120289-0127 0
418 0 FT934-12949 1
418 0 LA060689-0035 0
418 0 FT942-16499 0
418 0 LA112489-0119 0
418 0 LA080690-0005 0
418 0 LA022089-0059 0
418 0 FBIS3-55922 0
418 0 FT944-14419 1
418 0 LA072589-0049 0
418 0 LA112290-0140 0
418 0 LA080390-0141 0
418 0 FT942-12981 0
418 0 LA060489-0160 0
418 0 FBIS3-41666 0
418 0 FBIS4-64376 0
418 0 FBIS3-4139 0
418 0 LA092589-0046 0
418 0 FR941007-1-00095 0
418 0 LA080389-0030 0
418 0 LA101189-0088 1
418 0 FT924-5023 0
418 0 FBIS3-2684 0
418 0 FT944-8440 0
418 0 LA033090-0132 1
418 0 LA032890-0122 0
418 0 LA100189-0175 0
418 0 FBIS4-24522 0
418 0 LA042089-0125 0
418 0 LA120690-0045 0
418 0 FBIS3-5103 0
418 0 FBIS4-45847 0
418 0 LA072889-0044 0
418 0 LA070489-0134 1
418 0 LA103090-0124 0
418 0 LA090789-0010 0
418 0 LA091789-0224 1
418 0 FBIS4-41838 0
418 0 LA040989-0214 0
418 0 FBIS3-4116 0
418 0 LA041590-0068 0
418 0 FT941-10776 0
418 0 FBIS4-42563 0
418 0 FBIS4-45852 0
418 0 LA081189-0137 1
418 0 FR940810-1-00050 0
418 0 LA091490-0057 0
418 0 LA092889-0214 0
418 0 FBIS4-67675 0
418 0 FT923-12454 0
418 0 LA050489-0034 0
418 0 FBIS4-32979 0
418 0 FBIS3-265 0
418 0 FT932-11275 0
418 0 LA071689-0004 0
418 0 FT942-15090 0
418 0 FR940516-2-00129 0
