437 0 FBIS3-23 0
437 0 FR941230-0-00119 0
437 0 FBIS3-43220 1
437 0 FT934-8503 0
437 0 FT924-6000 1
437 0 FBIS3-29 0
437 0 LA020290-0075 0
437 0 FR940919-1-00019 0
437 0 FT943-13563 0
437 0 FT944-10857 0
437 0 FBIS4-30600 0
437 0 FR940114-2-00049 0
437 0 FR941222-2-00028 0
437 0 FR940304-1-00101 0
437 0 FR940304-1-00100 0
437 0 FR940224-2-00034 0
437 0 LA020990-0152 0
437 0 FR940506-0-00038 0
437 0 FT934-3822 0
437 0 FT922-8308 0
437 0 FR940304-1-00108 0
437 0 FR940304-1-00107 0
437 0 LA072089-0163 0
437 0 FT944-3474 0
437 0 FT922-8306 0
437 0 FR941021-2-00024 0
437 0 FBIS4-20043 0
437 0 FT943-17012 0
437 0 FT933-16015 0
437 0 LA052389-0039 0
437 0 FR940711-1-00027 0
437 0 FR941216-2-00053 0
437 0 FR940711-1-00025 0
437 0 LA020189-0020 0
437 0 FT931-5821 0
437 0 FT934-14110 0
437 0 FT942-3871 0
437 0 FT942-8995 0
437 0 FT943-13555 1
437 0 FT924-8904 0
437 0 LA090690-0039 0
437 0 FT941-873 0
437 0 LA100189-0039 0
437 0 FBIS3-6884 0
437 0 FT933-6816 0
437 0 FBIS3-29777 0
437 0 FT924-9893 0
437 0 FT942-17640 0
437 0 FT922-1252 0
437 0 LA020190-0176 0
437 0 FT933-15057 0
437 0 FT911-3411 0
437 0 FT922-2359 0
437 0 FT943-14529 0
437 0 FT932-397 0
437 0 FT922-10196 0
437 0 FBIS3-58 0
437 0 FR940304-1-00092 0
437 0 FR940304-1-00093 0
437 0 FBIS3-46629 0
437 0 FR940711-1-00008 0
437 0 FT924-7251 0
437 0 FT924-2925 0
437 0 FT944-1045 0
437 0 FR941007-1-00012 0
437 0 FT943-9462 0
437 0 FR940304-1-00111 0
437 0 FT942-10006 0
437 0 FT922-7077 0
437 0 FT922-8315 0
437 0 FR940304-1-00115 0
437 0 FT932-2066 0
437 0 FBIS3-59762 0
437 0 LA101289-0155 0
437 0 FT931-11182 0
437 0 FBIS3-59697 0
437 0 LA041889-0029 0
437 0 FT944-17442 0
437 0 FBIS3-28567 0
437 0 FT922-12765 0
437 0 FR941103-0-00053 0
437 0 FT923-14297 0
437 0 FBIS4-29669 0
437 0 FT944-6740 0
437 0 FR941202-2-00139 0
437 0 FT944-6736 1
437 0 FT933-8285 0
437 0 FBIS4-62881 0
437 0 LA020689-0060 0
437 0 FT943-13268 0
437 0 FBIS4-67533 0
437 0 FT934-10450 0
437 0 LA101889-0055 0
437 0 FBIS4-54023 0
437 0 FT943-618 0
437 0 FT942-1223 0
437 0 FT932-16155 0
437 0 FBIS3-6223 0
437 0 FR940725-2-00021 0
437 0 FT924-14395 0
437 0 FT932-12275 0
437 0 LA072590-0069 0
437 0 FBIS3-40450 1
437 0 FR941206-1-00134 0
437 0 FT944-11102 0
437 0 FT944-6746 0
437 0 FR940304-1-00138 0
437 0 FBIS4-7103 0
437 0 FBIS4-60734 0
437 0 FT932-1692 0
437 0 FT943-11418 0
437 0 FT934-2006 0
437 0 FT924-12370 0
437 0 FBIS4-53619 0
437 0 FT922-5602 0
437 0 LA042590-0036 0
437 0 FBIS4-53169 0
437 0 LA092390-0158 0
437 0 FBIS4-29953 0
437 0 LA042390-0003 0
437 0 FR940622-2-00029 0
437 0 FBIS3-30041 0
437 0 FBIS4-54000 0
437 0 FT922-2316 0
437 0 FT942-10643 1
437 0 FT944-18405 0
437 0 LA021689-0164 0
437 0 FT944-18414 0
437 0 FT944-6824 0
437 0 FT934-10485 0
437 0 LA072089-0059 0
437 0 FT942-13572 0
437 0 LA122090-0114 0
437 0 FT943-14779 0
437 0 FT933-6464 0
437 0 FT942-10389 1
437 0 LA100789-0063 0
437 0 FT931-5604 0
437 0 LA112590-0224 0
437 0 FT924-12752 0
437 0 LA020990-0001 0
437 0 FT921-4300 1
437 0 LA031389-0010 0
437 0 FT941-2928 1
437 0 LA041289-0035 0
437 0 FT922-2568 0
437 0 LA072289-0114 0
437 0 LA102289-0115 0
437 0 FT933-9310 0
437 0 FT934-6334 0
437 0 FT931-4780 0
437 0 FT941-5811 0
437 0 LA112890-0001 0
437 0 FT941-5812 0
437 0 FT943-7173 0
437 0 FT934-10029 0
437 0 FBIS3-40200 0
437 0 FT934-10025 0
437 0 LA072089-0028 0
437 0 FR940928-2-00014 0
437 0 LA083090-0077 0
437 0 FT942-6114 0
437 0 FBIS4-47629 0
437 0 FBIS4-52833 0
437 0 FR941207-2-00032 0
437 0 LA011090-0070 0
437 0 FT921-13269 0
437 0 FT944-9419 0
437 0 FT942-1794 0
437 0 LA062089-0059 0
437 0 FT943-8950 0
437 0 FBIS4-28105 0
437 0 FT933-3647 1
437 0 FT944-13503 0
437 0 FBIS3-47065 0
437 0 FT933-8127 0
437 0 LA100690-0062 0
437 0 FT941-13037 0
437 0 FBIS4-68893 0
437 0 FR940106-0-00172 0
437 0 LA112990-0001 0
437 0 FR940405-2-00034 0
437 0 LA100790-0025 0
437 0 FR941007-2-00049 0
437 0 FT942-2267 0
437 0 FBIS4-47646 0
437 0 FT941-13385 1
437 0 FT944-12344 0
437 0 FT941-7254 0
437 0 FT923-15731 1
437 0 FBIS4-31028 0
437 0 FBIS4-20504 0
437 0 FT921-3655 0
437 0 FT944-8180 0
437 0 FT933-1120 0
437 0 FT942-10697 1
437 0 FT941-14029 0
437 0 FR940119-2-00022 0
437 0 FT924-12136 0
437 0 LA090690-0109 0
437 0 FR940822-2-00031 0
437 0 FR940119-2-00026 0
437 0 FR940128-1-00045 0
437 0 FT942-2256 0
437 0 FT944-9172 0
437 0 FBIS3-43166 1
437 0 FT942-5696 0
437 0 LA030489-0070 0
437 0 FBIS3-47044 0
437 0 FBIS4-54321 0
437 0 FT911-284 0
437 0 FBIS4-19 0
437 0 FT942-9917 0
437 0 FT941-13773 1
437 0 FBIS3-6898 0
437 0 FR940325-2-00203 0
437 0 FT941-9635 1
437 0 FT933-5402 0
437 0 FBIS3-24450 0
437 0 FT941-11903 0
437 0 FT944-1610 0
437 0 FT944-14919 0
437 0 FBIS3-24654 0
437 0 FT944-14916 0
437 0 FBIS3-24653 0
437 0 FT921-13390 0
437 0 FT944-14915 0
437 0 FT931-14558 0
437 0 FBIS3-24145 0
437 0 FBIS3-5685 0
437 0 FBIS3-41666 0
437 0 FT944-16524 0
437 0 FR940328-2-00032 0
437 0 FT921-9148 0
437 0 FT941-7622 0
437 0 FR940817-2-00103 0
437 0 FT911-5063 0
437 0 FBIS3-21153 0
437 0 FT941-16324 0
437 0 FT933-16932 0
437 0 FT943-8706 0
437 0 FBIS4-23131 0
437 0 FT921-11780 0
437 0 FT931-14562 0
437 0 LA111190-0236 0
437 0 LA020890-0174 0
437 0 FT921-15570 1
437 0 FT923-357 1
437 0 FT934-1012 0
437 0 FT934-12649 0
437 0 FT922-7319 0
437 0 FT943-14871 0
437 0 LA031189-0069 0
437 0 FT934-13439 0
437 0 FBIS3-24678 0
437 0 FT933-8078 0
437 0 FBIS3-24679 0
437 0 FBIS3-59700 0
437 0 FBIS4-23101 0
437 0 FT922-60 0
437 0 FR941110-2-00067 0
437 0 FT943-15441 0
437 0 FBIS4-33740 0
437 0 FT944-14921 0
437 0 FT923-15596 0
437 0 FT944-10663 0
437 0 LA012089-0025 0
437 0 LA011890-0082 0
437 0 FT941-15308 0
437 0 LA081589-0076 0
437 0 FT932-5058 0
437 0 FT943-15033 0
437 0 LA122090-0021 0
437 0 LA100690-0131 0
437 0 FBIS4-23114 0
437 0 FT921-14424 0
437 0 FBIS4-67877 0
437 0 FT922-2673 0
437 0 FR940428-0-00014 0
437 0 FT942-3404 0
437 0 FT923-9954 0
437 0 FT943-4804 0
437 0 FT932-6820 0
437 0 FT911-2332 0
