440 0 FT942-6206 1
440 0 LA121789-0089 0
440 0 FBIS3-26 0
440 0 LA071189-0114 0
440 0 LA031690-0183 1
440 0 FR941025-2-00066 0
440 0 FR941025-2-00067 0
440 0 FR941025-2-00061 0
440 0 LA080490-0009 0
440 0 FR941206-2-00053 0
440 0 FBIS4-24810 0
440 0 FT932-10481 0
440 0 FT944-10548 0
440 0 FR941025-2-00060 0
440 0 FBIS3-27600 0
440 0 FBIS3-31730 0
440 0 FBIS3-20567 0
440 0 FR940622-0-00051 0
440 0 LA011290-0078 0
440 0 FT943-759 0
440 0 FT943-9861 0
440 0 FBIS3-41758 0
440 0 FT933-6163 0
440 0 LA100189-0042 0
440 0 FBIS4-6233 0
440 0 FBIS4-5198 1
440 0 FR940328-2-00097 0
440 0 FBIS4-28035 1
440 0 FT942-3471 1
440 0 LA080490-0014 0
440 0 FT933-5438 0
440 0 FT924-12879 0
440 0 FT941-2512 0
440 0 FR940621-2-00114 0
440 0 LA042490-0009 0
440 0 LA022190-0068 0
440 0 LA062790-0104 0
440 0 FR940513-1-00104 0
440 0 FR940725-0-00064 0
440 0 FR940513-1-00105 0
440 0 FR940725-0-00063 0
440 0 LA123090-0012 0
440 0 FR940513-1-00102 0
440 0 FR940513-1-00103 0
440 0 FBIS3-61336 0
440 0 FR940513-1-00108 0
440 0 FR940725-0-00060 0
440 0 LA112790-0001 0
440 0 FBIS3-61335 0
440 0 FR940513-1-00106 0
440 0 FR940725-0-00062 0
440 0 LA121789-0067 0
440 0 FR940513-1-00107 0
440 0 LA112790-0003 0
440 0 FR940725-0-00061 0
440 0 FR941219-2-00180 0
440 0 FBIS4-55270 1
440 0 FBIS3-51110 0
440 0 FT924-2130 0
440 0 FR940513-1-00100 0
440 0 FBIS4-30758 0
440 0 FR940513-1-00101 0
440 0 LA050390-0113 0
440 0 LA052689-0168 0
440 0 FT924-2125 0
440 0 FBIS3-20336 1
440 0 FT931-9706 0
440 0 FBIS3-60476 0
440 0 FR940513-1-00099 0
440 0 FBIS4-68585 0
440 0 FR940927-2-00066 0
440 0 FR940513-1-00113 0
440 0 FBIS4-45041 0
440 0 LA121290-0083 0
440 0 FR940627-2-00034 0
440 0 FBIS3-43118 0
440 0 FT934-4097 0
440 0 FR940719-0-00060 0
440 0 LA012590-0135 0
440 0 FBIS4-50830 1
440 0 FR940513-1-00110 0
440 0 FR940725-0-00058 0
440 0 FR940919-2-00059 0
440 0 FBIS4-48707 0
440 0 FR941025-2-00058 0
440 0 FR940513-1-00112 0
440 0 FR941025-2-00059 0
440 0 LA072889-0024 0
440 0 FR940902-1-00048 0
440 0 FR940617-2-00227 0
440 0 FT942-4368 0
440 0 LA112790-0004 0
440 0 LA112089-0052 0
440 0 FR940630-0-00036 0
440 0 FT943-10176 0
440 0 FT944-10308 0
440 0 FR940511-1-00047 0
440 0 FR940407-2-00092 0
440 0 LA081190-0123 0
440 0 FBIS3-67 0
440 0 FBIS4-1860 0
440 0 FBIS4-1866 0
440 0 LA112689-0137 1
440 0 FBIS4-50569 1
440 0 LA011589-0005 0
440 0 LA021889-0117 0
440 0 FT924-1107 1
440 0 FBIS4-33391 0
440 0 FBIS4-68275 0
440 0 LA092590-0125 0
440 0 LA082190-0138 0
440 0 FR940318-0-00065 0
440 0 LA080590-0053 0
440 0 FBIS4-35110 0
440 0 LA122289-0076 0
440 0 LA082089-0055 0
440 0 FR941206-1-00134 0
440 0 FBIS3-26460 0
440 0 LA050789-0060 0
440 0 FBIS4-44919 0
440 0 FT911-354 0
440 0 LA042790-0021 0
440 0 LA062190-0015 0
440 0 FR940602-1-00023 0
440 0 FBIS4-23084 0
440 0 FR941004-1-00102 0
440 0 FT941-15622 0
440 0 FBIS4-56457 0
440 0 FT942-17406 0
440 0 FBIS4-4059 0
440 0 FBIS3-59264 0
440 0 LA022890-0105 0
440 0 FBIS4-22812 0
440 0 FBIS3-32871 0
440 0 FR940406-2-00067 0
440 0 LA112590-0056 0
440 0 FBIS3-1246 0
440 0 FBIS4-66256 0
440 0 FBIS3-20402 1
440 0 LA070790-0097 0
440 0 LA032190-0066 0
440 0 FBIS4-44390 0
440 0 FBIS4-47613 0
440 0 LA012289-0193 0
440 0 LA042789-0137 0
440 0 LA012390-0031 0
440 0 LA011990-0106 0
440 0 LA100190-0135 0
440 0 LA073090-0054 0
440 0 LA021090-0137 1
440 0 LA061290-0034 0
440 0 FBIS3-61562 0
440 0 FR940927-2-00092 0
440 0 FBIS4-44407 0
440 0 LA110189-0133 0
440 0 LA061290-0137 1
440 0 FT932-5791 1
440 0 LA020589-0074 0
440 0 FBIS3-48221 0
440 0 FBIS3-26569 0
440 0 FBIS4-53182 0
440 0 LA040590-0144 0
440 0 FR941206-0-00016 0
440 0 FBIS3-1849 1
440 0 FR941021-0-00208 0
440 0 FR941107-2-00067 0
440 0 FBIS3-3670 0
440 0 FBIS4-18926 0
440 0 FBIS4-50195 0
440 0 FBIS4-5938 0
440 0 FR941004-1-00086 0
440 0 FBIS3-43186 0
440 0 FBIS3-1836 0
440 0 LA040190-0240 0
440 0 LA101989-0107 0
440 0 FT944-9041 0
440 0 LA072889-0083 0
440 0 FBIS3-43072 0
440 0 LA032389-0013 0
440 0 FT941-3104 0
440 0 FBIS3-43172 0
440 0 FR941107-2-00058 0
440 0 FBIS3-50976 0
440 0 FT943-10215 0
440 0 FBIS4-22246 0
440 0 LA031689-0075 0
440 0 FR940620-1-00072 0
440 0 FBIS4-66382 0
440 0 LA051590-0021 0
440 0 FT933-5266 0
440 0 FBIS4-44414 0
440 0 FT931-5001 0
440 0 FR940512-1-00093 0
440 0 LA042490-0079 0
440 0 LA040390-0172 1
440 0 FBIS3-28382 0
440 0 FBIS3-25944 0
440 0 LA081389-0171 0
440 0 LA012190-0049 0
440 0 FR941116-2-00133 0
440 0 FT921-16055 0
440 0 FR940725-0-00047 0
440 0 FR940725-0-00046 0
440 0 FBIS4-64476 0
440 0 FR940725-0-00049 0
440 0 FR940419-1-00065 0
440 0 FR940524-2-00038 0
440 0 FBIS3-36078 0
440 0 LA011089-0027 0
440 0 LA112989-0008 0
440 0 FBIS4-29 0
440 0 LA031590-0117 0
440 0 FR940304-1-00009 0
440 0 FT922-7206 0
440 0 FBIS4-53865 0
440 0 FT942-8040 1
440 0 FR941130-0-00122 0
440 0 LA072190-0072 0
440 0 FBIS3-23978 0
440 0 FR940419-1-00077 0
440 0 FBIS3-14832 0
440 0 LA121889-0008 0
440 0 LA052890-0002 0
440 0 LA072789-0124 0
440 0 FR941102-1-00119 0
440 0 FBIS3-60436 0
440 0 FBIS4-23283 0
440 0 FBIS4-61954 0
440 0 LA060689-0153 1
440 0 FT931-12516 0
440 0 LA032290-0007 1
440 0 FBIS3-60342 0
440 0 FBIS3-24679 0
440 0 LA072489-0081 0
440 0 LA042189-0138 0
440 0 LA040590-0063 1
440 0 LA022890-0075 0
440 0 FR940919-2-00012 0
440 0 FT934-6627 0
440 0 FT941-14479 0
440 0 FR940627-2-00087 0
440 0 FBIS3-45825 0
440 0 FBIS3-7251 0
440 0 LA072889-0054 0
440 0 FBIS3-11891 0
440 0 LA112689-0194 1
440 0 FT942-14617 0
440 0 FBIS4-25261 0
440 0 FBIS4-20331 0
440 0 FR940317-2-00058 0
440 0 FT934-7886 0
440 0 LA110589-0140 0
440 0 FBIS3-12946 1
440 0 FBIS4-22404 0
