401 0 FT941-3268 0
401 0 FBIS3-29 0
401 0 FBIS3-19290 0
401 0 FT941-4767 0
401 0 FBIS4-15890 0
401 0 FT924-11408 0
401 0 FBIS3-49454 0
401 0 FBIS3-59142 0
401 0 LA122190-0057 0
401 0 FT924-4952 1
401 0 LA111289-0073 0
401 0 FBIS3-59042 1
401 0 FT924-11400 1
401 0 FBIS4-50328 0
401 0 FBIS3-31064 0
401 0 FBIS3-7981 0
401 0 LA061990-0090 0
401 0 FBIS4-30880 0
401 0 FBIS3-59443 0
401 0 FT942-17612 0
401 0 FBIS4-66185 0
401 0 FT921-14215 1
401 0 FBIS4-56108 0
401 0 FBIS3-58198 0
401 0 FBIS3-18684 0
401 0 FBIS4-15509 0
401 0 FBIS3-19103 0
401 0 FBIS3-59055 1
401 0 FBIS3-8502 0
401 0 FBIS4-32758 0
401 0 FT921-727 0
401 0 FT921-624 0
401 0 FBIS3-20038 0
401 0 FT923-174 1
401 0 FBIS3-16670 0
401 0 LA110690-0075 0
401 0 FBIS3-18651 0
401 0 FT923-177 1
401 0 FT943-15609 0
401 0 FT924-10123 0
401 0 FT941-1648 0
401 0 FBIS3-59436 0
401 0 FBIS3-20335 0
401 0 FT923-3137 0
401 0 FT923-3134 1
401 0 FT924-7265 0
401 0 FT941-15167 0
401 0 FBIS4-57153 0
401 0 FBIS4-68800 0
401 0 LA050690-0109 0
401 0 FBIS4-54799 0
401 0 FT932-13416 0
401 0 FT924-4847 0
401 0 FT924-5157 1
401 0 FBIS3-30533 0
401 0 FT942-7103 0
401 0 FR940812-2-00229 0
401 0 FBIS3-19251 0
401 0 FBIS3-67 0
401 0 LA122790-0211 0
401 0 FBIS3-19645 0
401 0 FT941-15100 0
401 0 FBIS4-64853 0
401 0 LA050789-0160 0
401 0 FBIS4-15656 0
401 0 FBIS3-1790 0
401 0 FBIS3-59415 0
401 0 FBIS3-39506 0
401 0 FBIS3-43132 0
401 0 FT944-2695 0
401 0 FBIS3-18783 0
401 0 FBIS4-18101 0
401 0 FBIS3-52907 0
401 0 FBIS3-19042 0
401 0 FBIS3-19459 0
401 0 FBIS3-34422 0
401 0 LA050789-0068 1
401 0 FBIS3-19831 0
401 0 FR940602-1-00023 0
401 0 FBIS4-66148 0
401 0 FBIS3-40017 0
401 0 FBIS3-38677 0
401 0 LA092489-0115 0
401 0 FT941-3931 0
401 0 FT932-5627 1
401 0 FT923-3883 0
401 0 FT932-5626 1
401 0 FT932-4582 1
401 0 FBIS3-39926 0
401 0 FBIS4-66050 0
401 0 FBIS3-50297 0
401 0 FBIS4-64738 0
401 0 LA030690-0168 0
401 0 FBIS3-49468 0
401 0 FT934-9441 0
401 0 FT943-6293 0
401 0 FBIS3-19637 0
401 0 LA011189-0085 0
401 0 FT942-7634 0
401 0 FBIS3-19951 0
401 0 FT943-2230 0
401 0 FBIS4-9504 0
401 0 FR940317-1-00163 0
401 0 LA121490-0068 0
401 0 FT932-8398 0
401 0 FT944-2254 0
401 0 FT944-9692 1
401 0 FT933-2793 0
401 0 FT944-9693 1
401 0 FT933-8639 0
401 0 FBIS4-9157 0
401 0 FBIS4-55313 0
401 0 FT924-4344 1
401 0 FBIS4-17708 0
401 0 FR941019-2-00029 0
401 0 LA062890-0259 0
401 0 FBIS4-55047 0
401 0 FT921-15094 0
401 0 FBIS3-31620 0
401 0 FBIS4-28644 0
401 0 FT921-1808 1
401 0 FT924-11066 1
401 0 FT944-2261 0
401 0 FBIS3-19212 0
401 0 FT944-2266 0
401 0 FT923-7892 1
401 0 FBIS4-20219 1
401 0 LA122589-0034 0
401 0 FBIS3-9104 0
401 0 FT942-7918 0
401 0 LA031590-0024 0
401 0 FBIS4-54440 0
401 0 FT942-7258 0
401 0 FBIS3-19302 0
401 0 FBIS4-41927 0
401 0 FT934-15047 0
401 0 FBIS4-55442 0
401 0 FBIS3-39115 0
401 0 FT934-15967 0
401 0 FR941013-2-00161 0
401 0 FT934-10437 0
401 0 FBIS4-18223 0
401 0 FR941019-0-00079 0
401 0 FBIS3-39117 0
401 0 LA123089-0101 0
401 0 LA061590-0052 0
401 0 FBIS3-38236 0
401 0 FBIS4-55980 0
401 0 FBIS4-55983 0
401 0 FBIS3-50056 0
401 0 FR940720-2-00020 0
401 0 FT933-3792 0
401 0 FBIS4-17044 0
401 0 FBIS4-11261 0
401 0 FBIS4-20472 0
401 0 FBIS4-20373 0
401 0 FBIS3-31659 0
401 0 FBIS4-46935 0
401 0 FT932-5775 1
401 0 FBIS4-20375 0
401 0 FBIS3-42626 0
401 0 LA021389-0098 0
401 0 FT932-5884 1
401 0 FBIS4-7690 0
401 0 FT932-15086 1
401 0 FT934-3759 0
401 0 FBIS3-49917 0
401 0 FBIS4-65434 1
401 0 FBIS3-24653 0
401 0 FBIS3-49101 0
401 0 LA072190-0060 0
401 0 FBIS4-9057 0
401 0 FBIS3-41666 0
401 0 FT924-3665 1
401 0 FT924-3663 0
401 0 LA021389-0087 0
401 0 FT924-7483 1
401 0 LA072090-0019 0
401 0 FBIS3-20329 1
401 0 FT942-5121 1
401 0 FT932-6037 1
401 0 FBIS3-59212 0
401 0 LA042989-0030 0
401 0 FBIS4-20148 0
401 0 FT941-230 0
401 0 FT931-15073 0
401 0 FT924-4075 1
401 0 FBIS4-55123 0
401 0 FBIS4-9438 0
401 0 FT923-6065 0
401 0 FBIS3-60342 0
401 0 FBIS4-19303 0
401 0 FBIS3-37727 0
401 0 FT942-5131 1
401 0 LA121190-0075 0
401 0 FBIS4-48736 0
401 0 FT922-15552 0
401 0 FT933-11849 0
401 0 FBIS4-65614 1
401 0 FBIS4-55036 0
401 0 FBIS3-38885 0
401 0 FT924-7558 1
401 0 LA100790-0056 0
401 0 FT941-1403 0
401 0 FBIS3-30898 0
401 0 FT941-2087 0
401 0 FBIS3-38475 1
401 0 FBIS4-9582 0
401 0 FBIS3-31751 0
401 0 FBIS3-53108 0
401 0 FR940513-0-00110 0
401 0 FT924-4470 1
401 0 LA050590-0114 0
401 0 FBIS3-39240 1
401 0 FBIS4-67877 0
401 0 FBIS4-55746 0
401 0 FR940719-0-00032 0
401 0 FT941-4506 0
401 0 FT941-4640 0
401 0 LA022490-0167 0
401 0 FBIS4-52158 0
401 0 FR941117-2-00158 0
401 0 FBIS3-58533 0
401 0 LA072789-0028 0
401 0 FBIS3-4201 0
401 0 FBIS4-25684 0
401 0 FT924-15157 0
401 0 FBIS4-31340 0
401 0 FBIS3-49639 0
401 0 FR940104-0-00034 0
401 0 FT942-15501 0
401 0 FT931-5475 0
401 0 FT944-2707 0
401 0 FT942-6335 0
401 0 FT944-2702 0
401 0 FBIS3-49144 0
401 0 FBIS4-8566 0
401 0 FT924-3011 1
401 0 FBIS3-42766 0
401 0 FBIS4-44377 0
401 0 FT921-9099 0
401 0 LA011490-0070 0
401 0 FBIS3-42250 1
401 0 FT922-9093 1
401 0 FT924-8787 1
401 0 FBIS3-35592 0
401 0 FT924-13127 0
401 0 FBIS3-49035 0
401 0 FBIS3-15738 0
401 0 FT924-3284 1
401 0 FT921-11087 0
401 0 LA110990-0013 0
401 0 FBIS4-65192 0
401 0 FBIS4-18596 0
401 0 FBIS4-65444 1
401 0 FR941021-1-00058 0
401 0 FBIS3-30706 0
401 0 FT942-16369 0
401 0 FT942-828 0
401 0 LA090490-0093 0
401 0 FT933-10979 0
401 0 FT923-5389 1
401 0 FBIS3-49022 0
401 0 FBIS4-8682 0
401 0 FBIS3-35391 0
401 0 LA081989-0049 0
401 0 LA052590-0090 0
401 0 FBIS4-31745 0
401 0 FBIS4-45046 0
401 0 FBIS3-32990 0
401 0 FT932-10867 0
401 0 FBIS4-18659 0
401 0 FT932-10861 0
401 0 FBIS4-18372 0
401 0 FT923-12651 0
401 0 FBIS4-65842 0
401 0 FBIS3-5470 0
401 0 FT922-11123 0
401 0 FBIS4-31458 0
401 0 FT911-225 0
401 0 FBIS4-67533 0
401 0 FT944-8635 0
401 0 FR940817-0-00061 0
401 0 FBIS4-65998 0
401 0 FBIS3-40450 0
401 0 FBIS3-30642 0
401 0 FT922-7096 0
401 0 FT924-2745 1
401 0 FR940526-0-00027 0
401 0 FBIS4-1781 0
401 0 FBIS4-31166 0
401 0 FBIS4-31274 0
401 0 FBIS4-65681 1
401 0 LA082789-0017 0
401 0 FBIS3-51967 0
401 0 FT923-1528 0
401 0 FBIS4-62200 0
401 0 LA030489-0031 0
401 0 LA082789-0152 0
401 0 FBIS3-38921 0
401 0 FT924-11397 1
401 0 FT943-526 0
401 0 FT944-8200 0
401 0 FBIS3-5584 0
401 0 FBIS4-65491 0
401 0 FBIS4-64410 0
401 0 FBIS3-37947 0
401 0 FR940328-2-00119 0
401 0 FBIS3-49894 0
401 0 FBIS3-49718 0
401 0 FR940523-2-00065 0
401 0 LA070989-0055 0
401 0 FBIS4-31565 0
401 0 FBIS3-57904 0
401 0 FBIS4-51434 0
401 0 FT924-713 1
401 0 FR940817-0-00050 0
401 0 FBIS3-31802 0
401 0 FBIS4-46469 0
401 0 FT924-5091 1
401 0 FBIS3-10009 0
401 0 FBIS3-15696 0
401 0 FT931-10513 1
401 0 FBIS4-65274 0
401 0 FBIS4-49776 0
401 0 FBIS4-32132 0
401 0 FBIS4-61367 0
401 0 FBIS4-42218 0
401 0 FT944-8162 0
401 0 FT931-2966 1
401 0 FBIS3-19865 0
401 0 LA042490-0202 0
401 0 FT944-11506 0
401 0 FT922-10979 0
401 0 LA022689-0236 0
401 0 FBIS4-54740 0
401 0 FBIS3-43186 0
401 0 FBIS3-57865 0
401 0 FBIS4-42221 1
401 0 FBIS4-29201 0
401 0 FT921-7288 0
401 0 FBIS3-44415 0
401 0 FBIS3-19702 0
401 0 FBIS4-68893 0
401 0 FT933-2163 1
401 0 FT942-8274 0
401 0 FT931-4902 0
401 0 FBIS3-19893 0
401 0 LA092889-0105 0
401 0 FT941-5413 0
401 0 FBIS4-68782 0
401 0 FBIS4-66382 0
401 0 FT944-6909 1
401 0 FT941-5518 0
401 0 FBIS4-20504 0
401 0 FT944-8184 0
401 0 FBIS3-19884 1
401 0 FBIS4-65928 0
401 0 FBIS3-19881 0
401 0 LA012190-0117 0
401 0 LA072790-0171 0
401 0 FT941-16483 0
401 0 FBIS3-20090 1
401 0 FBIS3-50310 0
401 0 FBIS3-34450 0
401 0 FBIS3-20098 0
401 0 FBIS4-68773 0
401 0 FBIS4-68774 0
401 0 FT931-16878 0
401 0 FT944-8195 0
401 0 FBIS3-8767 0
401 0 FBIS4-43851 0
401 0 FBIS3-17087 0
401 0 FBIS3-44437 0
401 0 FT942-17331 0
401 0 FBIS3-31156 0
401 0 FBIS3-8720 0
401 0 FT922-221 0
401 0 FT921-5955 0
401 0 FT923-13486 0
401 0 LA091490-0080 0
401 0 FBIS4-23811 0
401 0 FT924-5839 1
401 0 FT934-12742 0
401 0 FBIS4-18182 0
401 0 FT934-12743 0
401 0 FT924-5948 1
401 0 FBIS3-17077 0
401 0 FBIS4-7584 0
401 0 FBIS4-68723 0
401 0 FBIS4-16605 0
401 0 LA021590-0208 0
401 0 FBIS3-20074 0
401 0 FBIS4-29 0
401 0 FBIS3-18410 0
401 0 FBIS3-18833 0
401 0 FBIS4-23131 0
401 0 FT923-2567 0
401 0 FBIS3-173 0
401 0 FT942-8238 0
401 0 FR940831-2-00092 0
401 0 FBIS3-18024 0
401 0 FBIS4-42162 0
401 0 FT922-14939 1
401 0 FT911-1796 0
401 0 FBIS4-20002 0
401 0 FBIS4-31715 0
401 0 FT934-2528 0
401 0 FT943-5381 0
401 0 FR940413-0-00003 0
401 0 FBIS4-19680 0
401 0 FBIS3-18109 0
401 0 FT921-476 0
401 0 LA101389-0166 0
401 0 FBIS3-18916 0
401 0 FBIS3-17868 0
401 0 FT922-10801 0
401 0 FT924-5516 1
401 0 FT933-10085 0
401 0 FBIS4-52042 0
401 0 FBIS4-52043 0
401 0 FBIS4-52754 0
401 0 FT921-15490 1
401 0 LA101790-0075 0
401 0 FT943-12593 0
401 0 FBIS4-31704 0
401 0 FT931-10090 0
401 0 LA091390-0268 0
401 0 FBIS4-65345 0
401 0 FT943-14463 0
401 0 LA122990-0070 0
401 0 FBIS4-27277 0
401 0 FBIS3-9316 0
401 0 FBIS3-34216 0
401 0 FT924-107 0
401 0 FBIS4-52039 0
401 0 FBIS4-47081 0
