417 0 FR940811-2-00049 0
417 0 FR940811-2-00048 0
417 0 LA073089-0194 0
417 0 FR940214-0-00056 0
417 0 FBIS3-45379 0
417 0 FBIS4-62981 0
417 0 FR940811-2-00043 0
417 0 LA091390-0219 0
417 0 LA021390-0115 0
417 0 LA092989-0114 1
417 0 FBIS3-46731 0
417 0 FT942-4621 0
417 0 FR940419-1-00017 0
417 0 FT924-4854 0
417 0 FT921-8725 1
417 0 LA101489-0015 1
417 0 FBIS3-26490 1
417 0 FBIS3-20423 0
417 0 FT924-11401 0
417 0 FR941116-1-00015 0
417 0 FT941-3998 0
417 0 FT921-4882 1
417 0 FR940811-2-00058 0
417 0 FT944-4744 1
417 0 FR941110-0-00062 0
417 0 FT942-6992 0
417 0 FR940811-2-00052 0
417 0 FBIS3-10064 0
417 0 FR940811-2-00051 0
417 0 FBIS3-46243 0
417 0 FBIS3-26613 1
417 0 FBIS3-19514 0
417 0 FBIS4-23549 0
417 0 FBIS3-10066 0
417 0 LA061090-0142 1
417 0 LA112890-0085 0
417 0 FR940920-1-00056 0
417 0 FT932-7979 0
417 0 FBIS4-3894 0
417 0 FR940419-2-00145 0
417 0 FBIS3-46614 0
417 0 LA072490-0136 0
417 0 LA091689-0003 0
417 0 FBIS4-33179 0
417 0 LA051790-0005 0
417 0 FBIS3-27048 0
417 0 LA100589-0147 0
417 0 FBIS3-33991 0
417 0 FR940105-2-00055 0
417 0 FBIS3-20330 0
417 0 FR940216-0-00222 0
417 0 FT942-8984 1
417 0 FR941005-1-00025 0
417 0 LA080389-0148 0
417 0 FBIS3-46323 0
417 0 FT944-4861 1
417 0 FBIS4-49161 0
417 0 FBIS3-57 0
417 0 FBIS3-58 0
417 0 LA091489-0178 1
417 0 FT932-13987 0
417 0 FBIS3-61 0
417 0 LA053190-0002 0
417 0 FBIS3-28268 0
417 0 FR940630-2-00169 0
417 0 FBIS3-67 0
417 0 FBIS3-19352 0
417 0 FR941202-2-00139 0
417 0 FT942-4868 0
417 0 FT943-11620 1
417 0 FBIS4-66078 0
417 0 LA011589-0005 0
417 0 FT944-5797 0
417 0 FR940711-2-00118 0
417 0 FBIS3-10018 0
417 0 FR940317-2-00128 0
417 0 FR940118-0-00079 0
417 0 LA123090-0003 0
417 0 FBIS4-29925 0
417 0 FR941128-0-00042 0
417 0 FR940317-2-00133 0
417 0 FR940317-2-00132 0
417 0 LA061090-0238 1
417 0 FBIS4-56568 0
417 0 FT933-15822 1
417 0 FT941-3534 0
417 0 LA051889-0065 0
417 0 FR941128-2-00132 0
417 0 FT922-11525 0
417 0 FT932-8942 0
417 0 FBIS4-22201 0
417 0 FBIS4-10006 0
417 0 LA030690-0151 0
417 0 LA032890-0034 0
417 0 FBIS4-46784 0
417 0 FBIS4-29958 0
417 0 FT934-4181 0
417 0 LA100790-0251 1
417 0 FBIS3-3899 0
417 0 FT934-9583 0
417 0 FBIS3-1758 0
417 0 FR940719-2-00083 0
417 0 LA100990-0018 1
417 0 FT931-10916 0
417 0 FT944-6966 0
417 0 FR940630-0-00071 0
417 0 FR941031-2-00069 0
417 0 FBIS3-26833 0
417 0 FBIS4-16642 0
417 0 LA061290-0132 0
417 0 LA010790-0207 0
417 0 FBIS4-30972 0
417 0 FBIS4-7796 0
417 0 FR940805-1-00031 0
417 0 LA060790-0212 0
417 0 FR940112-2-00143 0
417 0 FR940112-2-00145 0
417 0 FT932-10287 0
417 0 FT941-14802 0
417 0 LA092989-0098 1
417 0 FT931-6777 0
417 0 FBIS3-35701 0
417 0 LA010190-0021 0
417 0 FR940728-1-00027 0
417 0 FBIS4-29097 1
417 0 FR940720-2-00141 0
417 0 FBIS4-1693 0
417 0 FBIS3-51719 0
417 0 FT942-5299 0
417 0 FBIS4-2959 0
417 0 LA010889-0192 0
417 0 FBIS3-21193 0
417 0 FBIS3-28741 0
417 0 FT942-4796 1
417 0 LA010190-0019 0
417 0 LA071990-0035 0
417 0 FR941019-0-00066 0
417 0 LA100790-0126 0
417 0 FBIS4-46881 0
417 0 LA080789-0084 0
417 0 FBIS4-11470 0
417 0 LA111989-0021 0
417 0 LA110889-0109 0
417 0 FT944-16303 0
417 0 FR940720-1-00028 0
417 0 FBIS3-19330 0
417 0 FBIS3-42985 0
417 0 FT941-2448 0
417 0 FT922-9395 0
417 0 FBIS4-56316 0
417 0 LA081589-0025 0
417 0 LA051890-0001 0
417 0 FT932-15646 0
417 0 LA093089-0065 1
417 0 FBIS4-47233 0
417 0 FT941-11742 0
417 0 FBIS4-56326 0
417 0 LA031689-0063 0
417 0 FBIS3-40549 0
417 0 FBIS4-22232 0
417 0 FBIS3-47459 0
417 0 FBIS4-20472 0
417 0 FT911-5136 0
417 0 FR940228-2-00040 0
417 0 LA051889-0171 0
417 0 FBIS3-1580 0
417 0 LA042789-0071 0
417 0 FT933-2963 0
417 0 FT931-5157 0
417 0 FBIS4-47147 0
417 0 LA083189-0200 0
417 0 LA072990-0201 1
417 0 FBIS3-2553 0
417 0 LA120990-0158 0
417 0 FBIS4-10836 0
417 0 FT942-13716 0
417 0 FT944-5407 1
417 0 FBIS3-12027 0
417 0 FBIS3-36078 0
417 0 LA081890-0064 0
417 0 FR940324-2-00157 0
417 0 FBIS3-11245 0
417 0 LA111590-0095 0
417 0 LA111190-0149 0
417 0 FBIS3-1575 0
417 0 FBIS4-34096 0
417 0 FT934-8117 1
417 0 LA080789-0039 0
417 0 LA021789-0020 0
417 0 FT934-238 0
417 0 FT941-4422 0
417 0 FT934-233 0
417 0 FBIS4-56206 0
417 0 FBIS3-2546 0
417 0 FR940919-2-00108 0
417 0 FBIS3-24469 0
417 0 LA040690-0006 0
417 0 FBIS3-7612 0
417 0 LA071689-0116 0
417 0 FBIS3-59325 1
417 0 LA010590-0114 0
417 0 FBIS4-22537 0
417 0 LA071990-0041 0
417 0 FBIS3-60342 0
417 0 FBIS3-24679 0
417 0 LA050590-0107 0
417 0 FT943-10635 0
417 0 FT911-5329 0
417 0 FT941-15050 0
417 0 LA070789-0097 0
417 0 LA071989-0079 0
417 0 LA011089-0052 0
417 0 FT932-400 0
417 0 LA031990-0062 0
417 0 LA050590-0013 0
417 0 FT933-5719 0
417 0 LA010990-0070 1
417 0 FR940912-0-00019 0
417 0 FBIS3-32936 0
417 0 FT934-16918 0
417 0 FBIS4-22404 0
417 0 LA032489-0003 0
417 0 FR941230-0-00119 0
417 0 FBIS4-57985 0
417 0 LA022390-0065 0
417 0 FBIS4-1939 0
417 0 FR941025-2-00066 0
417 0 FR940919-2-00095 0
417 0 FBIS3-11827 0
417 0 FBIS3-16298 0
417 0 FR940104-0-00033 0
417 0 FT942-5735 0
417 0 FBIS4-25085 0
417 0 FBIS3-18155 0
417 0 FT924-10412 1
417 0 LA062290-0047 1
417 0 LA010590-0178 0
417 0 FBIS4-18480 0
417 0 LA080890-0144 0
417 0 FT944-8607 0
417 0 FT932-17257 0
417 0 FT943-16380 0
417 0 FBIS4-68582 0
417 0 FBIS4-67146 0
417 0 FT923-6374 0
417 0 FT932-4856 0
417 0 FBIS4-57473 0
417 0 FBIS3-14530 0
417 0 FBIS3-55145 0
417 0 FBIS3-51397 0
417 0 FBIS4-66308 0
417 0 LA071989-0130 0
417 0 FT943-4356 1
417 0 FBIS3-11709 0
417 0 FT921-6225 0
417 0 FT932-2070 0
417 0 LA042089-0107 0
417 0 FBIS4-26873 0
417 0 FBIS3-32036 0
417 0 LA011790-0096 0
417 0 FBIS3-41641 0
417 0 FT943-1339 0
417 0 FT933-16185 0
417 0 LA082090-0138 0
417 0 FBIS3-57940 0
417 0 FBIS4-67542 0
417 0 FBIS4-44356 0
417 0 LA061489-0093 0
417 0 FT931-12874 1
417 0 FBIS3-61044 0
417 0 FBIS3-14335 0
417 0 LA082990-0115 0
417 0 FT944-857 0
417 0 FBIS4-10754 0
417 0 FT924-13529 0
417 0 FBIS4-44915 0
417 0 FBIS4-44913 0
417 0 FBIS4-25449 0
417 0 FT943-4579 0
417 0 FBIS3-12670 0
417 0 FR940831-2-00150 0
417 0 FR940831-2-00152 0
417 0 FBIS3-38905 0
417 0 FR940506-1-00017 0
417 0 LA030389-0148 0
417 0 FBIS3-42394 0
417 0 FT943-15908 0
417 0 FBIS3-42399 0
417 0 FBIS3-21262 0
417 0 FR940722-0-00052 0
417 0 FT924-9880 0
417 0 LA010689-0154 1
417 0 FT943-3906 0
417 0 FR941206-1-00134 0
417 0 FR940407-0-00063 0
417 0 FT944-11385 0
417 0 FBIS3-15266 0
417 0 FR940804-0-00082 0
417 0 FBIS4-21333 0
417 0 FBIS3-5365 0
417 0 FT924-8682 0
417 0 FBIS4-66480 0
417 0 FR941020-2-00014 0
417 0 FBIS3-24522 0
417 0 FT911-1843 0
417 0 LA103190-0141 0
417 0 FBIS3-32874 0
417 0 LA031690-0169 0
417 0 FT942-8697 1
417 0 LA021190-0207 0
417 0 FT943-5239 0
417 0 FT942-305 0
417 0 LA123190-0057 0
417 0 LA061189-0139 0
417 0 LA082190-0019 0
417 0 FBIS3-10360 0
417 0 FBIS3-61460 0
417 0 LA071390-0123 0
417 0 FBIS3-37947 0
417 0 FT923-11128 1
417 0 FT941-1070 0
417 0 FT943-4591 0
417 0 FBIS3-2757 0
417 0 FR940324-2-00094 0
417 0 LA040190-0006 0
417 0 FT922-10893 0
417 0 FBIS3-10362 0
417 0 LA052089-0086 0
417 0 FBIS4-31787 0
417 0 FBIS4-46469 0
417 0 LA071889-0036 0
417 0 LA061290-0155 0
417 0 FBIS4-29117 1
417 0 LA052790-0045 0
417 0 FT931-3244 0
417 0 FBIS4-68491 0
417 0 LA030189-0087 0
417 0 FT941-4000 0
417 0 FT942-9524 0
417 0 FR940526-2-00099 0
417 0 LA052089-0021 0
417 0 FBIS4-68220 0
417 0 FBIS3-18738 0
417 0 FR940525-2-00215 0
417 0 FR940620-0-00090 0
417 0 FBIS4-46649 0
417 0 LA101490-0092 0
417 0 LA022289-0112 0
417 0 FT932-5916 0
417 0 FBIS4-57538 0
417 0 LA121189-0061 0
417 0 FBIS4-66387 0
417 0 LA111889-0040 0
417 0 FBIS3-3196 0
417 0 FBIS3-26959 0
417 0 FT932-15115 0
417 0 FT932-11120 0
417 0 LA113090-0098 0
417 0 FBIS4-66382 0
417 0 FR940516-2-00051 0
417 0 FT924-8020 0
417 0 FT941-1097 0
417 0 FR940922-1-00028 0
417 0 LA122789-0031 0
417 0 FBIS4-68886 0
417 0 LA012890-0118 1
417 0 FBIS3-48422 0
417 0 FR940526-2-00102 0
417 0 FR940526-2-00101 0
417 0 LA021589-0047 0
417 0 FT944-12140 0
417 0 LA110289-0086 0
417 0 FT943-15273 0
417 0 FT911-1336 0
417 0 FT944-5915 0
417 0 FBIS4-22857 0
417 0 FT943-15965 0
417 0 FT921-3013 1
417 0 FBIS4-65381 0
417 0 FBIS3-2918 0
417 0 FT923-14198 0
417 0 FT924-11669 0
417 0 FBIS4-68453 0
417 0 FBIS3-20707 0
417 0 LA032390-0106 0
417 0 FR940407-2-00155 0
417 0 FT943-15027 0
417 0 FT923-6698 0
417 0 LA093090-0112 1
417 0 FR940503-0-00046 0
417 0 LA052189-0057 0
417 0 FR940706-2-00148 0
417 0 FT932-5188 0
417 0 FBIS3-36731 0
417 0 FT931-9421 0
417 0 LA072589-0030 0
417 0 LA022189-0094 1
417 0 FT924-7952 0
417 0 FBIS3-6931 0
417 0 LA110689-0013 0
417 0 LA041389-0089 0
417 0 FR940622-1-00022 0
417 0 FR941130-0-00122 0
417 0 FBIS4-20653 0
417 0 FBIS4-5349 0
417 0 LA122289-0125 0
417 0 FR940816-1-00039 0
417 0 FT942-15481 0
417 0 FR940606-2-00114 0
417 0 FBIS3-42400 0
417 0 FR940128-2-00184 0
417 0 LA051789-0018 0
417 0 LA030189-0023 0
417 0 FBIS3-18526 0
417 0 FR941017-2-00065 0
417 0 FBIS3-2806 0
417 0 FR941017-2-00066 0
417 0 FR941017-2-00067 0
417 0 FR941017-2-00068 0
417 0 LA061789-0140 1
417 0 FT924-7973 0
417 0 FT932-2890 0
417 0 LA112089-0015 1
417 0 FBIS4-33940 0
417 0 LA011290-0116 0
417 0 LA112890-0114 0
417 0 FT941-13433 0
417 0 FBIS4-3916 0
417 0 LA010189-0138 0
417 0 FT922-2991 0
417 0 FBIS3-57789 0
417 0 LA022590-0033 0
417 0 LA010189-0132 0
417 0 FT932-6450 0
417 0 FBIS4-57764 0
417 0 LA120890-0096 0
