412 0 FBIS3-23 0
412 0 FBIS3-2127 0
412 0 FR941013-0-00022 0
412 0 FBIS3-43220 0
412 0 FBIS3-29 0
412 0 FR940811-2-00043 0
412 0 FR940419-1-00021 0
412 0 LA123089-0060 1
412 0 FR940304-2-00080 0
412 0 FR940222-2-00091 0
412 0 FT931-5811 0
412 0 LA031689-0212 0
412 0 FBIS3-46136 1
412 0 FT922-38 0
412 0 FR940128-2-00226 0
412 0 FT943-759 0
412 0 FR940106-2-00124 0
412 0 LA051789-0076 0
412 0 FBIS4-58216 0
412 0 FT943-8889 0
412 0 FBIS4-66185 0
412 0 FBIS3-59156 0
412 0 FT933-6584 1
412 0 LA041990-0220 0
412 0 LA042389-0138 0
412 0 FR940812-2-00262 0
412 0 FT941-4211 1
412 0 FR941230-0-00123 0
412 0 FT942-3979 0
412 0 LA021190-0048 0
412 0 FT941-3863 1
412 0 FR940303-2-00160 0
412 0 FR941230-0-00120 0
412 0 FR940303-2-00161 0
412 0 FBIS4-1843 0
412 0 LA042589-0096 0
412 0 FBIS3-61336 0
412 0 FBIS3-49034 0
412 0 FBIS3-61335 0
412 0 FBIS3-49036 0
412 0 FBIS4-51010 0
412 0 FBIS3-44497 0
412 0 FT944-9371 0
412 0 LA041790-0057 0
412 0 LA021689-0116 1
412 0 FR940907-0-00014 0
412 0 LA021489-0026 1
412 0 FBIS3-7476 0
412 0 FBIS3-2067 1
412 0 LA092690-0036 0
412 0 FR941221-2-00083 0
412 0 FR940822-2-00100 0
412 0 FBIS3-13169 0
412 0 FBIS3-59226 0
412 0 FBIS3-12456 0
412 0 FT941-4490 1
412 0 FR941216-2-00176 0
412 0 FR941216-2-00173 0
412 0 FR940513-0-00044 0
412 0 FR941216-2-00174 0
412 0 FT931-5410 0
412 0 FT943-5349 0
412 0 FBIS3-8616 0
412 0 LA093090-0090 1
412 0 FR940222-2-00089 0
412 0 FR941026-1-00006 0
412 0 FBIS3-31843 0
412 0 FBIS3-19120 1
412 0 FR940902-1-00048 0
412 0 LA082690-0100 0
412 0 FR941020-0-00011 0
412 0 FR941020-0-00010 0
412 0 FR940617-2-00229 0
412 0 FBIS4-20966 0
412 0 FR941026-1-00007 0
412 0 FR941026-1-00008 0
412 0 LA050189-0003 1
412 0 FT943-7531 0
412 0 FT924-15439 0
412 0 FR940406-2-00081 0
412 0 FBIS3-67 0
412 0 FR940603-2-00097 0
412 0 FR941202-2-00139 0
412 0 LA061890-0007 0
412 0 FBIS3-23335 1
412 0 LA091689-0123 1
412 0 FBIS4-13266 0
412 0 FR940505-1-00136 0
412 0 FBIS3-23332 1
412 0 FBIS3-19158 1
412 0 FR940223-2-00002 0
412 0 FT931-3677 0
412 0 FR940803-2-00081 0
412 0 FR941205-2-00107 0
412 0 FBIS4-51932 0
412 0 FT942-7956 0
412 0 LA041490-0047 0
412 0 FBIS3-14217 0
412 0 FT911-556 0
412 0 FR940610-2-00182 0
412 0 FR941205-2-00100 0
412 0 FT943-5328 1
412 0 FR941017-2-00124 0
412 0 LA011789-0136 0
412 0 FR940825-1-00153 0
412 0 FT911-3449 0
412 0 FBIS3-12680 1
412 0 FR941206-1-00134 0
412 0 FR940825-1-00154 0
412 0 FR940825-1-00155 0
412 0 FR940511-2-00094 0
412 0 FR940513-2-00089 0
412 0 FR940527-0-00020 0
412 0 FBIS4-49457 0
412 0 FR941128-0-00041 0
412 0 FR940610-2-00183 0
412 0 FBIS4-46680 0
412 0 FR941227-2-00157 0
412 0 FR941227-2-00158 0
412 0 FBIS3-6216 0
412 0 FR941206-1-00137 0
412 0 FR940602-1-00023 0
412 0 FR940825-1-00150 0
412 0 FR941206-1-00138 0
412 0 FR940825-1-00151 0
412 0 FBIS4-3267 0
412 0 FBIS3-23020 1
412 0 FR940825-1-00152 0
412 0 FR941206-1-00136 0
412 0 FBIS4-65964 0
412 0 LA031789-0067 0
412 0 FT921-4832 0
412 0 FR940429-2-00044 0
412 0 FBIS3-19625 0
412 0 FR940617-2-00094 0
412 0 FBIS4-44129 0
412 0 LA021790-0109 1
412 0 FBIS3-60861 0
412 0 FR940825-1-00148 0
412 0 FR940825-1-00149 0
412 0 FR940620-2-00084 0
412 0 FR940610-2-00175 0
412 0 FR941206-1-00140 0
412 0 FR940825-1-00144 0
412 0 FR941206-1-00142 0
412 0 FR941206-1-00144 0
412 0 FBIS3-60857 0
412 0 FR940728-2-00138 0
412 0 FT911-654 0
412 0 FBIS3-9393 0
412 0 FR941003-1-00091 0
412 0 FBIS3-12566 0
412 0 FBIS3-27297 0
412 0 FT932-13743 0
412 0 FR941027-2-00002 0
412 0 FBIS3-40162 0
412 0 LA091689-0057 1
412 0 LA031289-0199 1
412 0 FBIS3-19365 0
412 0 FBIS3-38148 0
412 0 FBIS3-45385 1
412 0 FBIS4-68195 1
412 0 FR940324-2-00094 0
412 0 FBIS4-68194 1
412 0 FT921-5796 0
412 0 FR940404-1-00021 0
412 0 LA062889-0111 0
412 0 FBIS3-12367 1
412 0 FR940429-2-00116 0
412 0 FR940105-2-00108 0
412 0 FT944-1712 0
412 0 FBIS3-12129 1
412 0 FBIS3-9620 0
412 0 FR940204-2-00144 0
412 0 FR940204-2-00143 0
412 0 LA010389-0034 1
412 0 FBIS3-40554 0
412 0 FBIS4-439 0
412 0 FT933-4232 0
412 0 FBIS4-1796 0
412 0 FBIS3-24043 0
412 0 LA041890-0141 0
412 0 FBIS3-23561 0
412 0 FBIS4-47629 0
412 0 FBIS3-23078 0
412 0 FR940429-2-00107 0
412 0 FR940721-2-00129 0
412 0 FBIS4-21609 1
412 0 LA021989-0162 1
412 0 LA041690-0010 0
412 0 FBIS3-23066 0
412 0 FBIS3-23065 0
412 0 FR941230-0-00034 0
412 0 FBIS3-11290 1
412 0 FR941230-0-00036 0
412 0 LA120189-0063 0
412 0 FR940812-2-00117 0
412 0 FR940831-2-00107 0
412 0 LA091190-0077 0
412 0 LA112989-0105 0
412 0 LA040190-0045 0
412 0 FBIS4-46649 0
412 0 FT941-4019 1
412 0 FBIS3-1833 0
412 0 FR941202-2-00014 0
412 0 FBIS4-440 0
412 0 FT943-11174 0
412 0 FBIS4-52843 0
412 0 FBIS4-68893 0
412 0 FR940831-2-00133 0
412 0 LA051690-0101 1
412 0 FR940831-2-00134 0
412 0 LA031989-0099 1
412 0 LA060690-0027 0
412 0 FBIS4-66382 0
412 0 FBIS4-42 0
412 0 LA111590-0170 0
412 0 FT933-12628 0
412 0 LA072590-0152 1
412 0 FBIS3-52981 1
412 0 FT911-2060 0
412 0 LA090490-0151 1
412 0 FR940216-0-00021 0
412 0 FBIS4-1468 1
412 0 FR940816-2-00133 0
412 0 LA012090-0125 0
412 0 LA060690-0034 0
412 0 LA120189-0188 0
412 0 FR940204-2-00150 0
412 0 FT942-3131 0
412 0 FBIS4-46730 0
412 0 FT941-4175 1
412 0 FBIS3-13799 0
412 0 FT911-2375 0
412 0 LA103089-0052 0
412 0 FBIS4-20472 0
412 0 FBIS3-43166 0
412 0 FBIS3-12130 0
412 0 FT931-1004 0
412 0 FR940504-1-00041 0
412 0 FR940504-1-00042 0
412 0 FR941006-2-00143 0
412 0 LA080589-0053 1
412 0 FR941028-2-00145 0
412 0 FBIS4-19 0
412 0 FR940630-0-00018 0
412 0 FT911-5073 0
412 0 FR940812-2-00146 0
412 0 FBIS4-570 1
412 0 FBIS3-21991 1
412 0 FT942-14376 0
412 0 FR940711-2-00068 0
412 0 FT942-14370 0
412 0 FBIS3-12221 0
412 0 FT941-15843 1
412 0 FBIS3-31563 0
412 0 FBIS4-27085 0
412 0 FT922-7222 1
412 0 FBIS4-21704 1
412 0 FBIS3-41666 0
412 0 FBIS4-571 1
412 0 FR940513-0-00125 0
412 0 LA021190-0006 0
412 0 FR940503-0-00046 0
412 0 FBIS4-18966 0
412 0 LA091790-0043 0
412 0 FBIS4-13303 0
412 0 FR940819-1-00045 0
412 0 FT922-7630 0
412 0 FR940303-0-00066 0
412 0 FR940825-2-00164 0
412 0 FBIS3-41166 0
412 0 LA061289-0040 0
412 0 FR941031-2-00112 0
412 0 FBIS4-18574 0
412 0 FBIS3-12011 0
412 0 FR941031-2-00115 0
412 0 FT944-9462 0
412 0 FT941-4724 1
412 0 FR941031-2-00117 0
412 0 FR941130-0-00122 0
412 0 FBIS3-24469 0
412 0 FBIS3-60767 1
412 0 FT931-6812 1
412 0 LA072190-0073 0
412 0 FR941130-0-00123 0
412 0 FBIS4-19994 1
412 0 LA081889-0018 0
412 0 FBIS3-12615 0
412 0 FT923-4416 0
412 0 FBIS3-5103 0
412 0 FR940516-2-00123 0
412 0 FR940516-2-00121 0
412 0 LA030490-0070 0
412 0 FBIS4-45028 1
412 0 FBIS3-7567 0
412 0 FBIS3-24678 0
412 0 FBIS3-60342 0
412 0 FR940727-0-00050 0
412 0 FBIS4-22140 1
412 0 FBIS3-24679 0
412 0 LA010589-0125 1
412 0 FR940429-2-00101 0
412 0 FBIS3-7238 0
412 0 FR940429-2-00103 0
412 0 FT944-9477 0
412 0 FBIS4-52045 0
412 0 FT944-9475 0
412 0 FBIS4-52041 0
412 0 FR940523-2-00127 0
412 0 LA021489-0071 1
412 0 FR940324-2-00133 0
412 0 FR940324-2-00132 0
412 0 LA122090-0190 0
412 0 FBIS3-61015 0
412 0 FBIS4-20736 0
412 0 FR940414-2-00141 0
412 0 LA092190-0171 1
412 0 FR940902-2-00066 0
412 0 FR940506-0-00016 0
412 0 LA122989-0055 1
412 0 LA050589-0065 1
412 0 FBIS4-20733 0
412 0 FT932-11540 0
412 0 LA092790-0098 0
412 0 LA010589-0115 0
412 0 FBIS3-941 1
412 0 FR940916-2-00118 0
412 0 FBIS4-23114 0
412 0 FT944-9480 0
412 0 LA010189-0132 0
412 0 FT932-4612 0
412 0 FBIS4-52037 0
412 0 FBIS4-18703 0
412 0 FR940627-0-00094 0
412 0 FBIS4-64364 0
