446 0 FBIS3-33021 0
446 0 FT944-13883 0
446 0 FR941230-0-00119 0
446 0 FT932-7061 0
446 0 FBIS3-29 0
446 0 FT931-887 1
446 0 FBIS4-21957 1
446 0 LA090389-0004 0
446 0 FT931-15326 0
446 0 FBIS4-10269 0
446 0 FT934-13072 0
446 0 LA051390-0124 0
446 0 FBIS4-58615 0
446 0 FR940112-1-00044 0
446 0 FR940429-0-00134 0
446 0 FT932-13562 1
446 0 FT921-1594 0
446 0 FBIS4-50511 0
446 0 FR940104-0-00034 0
446 0 FT941-5484 1
446 0 FT943-11047 1
446 0 FBIS4-55671 0
446 0 FBIS4-66185 0
446 0 FT932-13257 0
446 0 LA041290-0062 0
446 0 FR940722-1-00030 0
446 0 FBIS3-13989 0
446 0 LA102789-0180 1
446 0 FBIS4-9716 1
446 0 FR940603-1-00109 0
446 0 FT944-2622 0
446 0 FBIS3-30458 0
446 0 FR941027-1-00030 0
446 0 FBIS4-13621 1
446 0 FT911-3396 0
446 0 FBIS4-57286 0
446 0 FBIS3-41760 0
446 0 FT933-1349 1
446 0 FBIS3-34820 1
446 0 FBIS3-22119 0
446 0 FBIS4-10637 0
446 0 LA051789-0145 0
446 0 LA080890-0069 0
446 0 FBIS4-22052 0
446 0 FBIS3-12314 0
446 0 FBIS3-33991 0
446 0 FBIS3-14284 0
446 0 FT931-4450 1
446 0 FT933-2803 0
446 0 LA102889-0098 1
446 0 FT931-4997 1
446 0 FT931-5839 0
446 0 FT941-8564 0
446 0 FBIS3-23110 1
446 0 FR941116-2-00048 0
446 0 FT933-5177 0
446 0 FBIS4-21828 1
446 0 FT932-3827 0
446 0 FT943-6049 1
446 0 FBIS4-45041 0
446 0 FBIS4-21826 1
446 0 FR940603-1-00134 0
446 0 FBIS4-21827 1
446 0 FBIS3-886 0
446 0 FT944-2519 0
446 0 FBIS3-13468 0
446 0 FBIS4-42393 0
446 0 FBIS3-58 0
446 0 FBIS4-358 0
446 0 FT933-281 0
446 0 FR941110-0-00047 0
446 0 FBIS3-23109 1
446 0 FR941028-0-00068 0
446 0 LA030989-0104 0
446 0 FBIS3-13076 1
446 0 LA052290-0101 0
446 0 LA052290-0102 0
446 0 LA032690-0022 0
446 0 FBIS3-23248 0
446 0 FBIS4-48970 0
446 0 FR940902-1-00048 0
446 0 FBIS3-39085 0
446 0 LA101590-0058 0
446 0 LA073190-0122 0
446 0 LA041689-0140 0
446 0 FBIS4-3625 0
446 0 FT923-13748 0
446 0 FBIS3-1483 0
446 0 FR941110-0-00143 0
446 0 FT923-2631 0
446 0 FBIS4-12938 0
446 0 FT931-1884 0
446 0 FT943-44 0
446 0 FT944-14358 1
446 0 FBIS3-67 0
446 0 FBIS4-26152 0
446 0 FR941202-2-00139 0
446 0 LA041689-0115 0
446 0 LA122490-0039 0
446 0 FBIS3-19969 0
446 0 FBIS4-26307 0
446 0 FT942-1754 1
446 0 FR940817-0-00065 0
446 0 LA091689-0120 0
446 0 FBIS4-25341 0
446 0 FBIS4-59260 1
446 0 FBIS4-25846 0
446 0 FBIS3-21279 0
446 0 FBIS3-39505 0
446 0 FBIS3-43132 0
446 0 LA011190-0148 0
446 0 FBIS4-50026 0
446 0 FBIS4-18764 0
446 0 LA031689-0045 0
446 0 FR941206-1-00134 0
446 0 FBIS4-608 0
446 0 FBIS4-33282 0
446 0 LA120289-0026 0
446 0 FBIS4-11802 0
446 0 FBIS4-50164 0
446 0 FBIS3-34563 1
446 0 LA011489-0036 0
446 0 FT911-1303 0
446 0 LA041590-0219 0
446 0 FBIS3-35424 0
446 0 FR940223-2-00207 0
446 0 FR940602-1-00023 0
446 0 FBIS3-23018 0
446 0 LA092289-0068 1
446 0 FBIS4-59864 0
446 0 FT942-13789 1
446 0 FR940216-1-00022 0
446 0 LA121490-0175 0
446 0 LA042189-0064 0
446 0 FT932-13545 1
446 0 FR940216-0-00129 0
446 0 FBIS3-41609 0
446 0 FT943-15100 0
446 0 LA052089-0097 0
446 0 FT934-12204 0
446 0 LA020890-0016 0
446 0 FBIS3-21296 1
446 0 FT942-13802 1
446 0 LA070989-0198 0
446 0 FBIS3-115 0
446 0 LA012289-0052 0
446 0 FBIS4-18368 0
446 0 FT923-2346 0
446 0 FBIS3-19570 0
446 0 FBIS3-39665 0
446 0 FBIS3-37947 0
446 0 LA122990-0123 0
446 0 FR941107-2-00217 0
446 0 LA011790-0058 0
446 0 FT922-5757 0
446 0 FBIS3-58524 0
446 0 FBIS4-66265 0
446 0 FBIS3-9908 0
446 0 FT923-8432 0
446 0 FR940503-1-00027 0
446 0 FR940817-0-00056 0
446 0 FR940114-2-00178 0
446 0 FT924-11890 1
446 0 FBIS3-61562 0
446 0 FT944-301 0
446 0 FBIS4-25973 0
446 0 FBIS3-8958 0
446 0 FT923-7885 0
446 0 FT933-12228 1
446 0 FT933-15385 1
446 0 FBIS3-22566 0
446 0 FBIS4-24155 0
446 0 FBIS3-13102 0
446 0 FT933-15380 1
446 0 FBIS3-1946 0
446 0 FBIS3-18468 0
446 0 FBIS3-30686 0
446 0 LA020490-0080 0
446 0 LA040190-0135 0
446 0 LA113090-0177 0
446 0 FT923-12429 0
446 0 FBIS4-22020 0
446 0 FBIS4-57817 0
446 0 FT931-3144 0
446 0 FT921-494 0
446 0 FT922-7677 0
446 0 FT942-10465 1
446 0 FBIS3-42863 0
446 0 FBIS4-59407 0
446 0 FT931-2963 0
446 0 FT933-8132 0
446 0 FT911-127 0
446 0 FT934-10178 0
446 0 FT933-8133 0
446 0 FBIS4-25625 0
446 0 FT933-1145 0
446 0 FT931-3141 0
446 0 FBIS4-25622 0
446 0 FBIS4-25626 0
446 0 FT923-4657 0
446 0 FBIS4-22014 0
446 0 FBIS3-43580 0
446 0 FR940203-0-00084 0
446 0 FBIS4-46649 0
446 0 FBIS4-4274 0
446 0 LA092189-0125 0
446 0 FBIS4-2417 0
446 0 FT941-5407 1
446 0 FR940325-1-00057 0
446 0 FBIS3-247 0
446 0 FBIS3-35523 0
446 0 FR940314-1-00041 0
446 0 FT934-12416 1
446 0 FT932-2101 1
446 0 FT932-16493 1
446 0 FT924-11146 0
446 0 LA041590-0028 0
446 0 FT934-6154 0
446 0 FR941006-1-00126 0
446 0 FBIS4-49755 0
446 0 FT933-8322 0
446 0 LA032589-0089 0
446 0 FT933-8321 0
446 0 FBIS3-51067 0
446 0 FBIS4-29508 0
446 0 FT931-16476 0
446 0 LA112189-0075 0
446 0 FBIS3-602 0
446 0 FBIS3-19884 0
446 0 FT921-15289 0
446 0 FT924-11275 1
446 0 FBIS4-56591 1
446 0 FBIS4-57520 0
446 0 FBIS4-2295 0
446 0 FT941-17346 0
446 0 FBIS3-24190 0
446 0 FBIS4-44905 0
446 0 FBIS3-23188 1
446 0 FT933-8454 0
446 0 FT933-8310 0
446 0 FR941006-1-00131 0
446 0 FT932-13488 1
446 0 FBIS3-12231 0
446 0 FBIS3-13653 0
446 0 FR940720-1-00014 0
446 0 FT911-286 0
446 0 FBIS4-28131 0
446 0 FBIS4-19 0
446 0 FR940207-0-00015 0
446 0 FT921-13393 0
446 0 FT943-794 0
446 0 FBIS4-48716 0
446 0 FBIS3-25126 0
446 0 FBIS4-23813 0
446 0 FR940603-1-00160 0
446 0 FBIS3-24145 0
446 0 FBIS3-471 0
446 0 FR941006-1-00108 0
446 0 FT943-497 1
446 0 FR941230-2-00138 0
446 0 FBIS3-42223 1
446 0 FT933-7664 0
446 0 FT933-10477 0
446 0 FT934-4124 0
446 0 FT942-7390 0
446 0 LA101989-0008 0
446 0 FBIS4-12363 0
446 0 FT944-14159 0
446 0 LA061290-0188 0
446 0 LA121290-0158 0
446 0 FBIS4-23131 0
446 0 FR940727-0-00086 0
446 0 FBIS3-12828 0
446 0 LA111490-0165 0
446 0 FT933-17006 0
446 0 FT924-8057 1
446 0 FBIS3-14832 0
446 0 FBIS3-42218 1
446 0 FT931-5364 1
446 0 FT932-4527 1
446 0 FT924-7498 0
446 0 FBIS4-25657 0
446 0 FR940722-1-00029 0
446 0 LA051690-0046 0
446 0 FBIS3-1965 0
446 0 FT934-12157 1
446 0 FBIS3-60342 0
446 0 FBIS3-25519 0
446 0 FT924-1694 1
446 0 FBIS4-24633 1
446 0 FBIS4-12471 0
446 0 FBIS3-11160 0
446 0 FR940803-1-00017 0
446 0 FBIS3-18104 0
446 0 LA022689-0163 0
446 0 FT933-11090 1
446 0 FBIS4-10911 1
446 0 FBIS3-53482 0
446 0 LA062289-0139 0
446 0 FT941-7642 1
446 0 FBIS3-12936 0
446 0 FT924-8062 1
446 0 LA031890-0044 0
446 0 FR940603-1-00074 0
446 0 LA122189-0172 0
446 0 FT941-16196 0
446 0 LA060189-0082 0
446 0 FT932-15203 0
446 0 FBIS3-6952 0
446 0 LA021390-0070 0
446 0 FBIS4-461 0
446 0 FBIS3-25118 0
446 0 FT924-10172 1
446 0 FBIS3-22960 1
446 0 FR940119-1-00042 0
446 0 FBIS4-12759 0
446 0 FT924-12197 1
446 0 FBIS3-1172 0
