424 0 FT924-12496 1
424 0 FT944-13882 0
424 0 FT944-13883 0
424 0 LA021990-0045 0
424 0 FBIS4-52158 0
424 0 FR940620-0-00120 0
424 0 FBIS4-47034 0
424 0 LA020490-0003 1
424 0 LA071590-0122 0
424 0 LA090990-0089 1
424 0 LA052090-0054 0
424 0 FBIS4-68414 1
424 0 LA030390-0098 0
424 0 FBIS3-40497 0
424 0 LA022890-0132 0
424 0 LA072689-0058 0
424 0 FT924-6513 0
424 0 LA032889-0032 0
424 0 LA011190-0102 0
424 0 FT934-8636 0
424 0 LA121590-0063 1
424 0 LA081189-0065 0
424 0 FT944-2707 0
424 0 LA121590-0067 0
424 0 FT944-8409 1
424 0 FBIS4-66185 0
424 0 FT932-13258 1
424 0 LA080989-0007 1
424 0 LA032390-0082 0
424 0 FBIS4-66691 0
424 0 FT924-12871 1
424 0 FBIS4-25286 0
424 0 LA110889-0067 0
424 0 LA012989-0018 1
424 0 LA011889-0113 0
424 0 LA011890-0134 0
424 0 FBIS4-45053 0
424 0 LA041689-0134 0
424 0 FT922-15134 0
424 0 FT911-1040 0
424 0 LA010990-0033 0
424 0 FBIS4-62372 0
424 0 FBIS4-59106 0
424 0 FT944-17464 0
424 0 LA041289-0080 0
424 0 LA121390-0254 0
424 0 LA050390-0110 0
424 0 LA051090-0104 0
424 0 LA020589-0109 0
424 0 LA121790-0008 1
424 0 LA061090-0035 0
424 0 LA072190-0088 1
424 0 FT933-13192 0
424 0 FBIS4-9110 0
424 0 FBIS4-45041 0
424 0 LA110390-0092 0
424 0 LA032989-0117 1
424 0 FT933-7846 1
424 0 LA020189-0108 0
424 0 LA072490-0140 0
424 0 LA061190-0030 0
424 0 LA121390-0062 0
424 0 LA091390-0211 0
424 0 LA022689-0066 0
424 0 FBIS3-24619 0
424 0 FBIS3-35192 0
424 0 LA041689-0140 0
424 0 LA042789-0173 0
424 0 LA101890-0241 0
424 0 LA082590-0096 1
424 0 FT922-12390 0
424 0 LA031690-0124 1
424 0 LA103190-0027 0
424 0 LA062390-0124 0
424 0 LA012889-0122 1
424 0 LA050989-0030 0
424 0 LA021290-0084 0
424 0 LA010689-0140 0
424 0 LA011589-0005 1
424 0 FT944-14353 0
424 0 LA110290-0132 0
424 0 LA051890-0082 0
424 0 LA042790-0151 0
424 0 FT921-16384 0
424 0 FBIS4-38757 0
424 0 LA030890-0022 1
424 0 FBIS3-26006 0
424 0 LA021689-0179 0
424 0 FBIS3-60493 0
424 0 FR941003-2-00149 0
424 0 FT944-3141 0
424 0 FBIS4-68275 1
424 0 FR940805-1-00082 0
424 0 FR941003-2-00150 0
424 0 LA042490-0153 0
424 0 LA081289-0095 0
424 0 LA011190-0148 0
424 0 FT933-7928 1
424 0 LA103190-0037 0
424 0 LA050390-0023 0
424 0 FBIS3-40450 0
424 0 LA101390-0121 0
424 0 FR941206-1-00134 0
424 0 LA022689-0007 0
424 0 LA101790-0014 0
424 0 LA021790-0146 0
424 0 LA051190-0086 0
424 0 LA061090-0044 0
424 0 LA051290-0146 0
424 0 FBIS3-42393 0
424 0 LA031190-0127 0
424 0 LA123190-0042 0
424 0 LA021890-0109 0
424 0 FBIS4-47413 0
424 0 LA030890-0107 1
424 0 FT921-4115 0
424 0 LA110390-0042 0
424 0 LA032689-0114 0
424 0 FR940805-1-00095 0
424 0 LA081689-0016 0
424 0 LA022189-0114 0
424 0 FT923-4625 0
424 0 LA120590-0020 0
424 0 FT941-2288 0
424 0 FBIS3-33048 0
424 0 FBIS4-27824 1
424 0 LA040290-0056 0
424 0 LA102090-0046 0
424 0 LA120590-0121 0
424 0 LA012989-0102 1
424 0 FT934-13100 0
424 0 LA121490-0059 1
424 0 FBIS3-55090 0
424 0 LA120890-0014 1
424 0 LA090890-0037 1
424 0 LA090389-0011 0
424 0 FBIS3-22099 0
424 0 FBIS3-55092 0
424 0 LA061690-0130 0
424 0 FT932-8740 0
424 0 FBIS3-55094 1
424 0 LA061690-0006 1
424 0 FT922-5757 0
424 0 LA061690-0003 0
424 0 LA061690-0004 0
424 0 FBIS3-19024 0
424 0 LA071690-0092 0
424 0 LA070790-0089 0
424 0 FBIS3-12071 0
424 0 FBIS4-46469 0
424 0 LA121489-0240 0
424 0 LA053189-0030 0
424 0 LA100490-0206 1
424 0 LA030190-0016 0
424 0 FBIS3-22568 0
424 0 FBIS3-22566 0
424 0 LA103090-0183 0
424 0 LA010189-0071 1
424 0 FT933-12327 0
424 0 FT921-10739 0
424 0 LA031689-0099 0
424 0 LA100490-0210 1
424 0 FT924-7428 0
424 0 LA052489-0143 0
424 0 LA013089-0082 0
424 0 LA100689-0134 0
424 0 FBIS3-57348 1
424 0 FT944-2266 0
424 0 LA010989-0098 0
424 0 LA060690-0053 1
424 0 FBIS3-24177 0
424 0 FT933-7291 0
424 0 LA081289-0115 0
424 0 FT941-9688 0
424 0 LA091390-0098 0
424 0 LA090990-0214 1
424 0 LA110190-0258 0
424 0 LA090790-0125 1
424 0 FBIS3-21193 0
424 0 LA062190-0255 0
424 0 FT943-11450 1
424 0 LA032290-0139 1
424 0 LA051590-0058 0
424 0 LA041789-0009 0
424 0 FBIS4-46649 0
424 0 LA052290-0052 0
424 0 FT911-1602 0
424 0 LA042590-0171 0
424 0 LA102590-0194 0
424 0 LA123090-0155 0
424 0 LA081789-0104 0
424 0 LA033189-0141 1
424 0 LA012789-0022 1
424 0 LA011090-0118 1
424 0 FBIS4-68893 0
424 0 LA110589-0079 0
424 0 FR941003-2-00124 0
424 0 LA063090-0068 0
424 0 FR941003-2-00127 0
424 0 FR941003-2-00126 0
424 0 FR941003-2-00121 0
424 0 LA110289-0120 0
424 0 FBIS3-26913 0
424 0 LA021389-0077 0
424 0 LA092590-0155 0
424 0 LA092590-0156 0
424 0 FT944-9185 0
424 0 LA012490-0173 0
424 0 LA111389-0004 0
424 0 FT944-16269 0
424 0 LA061289-0015 0
424 0 LA090789-0050 1
424 0 FBIS4-46517 0
424 0 FT944-6668 0
424 0 FT924-7468 0
424 0 FR941003-2-00136 0
424 0 FBIS4-49226 0
424 0 FR941003-2-00135 0
424 0 LA061490-0082 0
424 0 LA060390-0032 0
424 0 FR941003-2-00133 0
424 0 FT923-2408 0
424 0 LA093089-0065 0
424 0 FT943-10860 0
424 0 LA052589-0148 0
424 0 LA120990-0140 0
424 0 LA040590-0014 0
424 0 LA040490-0154 0
424 0 LA091689-0084 0
424 0 FT941-14932 0
424 0 FR940805-1-00068 0
424 0 FBIS3-10130 1
424 0 LA033189-0003 0
424 0 LA082290-0061 0
424 0 FT921-16531 0
424 0 LA032990-0163 0
424 0 LA031589-0040 0
424 0 FBIS3-42726 0
424 0 LA020489-0065 0
424 0 LA032290-0025 1
424 0 FBIS3-35365 0
424 0 LA092290-0086 1
424 0 LA102189-0076 0
424 0 FBIS3-36078 0
424 0 LA071190-0057 0
424 0 FBIS4-43731 0
424 0 FT944-14159 0
424 0 LA032290-0035 1
424 0 LA121390-0235 1
424 0 FT942-9051 0
424 0 FT931-9560 0
424 0 FBIS3-24469 0
424 0 FBIS3-20590 0
424 0 LA033089-0195 0
424 0 LA082989-0061 0
424 0 LA052289-0026 0
424 0 FT944-14152 0
424 0 LA122290-0066 0
424 0 LA101790-0084 1
424 0 LA120690-0146 0
424 0 FBIS3-24330 0
424 0 FBIS3-42400 0
424 0 LA082490-0158 1
424 0 LA070790-0016 0
424 0 LA120990-0179 0
424 0 LA011290-0104 0
424 0 LA032990-0042 1
424 0 FR940805-1-00106 0
424 0 LA090489-0070 0
424 0 FT932-11557 0
424 0 LA102889-0156 0
424 0 FT922-12859 0
424 0 FBIS3-21338 0
424 0 FT923-11076 1
424 0 FT943-6203 0
424 0 FBIS4-55325 1
424 0 LA012689-0169 0
424 0 LA011090-0093 0
424 0 LA032689-0067 0
424 0 FBIS3-25902 0
424 0 LA030590-0075 0
424 0 FT943-6959 1
424 0 FBIS4-11738 0
424 0 FR940805-1-00120 0
424 0 LA022389-0077 0
424 0 LA050390-0237 0
424 0 FT931-564 0
424 0 FT944-10865 0
424 0 LA070989-0115 0
424 0 FT924-1588 1
424 0 FBIS3-25901 0
