421 0 FBIS3-23 0
421 0 FR941230-0-00119 0
421 0 FR940428-2-00021 0
421 0 FBIS3-29 1
421 0 FBIS4-50860 0
421 0 FT943-14601 0
421 0 FBIS4-20692 1
421 0 FBIS3-22235 0
421 0 LA032790-0144 0
421 0 FR941206-0-00195 0
421 0 FT941-6867 0
421 0 FBIS4-20694 0
421 0 FT911-2922 1
421 0 FR940106-1-00019 0
421 0 FR941206-0-00193 0
421 0 FR940527-0-00057 0
421 0 FR940727-1-00050 0
421 0 FT942-8483 0
421 0 FT921-10223 0
421 0 FBIS4-8983 0
421 0 FT942-12757 0
421 0 FBIS3-41627 0
421 0 LA061589-0093 0
421 0 FBIS3-22887 0
421 0 LA071689-0024 0
421 0 FBIS3-22249 1
421 0 FR940505-1-00289 0
421 0 FR940505-1-00384 0
421 0 FR941222-1-00023 0
421 0 FR941222-1-00024 0
421 0 LA093090-0173 0
421 0 FT924-13435 0
421 0 FBIS4-21403 0
421 0 LA080389-0074 1
421 0 FR940912-1-00021 0
421 0 FR940920-1-00055 0
421 0 FBIS4-27326 0
421 0 LA012289-0087 1
421 0 FT911-188 0
421 0 FT934-17408 1
421 0 LA081089-0085 0
421 0 LA092390-0194 0
421 0 FBIS4-45750 1
421 0 FT934-17401 1
421 0 FBIS4-45813 0
421 0 FR940727-1-00036 0
421 0 FBIS4-25177 0
421 0 FR940223-1-00060 0
421 0 FR940223-1-00061 0
421 0 FR940223-1-00063 0
421 0 FBIS3-58 0
421 0 FT931-12871 0
421 0 FT934-12375 1
421 0 LA072590-0088 0
421 0 FR940505-1-00265 0
421 0 FT921-11079 0
421 0 FT921-331 0
421 0 FR941103-2-00018 0
421 0 FR940830-1-00060 0
421 0 FR941103-2-00019 0
421 0 FBIS4-21427 1
421 0 FBIS4-21426 0
421 0 FR940902-1-00048 0
421 0 FBIS4-67546 1
421 0 FBIS4-45601 0
421 0 FBIS4-45748 1
421 0 FT931-3879 0
421 0 FR940810-0-00291 0
421 0 FR940727-1-00046 0
421 0 FR940118-1-00039 1
421 0 FT941-6348 0
421 0 FR940727-1-00047 0
421 0 FR940727-1-00044 0
421 0 FR940727-1-00043 0
421 0 FR940725-2-00141 0
421 0 FT934-13362 0
421 0 FR941206-0-00156 0
421 0 FT943-9258 0
421 0 FR940406-2-00181 0
421 0 FBIS3-30733 0
421 0 FR940406-2-00182 0
421 0 FR940406-2-00185 0
421 0 FBIS4-45670 0
421 0 FBIS4-44913 0
421 0 LA011890-0102 0
421 0 FR940407-0-00054 0
421 0 FBIS4-67533 0
421 0 FT923-12551 0
421 0 FT924-6139 0
421 0 LA020989-0101 0
421 0 FR940830-1-00097 0
421 0 LA051689-0117 0
421 0 FR940407-0-00057 0
421 0 FR940407-0-00058 0
421 0 FT943-10163 0
421 0 FR941206-0-00144 0
421 0 FBIS3-43132 0
421 0 FT921-6682 0
421 0 FBIS3-27512 0
421 0 FT911-351 0
421 0 FT944-11389 0
421 0 FT924-9744 0
421 0 FT921-12783 0
421 0 FBIS3-40450 0
421 0 FR940627-2-00015 0
421 0 FBIS4-17409 1
421 0 FBIS4-42062 0
421 0 FT941-1999 0
421 0 FR941206-0-00147 0
421 0 FR941206-1-00134 0
421 0 FBIS4-44919 0
421 0 FBIS3-27134 0
421 0 LA031289-0073 0
421 0 FT922-5879 0
421 0 FT933-3358 0
421 0 FBIS4-67522 0
421 0 LA080189-0091 0
421 0 FT931-10162 0
421 0 FR940602-1-00023 0
421 0 FR940513-2-00187 0
421 0 FT911-141 0
421 0 FBIS3-35997 0
421 0 FBIS4-66480 0
421 0 FT941-427 0
421 0 FT911-3655 0
421 0 FT941-428 1
421 0 FBIS3-40480 0
421 0 LA040790-0126 0
421 0 FBIS3-38014 0
421 0 LA073189-0033 0
421 0 LA051190-0071 0
421 0 FBIS3-22152 0
421 0 FBIS3-22150 0
421 0 FR941007-0-00048 0
421 0 FBIS3-41416 0
421 0 FBIS3-18696 0
421 0 FR941206-0-00163 0
421 0 FBIS4-21668 0
421 0 LA073089-0063 1
421 0 FT943-12818 0
421 0 FR940810-2-00044 0
421 0 FR940810-2-00045 0
421 0 FBIS3-19575 0
421 0 FR940810-2-00043 0
421 0 FR940511-1-00075 0
421 0 FBIS3-56841 0
421 0 FBIS3-37947 0
421 0 FR940805-2-00016 0
421 0 LA051290-0016 0
421 0 FBIS4-41334 0
421 0 FBIS3-27014 0
421 0 FT942-16650 0
421 0 FT931-16645 0
421 0 LA081089-0038 1
421 0 FBIS4-45649 0
421 0 FR940919-0-00105 0
421 0 FR940919-0-00107 0
421 0 FR940919-0-00102 0
421 0 FR940919-0-00101 0
421 0 FT921-15343 0
421 0 FT931-2779 0
421 0 FT923-1836 0
421 0 FBIS4-21366 0
421 0 FBIS4-25731 1
421 0 FT924-14671 1
421 0 FR940602-1-00086 0
421 0 FBIS3-7124 0
421 0 FT931-15291 1
421 0 FR940217-1-00037 0
421 0 FR940728-0-00052 0
421 0 FBIS3-21356 0
421 0 FBIS4-67756 0
421 0 LA102390-0078 0
421 0 FBIS4-21486 0
421 0 FT944-7809 0
421 0 FR940216-0-00008 0
421 0 FBIS4-22629 0
421 0 FBIS4-21376 0
421 0 FBIS4-21485 1
421 0 FR941017-2-00036 0
421 0 FR940810-0-00230 0
421 0 FBIS4-62817 0
421 0 FBIS3-43186 0
421 0 LA061889-0180 0
421 0 FBIS4-20355 0
421 0 FBIS4-68757 1
421 0 LA032389-0108 0
421 0 FR940426-0-00068 0
421 0 FR940919-0-00126 0
421 0 FBIS4-27551 0
421 0 FR940919-0-00129 0
421 0 FR940505-1-00316 0
421 0 FT934-15647 0
421 0 FBIS4-64772 0
421 0 FT942-14095 0
421 0 FBIS3-22447 0
421 0 FBIS3-42151 0
421 0 FBIS4-45694 0
421 0 FR941216-0-00075 0
421 0 FR940217-2-00028 0
421 0 FR941013-1-00077 0
421 0 FBIS3-59800 0
421 0 FR941216-0-00074 0
421 0 FT941-14722 1
421 0 FR941013-1-00073 0
421 0 FT944-8187 0
421 0 FBIS4-50989 0
421 0 FBIS4-20505 0
421 0 FBIS4-22769 0
421 0 FBIS4-20504 0
421 0 LA040890-0248 0
421 0 FT943-10219 0
421 0 FBIS3-22577 0
421 0 LA061090-0228 0
421 0 FR940919-0-00119 0
421 0 FBIS4-45687 0
421 0 FT934-10056 1
421 0 LA062989-0089 0
421 0 FR940805-0-00048 0
421 0 FR941011-2-00112 0
421 0 FBIS3-7106 0
421 0 LA031889-0105 0
421 0 FBIS4-46930 0
421 0 FBIS4-21393 0
421 0 FBIS4-20472 0
421 0 FT944-9444 0
421 0 FR940919-0-00050 0
421 0 FR940919-0-00051 0
421 0 LA093090-0238 0
421 0 FR940919-0-00053 0
421 0 FR940919-0-00054 0
421 0 FR940919-0-00122 0
421 0 FR940810-2-00039 0
421 0 FBIS4-19 0
421 0 LA050890-0018 0
421 0 FR940620-0-00062 0
421 0 FBIS3-22420 0
421 0 FR940128-2-00068 0
421 0 FT942-12271 0
421 0 FT943-7475 0
421 0 FBIS3-60363 0
421 0 FR941222-1-00076 0
421 0 FR940128-2-00066 0
421 0 FR941222-1-00077 0
421 0 FBIS3-60364 0
421 0 LA012290-0042 0
421 0 FR941222-1-00073 0
421 0 FR940919-0-00057 0
421 0 FT922-14197 1
421 0 FR940919-0-00058 0
421 0 FR940602-2-00104 0
421 0 FR940607-0-00039 0
421 0 FT941-8116 0
421 0 FT941-8541 0
421 0 FR941222-0-00091 0
421 0 FR941222-0-00094 0
421 0 FT923-11328 0
421 0 FBIS3-41666 0
421 0 LA012989-0054 0
421 0 FT933-10478 1
421 0 FR940317-2-00024 0
421 0 FT944-9354 0
421 0 FT932-2387 0
421 0 FR940830-2-00175 0
421 0 FT942-15896 1
421 0 FT934-8135 0
421 0 FBIS4-21517 0
421 0 FT933-4383 0
421 0 FBIS4-53866 0
421 0 FT924-8553 0
421 0 FBIS3-60351 0
421 0 FBIS3-22419 1
421 0 FT924-8551 0
421 0 FR940607-0-00034 0
421 0 FR940607-0-00038 0
421 0 FR941222-1-00062 0
421 0 FT931-16719 0
421 0 FT932-245 0
421 0 FR941130-0-00122 0
421 0 FR941222-0-00081 0
421 0 FR941130-0-00123 0
421 0 FBIS3-22219 0
421 0 FR941222-0-00085 0
421 0 FR941222-0-00084 0
421 0 FR941222-0-00083 0
421 0 FR941222-0-00082 0
421 0 FR941013-1-00062 0
421 0 FBIS4-26093 0
421 0 LA050490-0087 0
421 0 FR941013-1-00064 0
421 0 FR941222-0-00087 0
421 0 FT943-12074 0
421 0 FBIS3-41570 0
421 0 FR941222-0-00086 0
421 0 FBIS3-5103 0
421 0 FR940406-0-00190 0
421 0 FBIS3-22403 0
421 0 FR940505-1-00098 0
421 0 FR940511-1-00099 0
421 0 FT932-19 0
421 0 FBIS4-67594 0
421 0 FBIS3-24678 0
421 0 FBIS3-60342 0
421 0 LA120590-0094 0
421 0 FT934-2087 0
421 0 FBIS4-44724 1
421 0 FR940919-0-00084 0
421 0 LA111189-0078 0
421 0 FR940525-2-00011 0
421 0 FR940919-0-00086 0
421 0 LA122489-0217 1
421 0 FBIS3-20990 0
421 0 FT934-6626 0
421 0 FR940223-0-00054 0
421 0 FR940919-0-00080 0
421 0 LA083189-0123 0
421 0 FT932-9859 0
421 0 LA042590-0106 0
421 0 FT924-8720 1
421 0 LA122890-0132 0
421 0 FBIS4-16995 0
421 0 FBIS3-60336 1
421 0 FR940511-1-00086 1
421 0 FT921-10094 0
421 0 FBIS3-60739 0
421 0 FBIS3-31267 0
421 0 FBIS3-50156 0
421 0 FT942-13005 0
421 0 FR940919-0-00096 0
421 0 FR940919-0-00095 0
421 0 FR940128-2-00070 0
421 0 FBIS3-22333 0
421 0 FT943-9990 0
421 0 LA091989-0044 0
421 0 FR940511-1-00080 1
421 0 FBIS4-27645 1
