411 0 FBIS4-48968 0
411 0 FR941230-0-00119 0
411 0 FT944-6974 1
411 0 FR941117-2-00158 0
411 0 FT932-10729 0
411 0 FBIS4-51034 0
411 0 FT934-12366 0
411 0 FT941-10811 0
411 0 FR940713-2-00086 0
411 0 LA092889-0093 0
411 0 LA062290-0052 0
411 0 FT921-5883 0
411 0 FR940713-2-00082 0
411 0 FBIS4-40468 0
411 0 LA031889-0040 0
411 0 FBIS4-26961 0
411 0 FBIS4-67431 0
411 0 FR940620-1-00009 0
411 0 FBIS4-16796 0
411 0 FT941-7334 0
411 0 FT922-13590 0
411 0 FT924-5144 0
411 0 FR940104-0-00032 0
411 0 FT943-98 0
411 0 LA010189-0001 0
411 0 FBIS3-29346 0
411 0 FT941-10034 0
411 0 LA012190-0085 0
411 0 FBIS4-59237 0
411 0 FT941-10536 0
411 0 LA040989-0122 0
411 0 LA081089-0094 0
411 0 FR940810-0-00175 0
411 0 FBIS4-66185 0
411 0 FR941021-0-00182 0
411 0 LA110689-0100 0
411 0 FT943-8291 0
411 0 FT942-12436 0
411 0 FBIS4-26334 0
411 0 FT942-9026 0
411 0 FBIS3-60314 0
411 0 FR941212-0-00085 0
411 0 LA081090-0071 1
411 0 FT942-16788 0
411 0 FT922-10095 0
411 0 FT931-9403 0
411 0 LA070890-0169 0
411 0 LA122790-0076 0
411 0 FBIS3-11453 0
411 0 FBIS4-54245 0
411 0 LA101490-0023 0
411 0 FBIS3-61057 0
411 0 FT934-16269 0
411 0 LA101990-0163 0
411 0 LA050490-0107 0
411 0 FT932-11970 0
411 0 FR941202-2-00144 0
411 0 FT933-10232 0
411 0 FT921-9363 0
411 0 FT931-15355 0
411 0 FT931-15873 0
411 0 FR940902-1-00048 0
411 0 FBIS3-24619 0
411 0 FR940725-2-00141 0
411 0 FT944-1558 0
411 0 FT941-1175 0
411 0 FR940812-2-00229 0
411 0 FT921-12794 0
411 0 LA070890-0215 0
411 0 LA122989-0130 0
411 0 FR941202-2-00139 0
411 0 FT931-15361 0
411 0 LA072589-0109 0
411 0 LA011589-0005 0
411 0 LA101289-0146 1
411 0 FR941011-0-00041 0
411 0 FBIS3-10334 0
411 0 FT944-2690 0
411 0 FT941-2544 0
411 0 FBIS4-67533 0
411 0 FT934-6421 0
411 0 FR940304-1-00143 0
411 0 LA110789-0044 0
411 0 FT924-13489 0
411 0 FBIS3-43132 0
411 0 FT933-15029 1
411 0 LA070889-0002 0
411 0 FT921-10973 0
411 0 FR941206-1-00134 0
411 0 FBIS4-46485 0
411 0 FR940304-1-00130 0
411 0 FT941-17025 0
411 0 LA030589-0073 1
411 0 LA111089-0022 0
411 0 LA082690-0212 0
411 0 FBIS4-17004 0
411 0 FR941216-1-00095 0
411 0 FBIS4-4816 0
411 0 FT933-8545 1
411 0 LA030990-0027 0
411 0 FT931-9645 0
411 0 LA042989-0102 0
411 0 FT924-8499 0
411 0 FR940304-1-00165 0
411 0 LA030289-0006 0
411 0 LA112189-0175 0
411 0 LA082990-0014 0
411 0 LA071689-0089 1
411 0 FBIS4-47613 0
411 0 LA040890-0164 0
411 0 FBIS3-37947 0
411 0 LA071190-0115 0
411 0 LA080290-0054 0
411 0 LA100890-0114 0
411 0 FT942-17238 0
411 0 FBIS4-49672 0
411 0 FBIS4-45781 0
411 0 LA072189-0038 0
411 0 LA111289-0106 1
411 0 LA092289-0001 0
411 0 FR940405-2-00011 0
411 0 FR941107-0-00034 0
411 0 LA010690-0049 1
411 0 FT922-4173 0
411 0 FBIS3-45954 0
411 0 FBIS4-68212 0
411 0 FT931-7017 0
411 0 LA040590-0149 0
411 0 LA092989-0099 0
411 0 FT931-12007 0
411 0 LA102890-0046 0
411 0 FR940621-0-00031 0
411 0 FBIS3-18352 0
411 0 FR941003-2-00114 0
411 0 FR940525-2-00215 0
411 0 FBIS4-22325 0
411 0 FBIS3-21193 0
411 0 FBIS3-43186 0
411 0 FT924-6731 0
411 0 FR940208-2-00187 0
411 0 FT944-6915 1
411 0 FT942-8279 0
411 0 LA053190-0084 1
411 0 FT921-7406 0
411 0 FBIS4-68893 0
411 0 FT922-4205 1
411 0 FBIS4-24982 0
411 0 FT934-6249 0
411 0 FT943-13014 0
411 0 FT933-10902 0
411 0 LA101589-0073 0
411 0 FBIS3-27314 0
411 0 LA072790-0075 0
411 0 FBIS3-4332 0
411 0 FT931-16470 0
411 0 FBIS4-68470 0
411 0 FBIS4-66382 0
411 0 FBIS4-48373 0
411 0 LA061889-0115 1
411 0 FR940202-1-00032 0
411 0 FT933-2259 0
411 0 FBIS3-45970 0
411 0 FR941019-0-00079 0
411 0 LA050390-0050 0
411 0 FT934-10809 0
411 0 FT921-12941 0
411 0 FBIS4-52204 0
411 0 FBIS3-5906 0
411 0 LA040890-0245 0
411 0 FR940511-0-00043 0
411 0 LA112489-0095 0
411 0 LA041590-0106 0
411 0 FBIS3-60370 0
411 0 FBIS3-11962 0
411 0 FT922-14087 0
411 0 LA060190-0060 0
411 0 FR940603-1-00031 0
411 0 LA061590-0058 0
411 0 LA052490-0022 0
411 0 FT942-9279 0
411 0 FBIS4-20472 0
411 0 FBIS3-60782 0
411 0 LA050890-0083 0
411 0 LA020389-0037 0
411 0 FR940217-1-00141 0
411 0 FT921-12954 0
411 0 LA071190-0123 0
411 0 FT942-9068 0
411 0 FT944-15143 0
411 0 FT924-10188 0
411 0 LA070189-0070 0
411 0 LA122590-0013 0
411 0 FR940511-0-00076 0
411 0 LA100189-0095 1
411 0 LA120789-0097 0
411 0 FR940511-0-00070 0
411 0 FT932-14239 0
411 0 LA021190-0162 0
411 0 LA050490-0070 0
411 0 FBIS3-41666 0
411 0 FT942-7777 0
411 0 FT922-13817 0
411 0 FBIS3-46799 0
411 0 FT941-4422 0
411 0 LA051090-0143 1
411 0 LA041589-0050 1
411 0 LA041190-0165 0
411 0 FBIS3-24469 0
411 0 FBIS3-44598 0
411 0 FT924-7754 0
411 0 FBIS3-52695 0
411 0 FT923-7944 0
411 0 FBIS4-11484 0
411 0 FT931-10215 0
411 0 FR941102-1-00119 0
411 0 FT924-1927 1
411 0 FBIS3-42405 0
411 0 FBIS4-3803 0
411 0 FT921-10387 0
411 0 FBIS3-457 0
411 0 FT923-1850 0
411 0 FBIS3-60342 0
411 0 FBIS3-3540 0
411 0 LA032689-0188 0
411 0 FT944-589 0
411 0 FT932-4727 1
411 0 LA091489-0092 0
411 0 LA061889-0157 0
411 0 FBIS3-3147 0
411 0 LA071789-0059 1
411 0 FR940819-2-00079 0
411 0 LA052390-0076 0
411 0 FBIS4-68445 0
411 0 FT924-628 0
411 0 LA021889-0042 0
411 0 LA071590-0063 0
411 0 FT931-16443 0
411 0 FT944-3703 0
411 0 FT944-1497 0
411 0 FT931-9144 0
411 0 FT924-4572 0
411 0 LA011290-0057 0
