433 0 FT933-1581 0
433 0 FT921-13871 0
433 0 LA011390-0036 0
433 0 FBIS4-11710 0
433 0 FBIS4-52158 0
433 0 FBIS3-29 0
433 0 FBIS4-19277 0
433 0 LA111190-0016 0
433 0 FT943-14540 0
433 0 FBIS3-19926 0
433 0 FR941117-2-00158 0
433 0 FBIS3-18169 0
433 0 LA122590-0118 1
433 0 FBIS4-52156 0
433 0 FT923-10233 1
433 0 FR940628-2-00106 0
433 0 FT924-928 0
433 0 FT921-11213 0
433 0 FBIS3-20012 0
433 0 FBIS4-8466 0
433 0 FBIS3-57930 0
433 0 FBIS3-141 0
433 0 LA090389-0008 0
433 0 FBIS4-18697 0
433 0 FT931-8057 0
433 0 LA100889-0003 0
433 0 LA050690-0140 0
433 0 FT942-9207 0
433 0 FBIS3-60591 0
433 0 FT942-166 0
433 0 FBIS3-40497 0
433 0 LA041590-0078 0
433 0 FBIS4-55778 0
433 0 FBIS3-39640 0
433 0 FT932-12300 0
433 0 FT941-15235 0
433 0 FT924-14023 1
433 0 LA101589-0100 0
433 0 LA072990-0149 0
433 0 FBIS4-42577 0
433 0 FT911-3400 0
433 0 FT924-4863 0
433 0 FBIS3-4788 0
433 0 FBIS3-6743 0
433 0 LA070189-0011 0
433 0 FBIS3-20227 0
433 0 FBIS4-42575 0
433 0 FT921-1885 0
433 0 FT941-12160 0
433 0 FBIS4-8346 0
433 0 LA090989-0125 0
433 0 FT941-14482 0
433 0 LA012890-0190 0
433 0 FBIS3-5209 0
433 0 FT933-6277 0
433 0 FBIS3-61193 0
433 0 LA110390-0083 0
433 0 FT921-9743 0
433 0 FR941219-2-00180 0
433 0 FBIS3-19277 0
433 0 FBIS3-39770 0
433 0 FR940511-1-00026 0
433 0 FT924-10420 0
433 0 LA081990-0148 0
433 0 FT944-14430 0
433 0 FT932-4227 0
433 0 FT924-9510 1
433 0 LA102190-0029 0
433 0 LA040989-0054 0
433 0 FT921-7363 0
433 0 FT922-12402 0
433 0 FBIS4-65581 0
433 0 FT944-8383 0
433 0 LA071189-0107 0
433 0 FT944-10820 0
433 0 FBIS4-8684 0
433 0 FT942-14038 0
433 0 LA011089-0011 0
433 0 LA090290-0150 0
433 0 FBIS3-4209 0
433 0 FT923-15698 0
433 0 LA031989-0196 0
433 0 FR940610-1-00080 0
433 0 FT933-4954 0
433 0 LA102190-0036 0
433 0 FBIS4-7867 0
433 0 FBIS3-13962 0
433 0 FBIS3-13963 1
433 0 LA092889-0060 0
433 0 FBIS3-29567 0
433 0 LA070689-0046 0
433 0 FT943-9876 0
433 0 LA122989-0106 0
433 0 FT924-1276 0
433 0 LA082990-0005 1
433 0 LA052090-0003 0
433 0 FR941205-2-00118 0
433 0 FT931-15365 1
433 0 FR941125-2-00099 0
433 0 FBIS4-49251 0
433 0 LA040190-0186 0
433 0 LA032689-0009 0
433 0 FT923-2235 0
433 0 FBIS3-67 0
433 0 FR940822-0-00067 0
433 0 FBIS4-42340 0
433 0 FT924-9527 0
433 0 LA082690-0235 0
433 0 FBIS3-3373 0
433 0 LA011589-0005 0
433 0 FT944-2690 0
433 0 FBIS4-67533 0
433 0 FBIS3-58576 0
433 0 FBIS3-58575 0
433 0 FBIS3-38905 0
433 0 LA010890-0053 0
433 0 FBIS3-58580 0
433 0 FBIS4-20191 0
433 0 FBIS3-18291 0
433 0 FBIS3-20796 0
433 0 FT944-2695 0
433 0 FBIS3-40043 0
433 0 LA092489-0129 0
433 0 FBIS3-40450 0
433 0 FT934-11018 0
433 0 FBIS3-38165 0
433 0 FT944-2697 0
433 0 FT923-6599 0
433 0 FT942-9475 0
433 0 LA092389-0031 0
433 0 FBIS4-31663 0
433 0 FT942-17514 0
433 0 FT911-3398 0
433 0 FBIS3-35403 0
433 0 FBIS3-4724 0
433 0 FBIS4-8236 0
433 0 FBIS4-7279 0
433 0 FT934-441 0
433 0 FBIS3-39787 0
433 0 FT921-4730 0
433 0 FT934-14341 0
433 0 FT932-2432 0
433 0 FT941-5456 0
433 0 FBIS4-64829 0
433 0 LA093090-0064 0
433 0 FBIS4-56355 0
433 0 FT932-14566 0
433 0 LA100689-0041 0
433 0 FBIS4-54007 0
433 0 FBIS3-2742 0
433 0 FBIS4-30990 0
433 0 FT932-8122 0
433 0 FT922-7694 0
433 0 FT923-1917 0
433 0 LA100489-0019 0
433 0 FT932-1569 0
433 0 LA060390-0138 0
433 0 FBIS3-3899 0
433 0 FT922-8739 0
433 0 FT944-4826 0
433 0 FT932-1966 0
433 0 FBIS3-19367 0
433 0 LA100990-0018 0
433 0 FT941-8333 0
433 0 FBIS3-37947 0
433 0 FT943-2522 0
433 0 FBIS4-65878 0
433 0 FT932-1967 0
433 0 FT934-10759 0
433 0 FT942-10380 0
433 0 LA031890-0242 0
433 0 FT924-9660 0
433 0 FBIS4-1120 0
433 0 LA040190-0005 0
433 0 FBIS3-4609 0
433 0 FBIS3-36923 0
433 0 LA062589-0049 0
433 0 LA100690-0138 0
433 0 FBIS4-18347 0
433 0 FT944-2254 0
433 0 FT923-4270 0
433 0 LA100490-0010 0
433 0 LA021490-0060 0
433 0 FBIS3-711 0
433 0 FBIS3-25435 0
433 0 FT944-17288 0
433 0 LA082890-0137 0
433 0 FT924-6302 0
433 0 LA101690-0160 0
433 0 FBIS3-712 0
433 0 FT944-15045 0
433 0 FBIS3-2516 0
433 0 LA031790-0077 0
433 0 FBIS3-15697 0
433 0 FBIS3-19580 0
433 0 FT944-6926 0
433 0 FBIS4-49776 0
433 0 LA101389-0041 0
433 0 FBIS3-23561 0
433 0 FBIS3-1845 0
433 0 FT944-2261 0
433 0 FBIS4-49386 0
433 0 FBIS4-30989 0
433 0 FT923-4842 0
433 0 LA022389-0090 0
433 0 FT931-3821 0
433 0 FBIS3-5819 0
433 0 FT944-9935 0
433 0 FR941013-2-00139 0
433 0 FBIS3-9625 0
433 0 FBIS3-38313 0
433 0 FT941-6943 0
433 0 LA122490-0002 0
433 0 FT943-4652 0
433 0 FT924-11547 0
433 0 FT943-8944 0
433 0 FBIS4-46648 0
433 0 FT942-4011 0
433 0 FT944-9941 0
433 0 FBIS4-42125 0
433 0 FBIS4-42122 0
433 0 LA050390-0169 0
433 0 FBIS4-42121 0
433 0 FBIS4-43977 0
433 0 FBIS4-68893 0
433 0 LA091789-0120 0
433 0 FBIS3-35304 0
433 0 FT923-1955 0
433 0 FT933-9702 0
433 0 FT922-3537 0
433 0 FT923-4572 0
433 0 FBIS3-43172 0
433 0 FBIS4-22049 0
433 0 LA111190-0086 0
433 0 LA102890-0125 0
433 0 FBIS4-6086 0
433 0 LA050390-0058 0
433 0 FBIS4-55713 0
433 0 FT932-2172 0
433 0 LA031989-0222 0
433 0 FBIS3-18093 0
433 0 FR941019-0-00079 0
433 0 FT942-2831 0
433 0 LA112090-0084 0
433 0 FBIS4-65392 0
433 0 FBIS4-20504 0
433 0 FBIS4-55710 0
433 0 FBIS3-38704 0
433 0 FBIS4-53078 0
433 0 FBIS3-50054 0
433 0 FBIS3-27826 0
433 0 LA030689-0059 0
433 0 FBIS4-65782 0
433 0 LA071589-0051 0
433 0 FT911-4174 1
433 0 FT943-5153 0
433 0 FBIS4-8802 0
433 0 LA062389-0119 0
433 0 FBIS4-43851 0
433 0 FBIS4-43852 0
433 0 FT921-8515 0
433 0 FBIS4-46935 0
433 0 FT942-15772 0
433 0 LA080690-0141 0
433 0 LA070489-0010 0
433 0 FBIS4-30934 0
433 0 FBIS3-24653 0
433 0 FT922-1303 0
433 0 FBIS3-2562 0
433 0 LA031289-0123 0
433 0 FT942-15475 0
433 0 FBIS3-36078 0
433 0 FBIS4-21 0
433 0 LA122389-0119 0
433 0 FT941-14455 0
433 0 FBIS4-43864 0
433 0 FT933-1231 0
433 0 FBIS4-42254 0
433 0 LA111189-0050 0
433 0 FBIS4-42257 0
433 0 LA102789-0141 0
433 0 LA041489-0159 0
433 0 FBIS3-9470 0
433 0 LA032590-0018 0
433 0 FBIS4-18432 0
433 0 FT932-15098 0
433 0 FT923-13727 0
433 0 FT922-10440 0
433 0 LA042389-0146 0
433 0 FT941-4064 0
433 0 FBIS4-31513 0
433 0 FT922-2095 0
433 0 FT934-5755 0
433 0 LA112890-0131 0
433 0 FT931-5224 0
433 0 FT942-11555 1
433 0 LA062090-0013 0
433 0 LA090390-0099 0
433 0 FBIS4-43189 0
433 0 FT911-1071 0
433 0 FT933-2547 0
433 0 FBIS4-42262 0
433 0 LA071089-0089 0
433 0 FT942-980 0
433 0 FT921-12803 0
433 0 FBIS3-5103 0
433 0 FBIS4-9579 0
433 0 FBIS4-52303 0
433 0 LA040490-0049 0
433 0 FT942-6805 0
433 0 FBIS3-60342 0
433 0 FT932-739 0
433 0 FBIS4-61142 0
433 0 FBIS4-44073 0
433 0 LA080389-0191 0
433 0 FT921-8744 0
433 0 FT921-4494 0
433 0 LA110889-0140 0
433 0 FR940207-1-00025 0
433 0 LA122889-0160 0
433 0 FBIS4-52040 0
433 0 LA101890-0209 0
433 0 FBIS3-31684 0
433 0 FT943-6572 0
433 0 LA010889-0162 0
433 0 FBIS4-52754 0
433 0 FT942-5026 0
433 0 FBIS4-64938 0
433 0 LA051189-0038 0
433 0 FT941-14974 0
433 0 FT933-16663 0
433 0 FT941-10247 0
433 0 LA101789-0122 0
433 0 FT943-12594 0
433 0 FBIS3-2423 0
433 0 FBIS3-18430 0
433 0 FBIS4-68349 0
433 0 FT922-7914 0
433 0 FT924-12944 0
433 0 FBIS3-54460 0
433 0 FBIS4-68346 0
433 0 FBIS3-4814 0
433 0 FT944-2249 0
433 0 FBIS4-22685 0
433 0 LA090690-0146 0
433 0 LA050789-0003 0
433 0 FT943-10106 0
433 0 FT922-3420 0
433 0 FT944-17685 0
433 0 LA111589-0138 0
433 0 LA071090-0160 0
433 0 FBIS4-5175 0
433 0 FT931-2409 0
433 0 FBIS4-8584 0
433 0 LA070590-0081 0
433 0 LA100690-0130 0
433 0 FT934-14542 0
433 0 FBIS3-31468 0
433 0 LA083089-0134 0
433 0 LA050590-0110 1
433 0 LA111790-0105 0
433 0 FBIS3-57884 0
