429 0 FBIS3-60514 0
429 0 FBIS3-22561 0
429 0 FBIS3-41744 1
429 0 FR940817-2-00237 0
429 0 FR940525-1-00049 0
429 0 LA121189-0042 0
429 0 FR940816-2-00056 0
429 0 FR940425-2-00079 0
429 0 FBIS4-51384 0
429 0 FR940405-1-00055 1
429 0 FBIS3-28229 0
429 0 LA092690-0153 0
429 0 LA041890-0007 0
429 0 FBIS3-60454 0
429 0 FR940202-2-00097 0
429 0 FR940202-2-00099 0
429 0 FBIS3-59751 0
429 0 FBIS3-41801 0
429 0 FR940202-2-00098 0
429 0 FT941-10331 0
429 0 FR940203-1-00069 0
429 0 LA020490-0202 0
429 0 FR940104-0-00034 0
429 0 FBIS4-66049 0
429 0 FR940104-0-00033 0
429 0 FBIS3-60396 0
429 0 FBIS3-22606 0
429 0 FBIS3-22555 0
429 0 FR940203-1-00050 0
429 0 FBIS4-67650 0
429 0 FR940516-2-00154 0
429 0 FR940405-1-00114 0
429 0 FR940527-1-00245 0
429 0 FBIS3-9101 0
429 0 LA010590-0062 1
429 0 FBIS4-22945 0
429 0 FR940203-0-00084 0
429 0 LA091690-0018 0
429 0 FT934-11977 0
429 0 FT931-3230 0
429 0 FR940405-1-00084 0
429 0 FBIS3-46149 0
429 0 FT944-18523 0
429 0 LA062090-0050 1
429 0 FBIS3-18540 0
429 0 LA042990-0020 0
429 0 FR940425-2-00080 0
429 0 FR940713-1-00011 0
429 0 FBIS3-2148 0
429 0 FR940817-2-00258 0
429 0 FR940314-1-00041 0
429 0 FR941027-1-00030 0
429 0 FR940202-2-00136 0
429 0 FBIS4-45882 0
429 0 FR941205-2-00034 0
429 0 FR940202-2-00139 0
429 0 FR940202-2-00138 0
429 0 FR940202-2-00137 0
429 0 FR940928-2-00043 0
429 0 FT941-14380 0
429 0 FBIS3-22612 0
429 0 FR940525-1-00065 0
429 0 FR940804-1-00057 0
429 0 FT944-8304 0
429 0 LA092689-0119 0
429 0 FR940405-1-00097 1
429 0 FBIS3-9538 0
429 0 FR940405-1-00037 0
429 0 FBIS3-28641 0
429 0 LA041490-0129 0
429 0 FR941028-2-00154 0
429 0 FR941213-0-00084 0
429 0 FBIS3-1020 0
429 0 FR940202-2-00141 0
429 0 FR940202-2-00140 0
429 0 FR940202-2-00143 0
429 0 FR940202-2-00142 0
429 0 FBIS3-22624 0
429 0 FT942-6645 0
429 0 FR940202-2-00146 0
429 0 FBIS4-23028 0
429 0 FBIS3-22623 0
429 0 FR940302-1-00009 0
429 0 FBIS3-22621 0
429 0 FR940628-1-00003 0
429 0 FBIS4-68671 0
429 0 FT944-18645 0
429 0 FR940405-1-00041 0
429 0 LA122689-0070 0
429 0 FBIS4-20472 0
429 0 FR940405-1-00042 0
429 0 FBIS3-24619 0
429 0 FT921-15397 0
429 0 FR940405-1-00046 0
429 0 FT943-1146 1
429 0 FR940920-2-00083 1
429 0 FBIS3-22526 0
429 0 FBIS3-22525 0
429 0 FR940712-2-00059 0
429 0 FR941107-2-00220 0
429 0 FR940802-1-00015 0
429 0 FT923-8415 0
429 0 FT932-10547 1
429 0 LA092689-0080 0
429 0 FBIS3-22521 0
429 0 LA110189-0069 0
429 0 LA052190-0047 0
429 0 FR940202-2-00103 0
429 0 FR940202-2-00100 0
429 0 FBIS4-67711 0
429 0 FR940202-2-00101 0
429 0 FR941107-2-00219 0
429 0 FR940525-1-00082 0
429 0 LA020489-0061 0
429 0 FBIS3-60408 0
429 0 FT924-2635 0
429 0 FR940202-2-00108 0
429 0 FR940202-2-00109 1
429 0 FR940202-2-00107 0
429 0 FBIS4-2259 0
429 0 LA110389-0072 1
429 0 FT934-9726 0
429 0 FR941107-2-00231 0
429 0 FBIS3-22597 0
429 0 FBIS3-60423 0
429 0 FBIS3-35813 0
429 0 FBIS3-9371 0
429 0 FT933-14628 0
429 0 FBIS3-6503 0
429 0 FR940628-1-00028 0
429 0 FBIS3-60427 0
429 0 FT933-7926 0
429 0 LA050390-0206 0
429 0 FBIS3-22700 0
429 0 FBIS3-22512 0
429 0 FR941130-0-00122 0
429 0 LA121790-0086 0
429 0 FR941028-2-00164 0
429 0 FR940602-1-00023 0
429 0 FBIS3-22648 0
429 0 FBIS3-22487 0
429 0 FBIS3-22649 0
429 0 FBIS4-45842 0
429 0 FR940930-2-00066 0
429 0 FR940711-2-00084 0
429 0 LA061889-0205 0
429 0 FBIS3-27468 0
429 0 FBIS4-11145 0
429 0 FBIS4-67731 0
429 0 FBIS3-25597 0
429 0 FR940202-2-00128 0
429 0 FBIS3-10035 0
429 0 FR940705-2-00186 0
429 0 FBIS3-60429 0
429 0 FT911-4484 0
429 0 FBIS3-60428 0
429 0 FT944-10282 0
429 0 FBIS3-60444 0
429 0 FR940425-2-00065 0
429 0 FBIS3-4916 0
429 0 FBIS3-20776 0
429 0 LA052190-0106 1
429 0 FR940202-2-00110 0
429 0 FBIS3-22663 0
429 0 FR940202-2-00112 0
429 0 FR940202-2-00114 0
429 0 LA061090-0065 0
429 0 FT933-12022 0
429 0 FR940628-1-00012 0
429 0 LA101090-0147 0
429 0 FBIS3-61562 0
429 0 FR940202-2-00118 0
429 0 FR940202-2-00119 0
429 0 LA091489-0204 0
429 0 FR940628-1-00016 0
