407 0 LA012490-0111 1
407 0 FBIS3-41533 0
407 0 LA041589-0003 0
407 0 FR940505-2-00064 1
407 0 LA061589-0085 0
407 0 FR940328-1-00020 0
407 0 FBIS3-36047 0
407 0 FR940706-2-00104 0
407 0 FT941-15145 0
407 0 FBIS3-59751 0
407 0 FR941227-1-00039 0
407 0 LA050490-0103 0
407 0 FR941013-0-00029 0
407 0 FR941207-0-00114 0
407 0 FR940802-2-00084 0
407 0 FT921-9483 0
407 0 FR940418-1-00038 0
407 0 FR940419-1-00035 0
407 0 FR940419-1-00034 0
407 0 FBIS4-66185 0
407 0 FT944-8277 1
407 0 FBIS4-45625 0
407 0 FR941221-0-00054 0
407 0 FT921-6098 0
407 0 FR940404-1-00046 1
407 0 FR941103-0-00149 0
407 0 FR940328-1-00016 0
407 0 FR941103-0-00145 0
407 0 LA071989-0024 1
407 0 FT933-9176 1
407 0 LA091989-0120 0
407 0 FR941103-0-00131 0
407 0 FT941-469 0
407 0 FT933-13637 0
407 0 LA062290-0170 0
407 0 LA112689-0095 0
407 0 FT933-7330 1
407 0 FR941104-1-00045 1
407 0 FR940414-2-00005 0
407 0 FR941104-1-00047 0
407 0 FBIS3-22399 0
407 0 FR941104-1-00046 0
407 0 FR941103-0-00137 0
407 0 FT921-6223 0
407 0 FR941013-0-00032 0
407 0 FBIS3-35786 0
407 0 FR940810-2-00084 0
407 0 FBIS3-22269 1
407 0 FR940407-2-00084 0
407 0 FR940204-0-00062 0
407 0 LA091789-0067 0
407 0 FR941104-1-00055 0
407 0 FR941104-1-00054 1
407 0 FR940816-1-00064 0
407 0 FBIS4-68402 0
407 0 FR940404-2-00007 0
407 0 FR940720-1-00045 0
407 0 FT933-7550 0
407 0 FR940720-1-00047 0
407 0 FR940720-1-00042 0
407 0 FBIS4-61857 0
407 0 FR940621-2-00020 0
407 0 FT941-2746 1
407 0 FR940720-1-00049 0
407 0 FBIS4-45779 1
407 0 FBIS4-67533 0
407 0 FR940902-1-00055 0
407 0 FR940405-1-00010 0
407 0 FBIS4-67534 0
407 0 LA030190-0146 0
407 0 FR940304-0-00094 0
407 0 LA011589-0122 0
407 0 FBIS3-26515 0
407 0 FBIS3-40450 0
407 0 FR940328-0-00045 0
407 0 LA080289-0011 1
407 0 FR940314-1-00037 0
407 0 FR940616-1-00016 0
407 0 FR940616-1-00014 0
407 0 LA062589-0054 0
407 0 FT921-6846 0
407 0 FR940418-0-00041 0
407 0 FT941-5453 1
407 0 FR940124-2-00026 0
407 0 FBIS4-67515 0
407 0 LA111190-0042 1
407 0 FR940124-2-00024 0
407 0 FBIS4-21346 0
407 0 LA122390-0061 0
407 0 LA050489-0010 0
407 0 FBIS3-36163 0
407 0 LA102090-0048 0
407 0 FR940304-1-00061 0
407 0 FBIS3-44609 0
407 0 FT941-4198 0
407 0 FR940603-0-00118 0
407 0 FR940719-1-00028 0
407 0 FR940127-1-00057 0
407 0 LA012389-0086 0
407 0 LA092189-0193 0
407 0 FBIS3-37947 0
407 0 LA092489-0103 0
407 0 FT933-2396 1
407 0 FT942-17238 1
407 0 FR940902-1-00085 0
407 0 FBIS3-26834 0
407 0 LA050889-0063 1
407 0 LA051389-0024 0
407 0 FT942-10464 1
407 0 FR940513-2-00150 0
407 0 LA071889-0158 1
407 0 FR941026-2-00037 0
407 0 FR940722-2-00011 0
407 0 FT932-9729 0
407 0 FBIS4-21360 0
407 0 LA050989-0070 0
407 0 LA031589-0004 0
407 0 FBIS3-23561 0
407 0 FT921-6003 1
407 0 LA010190-0024 0
407 0 LA040590-0148 0
407 0 LA100989-0033 0
407 0 LA082889-0023 1
407 0 FR940204-1-00078 0
407 0 FBIS4-7236 0
407 0 FBIS3-4463 0
407 0 LA021190-0107 0
407 0 FR941116-2-00005 0
407 0 FT934-9827 0
407 0 FT921-9502 0
407 0 FR940224-2-00100 0
407 0 LA012589-0100 1
407 0 FR940208-0-00078 0
407 0 FR941216-2-00101 0
407 0 FBIS4-66382 0
407 0 FR940203-2-00039 0
407 0 FBIS4-53334 0
407 0 FR940119-1-00019 0
407 0 FBIS3-3779 0
407 0 FR940804-1-00051 0
407 0 FBIS4-20504 0
407 0 LA121990-0130 0
407 0 LA021990-0093 0
407 0 FBIS4-49234 0
407 0 FBIS3-43569 0
407 0 LA082390-0002 0
407 0 FR940927-0-00113 0
407 0 FBIS4-40948 0
407 0 FBIS3-41458 0
407 0 FR940203-0-00069 0
407 0 FT934-12959 1
407 0 FR940203-0-00068 0
407 0 FR941212-2-00065 0
407 0 FR941122-0-00055 0
407 0 LA112890-0007 1
407 0 FBIS4-20472 0
407 0 FR940404-2-00188 0
407 0 LA100789-0152 1
407 0 FR941104-2-00070 0
407 0 FT933-5757 1
407 0 FR940203-2-00041 0
407 0 LA030189-0109 1
407 0 FR940114-2-00084 0
407 0 LA052489-0044 0
407 0 FT941-15416 1
407 0 FT941-1511 0
407 0 FT933-5409 0
407 0 LA022689-0070 1
407 0 FR940913-2-00005 0
407 0 FBIS3-36078 0
407 0 FBIS3-41666 1
407 0 FT941-15415 1
407 0 FR940202-0-00108 0
407 0 FT941-15410 0
407 0 FT934-17003 0
407 0 FT934-17004 0
407 0 FBIS4-2652 0
407 0 FR940913-2-00006 0
407 0 FR941130-0-00122 0
407 0 LA071590-0042 1
407 0 LA030390-0100 0
407 0 LA032289-0086 0
407 0 FR940406-0-00190 0
407 0 FR940513-2-00134 0
407 0 FR940513-2-00135 0
407 0 LA060489-0148 0
407 0 FR940328-1-00059 0
407 0 FR941102-0-00085 0
407 0 FR940328-1-00056 0
407 0 FBIS3-60342 0
407 0 FBIS3-60340 1
407 0 FR940831-1-00024 0
407 0 LA041990-0069 0
407 0 LA083189-0129 0
407 0 FBIS4-51227 0
407 0 FR940119-1-00055 0
407 0 LA010889-0164 0
407 0 FT932-12511 1
407 0 FBIS3-60235 1
407 0 FBIS3-4051 0
407 0 FT943-8480 1
407 0 FT922-12941 0
407 0 LA030689-0010 1
407 0 FT933-13857 0
407 0 FR940202-0-00118 0
407 0 FBIS3-48902 0
