441 0 FBIS4-47578 0
441 0 FBIS3-22133 0
441 0 FR940817-2-00237 0
441 0 FBIS3-59753 0
441 0 FBIS3-41747 0
441 0 FBIS3-29 0
441 0 FR941027-2-00076 0
441 0 FBIS3-9919 0
441 0 FR940603-0-00032 0
441 0 FT933-11362 0
441 0 LA092690-0153 0
441 0 FR940112-1-00044 0
441 0 FR940606-0-00014 0
441 0 FBIS4-45839 1
441 0 FBIS3-43038 0
441 0 LA112789-0001 0
441 0 FT921-2238 0
441 0 FBIS4-45838 0
441 0 FBIS3-43036 0
441 0 FBIS3-41801 0
441 0 LA010190-0023 0
441 0 FR940203-1-00069 0
441 0 FT923-5614 0
441 0 FBIS3-14051 0
441 0 FBIS4-50959 0
441 0 LA010190-0022 0
441 0 FT944-3412 0
441 0 FBIS3-22551 0
441 0 FR940104-0-00034 0
441 0 LA091890-0087 0
441 0 LA102489-0127 0
441 0 FBIS4-50850 0
441 0 LA010490-0001 0
441 0 LA031390-0003 0
441 0 FT944-2702 0
441 0 LA010490-0003 0
441 0 LA010490-0002 0
441 0 FR940919-2-00200 0
441 0 FBIS4-22945 0
441 0 FT933-9243 0
441 0 FR941021-0-00086 1
441 0 FBIS4-22946 0
441 0 LA041289-0054 0
441 0 FBIS3-30055 0
441 0 LA081989-0064 1
441 0 LA072089-0037 0
441 0 FBIS4-68893 0
441 0 FR940817-2-00258 0
441 0 FR941027-1-00030 0
441 0 FBIS4-45882 0
441 0 FR941205-2-00034 0
441 0 LA081990-0088 0
441 0 FR940928-2-00043 0
441 0 FR941012-2-00076 0
441 0 FR941216-0-00074 0
441 0 LA010390-0133 0
441 0 LA092689-0119 0
441 0 FBIS4-66382 0
441 0 LA113090-0156 0
441 0 LA061889-0112 0
441 0 FR941021-1-00058 0
441 0 FBIS3-22509 0
441 0 FR940119-0-00034 0
441 0 FT944-13592 0
441 0 FT943-1196 0
441 0 FT921-16231 0
441 0 LA051789-0130 0
441 0 LA082689-0127 0
441 0 FR941103-2-00087 0
441 0 FBIS4-20472 0
441 0 LA052390-0176 0
441 0 FBIS3-60487 1
441 0 LA032390-0055 0
441 0 FBIS3-22526 0
441 0 FR940802-1-00013 1
441 0 FBIS3-42998 0
441 0 FR940802-1-00015 1
441 0 LA081989-0134 0
441 0 LA061389-0087 1
441 0 FT932-1044 0
441 0 FBIS3-48886 0
441 0 FBIS3-14423 0
441 0 FR940620-2-00031 0
441 0 FR941202-2-00139 0
441 0 FBIS3-20468 0
441 0 FBIS3-8 0
441 0 LA092689-0080 0
441 0 LA120490-0022 0
441 0 FBIS3-22371 0
441 0 FBIS4-47142 0
441 0 FR940513-2-00096 0
441 0 FBIS3-41666 0
441 0 FR940830-0-00004 0
441 0 FT921-16387 0
441 0 LA071989-0117 1
441 0 FT921-596 0
441 0 FBIS3-12720 0
441 0 LA031390-0043 0
441 0 FR941107-2-00231 0
441 0 LA062590-0046 0
441 0 FR940513-2-00102 0
441 0 FBIS3-22597 0
441 0 LA032289-0018 0
441 0 FBIS3-13740 0
441 0 LA082189-0067 0
441 0 FT921-2018 1
441 0 LA092090-0248 1
441 0 LA031390-0101 0
441 0 FR941206-1-00134 0
441 0 FR941130-0-00122 0
441 0 FT933-7438 0
441 0 LA070189-0089 0
441 0 FR940602-1-00023 0
441 0 FR940523-2-00059 1
441 0 FT923-453 0
441 0 LA112690-0027 1
441 0 LA010490-0005 0
441 0 LA010490-0004 0
441 0 FBIS3-60342 0
441 0 FBIS4-67664 1
441 0 LA073090-0058 0
441 0 FBIS3-27468 0
441 0 FBIS3-5392 0
441 0 FR940804-2-00089 0
441 0 FBIS3-26239 0
441 0 FR941221-2-00104 0
441 0 FT922-955 0
441 0 FR940804-2-00088 0
441 0 LA031389-0020 0
441 0 FBIS3-14961 0
441 0 LA010489-0140 0
441 0 FBIS3-61570 0
441 0 FR940223-0-00054 0
441 0 FT944-18407 0
441 0 FBIS4-22994 0
441 0 FBIS3-5039 0
441 0 LA070289-0123 0
441 0 FBIS4-25261 0
441 0 LA052190-0106 0
441 0 LA082690-0003 0
441 0 FT921-3467 0
441 0 FR941117-2-00042 0
441 0 LA010190-0081 0
441 0 FR940323-1-00061 0
441 0 FR940613-2-00066 0
441 0 FBIS4-46469 0
