422 0 FT933-1581 0
422 0 FT923-634 0
422 0 FR941021-1-00016 0
422 0 FR941230-0-00119 0
422 0 LA092090-0219 0
422 0 FT934-7865 0
422 0 LA123189-0053 0
422 0 FBIS3-23270 0
422 0 FBIS3-993 0
422 0 FR940628-2-00106 0
422 0 LA060989-0040 0
422 0 FBIS4-4077 0
422 0 LA121589-0096 0
422 0 FBIS4-1628 0
422 0 FBIS3-547 0
422 0 FBIS3-18802 0
422 0 FT922-1757 0
422 0 FT921-406 1
422 0 FT922-1758 0
422 0 FT924-6531 0
422 0 LA050290-0108 0
422 0 LA041789-0097 0
422 0 LA051890-0031 0
422 0 FT942-187 0
422 0 LA111489-0068 0
422 0 FR940920-1-00116 0
422 0 LA031390-0138 1
422 0 FBIS4-44277 0
422 0 FBIS4-50513 0
422 0 LA032990-0225 1
422 0 LA062990-0029 1
422 0 FBIS3-133 0
422 0 FBIS3-46243 0
422 0 FBIS4-66185 0
422 0 FT932-9432 0
422 0 LA030990-0115 0
422 0 FBIS4-1533 0
422 0 LA010290-0023 1
422 0 LA031390-0145 1
422 0 FT941-9617 0
422 0 LA031989-0036 0
422 0 LA070290-0027 0
422 0 FBIS4-26335 0
422 0 FBIS4-48435 0
422 0 FT933-2068 1
422 0 FT941-8365 1
422 0 LA041689-0134 0
422 0 FR940505-1-00456 0
422 0 FT921-3215 0
422 0 LA042990-0079 0
422 0 FBIS3-61336 0
422 0 FBIS3-61335 0
422 0 FT931-5187 1
422 0 LA110390-0083 0
422 0 LA080289-0103 0
422 0 FT944-2627 0
422 0 FT944-2524 0
422 0 FBIS4-26880 0
422 0 FBIS4-10148 0
422 0 LA120189-0116 1
422 0 LA091390-0023 1
422 0 FT924-3998 0
422 0 FT944-2099 0
422 0 FT941-14189 0
422 0 FT932-845 0
422 0 FBIS4-26351 0
422 0 LA110590-0139 1
422 0 LA070890-0197 0
422 0 FR940204-0-00024 0
422 0 LA091990-0164 1
422 0 FT911-1567 0
422 0 FBIS3-26383 0
422 0 LA061489-0094 0
422 0 FT941-3983 0
422 0 LA013089-0103 1
422 0 FT931-8281 0
422 0 LA101689-0037 0
422 0 FT933-2360 0
422 0 FBIS4-1651 0
422 0 FT921-14472 1
422 0 LA022489-0052 0
422 0 FBIS3-39218 0
422 0 FR941205-2-00118 0
422 0 FT934-10453 0
422 0 LA061790-0235 0
422 0 FR940812-2-00229 0
422 0 FBIS3-67 0
422 0 FR940620-1-00090 0
422 0 FBIS4-49442 0
422 0 FBIS4-44913 0
422 0 LA062590-0134 0
422 0 LA051889-0187 0
422 0 FR940620-1-00099 0
422 0 LA113089-0142 1
422 0 FBIS4-25845 0
422 0 FBIS3-26720 0
422 0 LA020990-0116 0
422 0 FBIS3-59790 0
422 0 FBIS3-26006 0
422 0 FT942-10798 0
422 0 FT934-9676 1
422 0 LA090189-0083 0
422 0 LA062090-0083 1
422 0 LA010990-0001 0
422 0 LA121289-0148 1
422 0 FBIS4-6274 0
422 0 FBIS3-42399 0
422 0 LA021390-0148 1
422 0 FBIS4-19223 0
422 0 FBIS4-22369 0
422 0 FBIS3-61268 0
422 0 FT941-3969 0
422 0 FR941206-1-00134 0
422 0 LA101489-0065 1
422 0 FT931-16792 0
422 0 LA050789-0150 0
422 0 FT933-10293 0
422 0 FR940602-1-00023 0
422 0 FBIS3-42393 0
422 0 FBIS3-766 0
422 0 LA123190-0042 0
422 0 LA120289-0170 0
422 0 FBIS3-3866 0
422 0 LA122489-0152 0
422 0 FBIS4-36101 0
422 0 FT934-9905 1
422 0 LA111190-0041 1
422 0 FBIS4-4816 0
422 0 LA032290-0084 0
422 0 LA102889-0054 0
422 0 FT922-7694 0
422 0 FBIS4-4049 0
422 0 LA100489-0019 0
422 0 FBIS4-49075 0
422 0 FT943-13649 0
422 0 LA110189-0070 0
422 0 LA110290-0015 1
422 0 LA020389-0084 0
422 0 FT932-15805 1
422 0 LA051490-0025 0
422 0 FT932-15804 1
422 0 LA081789-0161 0
422 0 FT933-3851 0
422 0 FBIS4-4727 0
422 0 LA062290-0062 1
422 0 FBIS3-45380 0
422 0 LA062190-0236 1
422 0 FT944-1293 0
422 0 FBIS3-23202 0
422 0 LA100490-0010 0
422 0 LA010390-0051 1
422 0 FBIS3-5821 0
422 0 FBIS4-4925 0
422 0 FT944-15783 0
422 0 FR940620-1-00059 0
422 0 LA121990-0116 0
422 0 LA112290-0081 0
422 0 LA062189-0073 0
422 0 FBIS4-1796 0
422 0 LA040890-0125 0
422 0 FR940317-2-00064 0
422 0 LA121389-0107 0
422 0 FBIS3-339 0
422 0 FT923-1946 1
422 0 LA021089-0101 1
422 0 FT922-4821 0
422 0 FBIS3-34087 0
422 0 FR940620-1-00065 0
422 0 LA032190-0154 1
422 0 LA032090-0091 1
422 0 FT923-8456 0
422 0 LA031590-0166 0
422 0 LA040990-0123 0
422 0 FBIS4-46649 0
422 0 FR940620-1-00063 0
422 0 FR940620-1-00060 0
422 0 LA073190-0049 0
422 0 LA101690-0029 0
422 0 LA042190-0125 1
422 0 LA091389-0057 1
422 0 FT944-14191 1
422 0 LA102789-0118 1
422 0 LA022689-0122 0
422 0 LA113089-0050 1
422 0 FBIS3-26913 0
422 0 LA082190-0102 1
422 0 LA062890-0110 0
422 0 FT924-4322 0
422 0 LA061990-0049 0
422 0 LA121989-0103 0
422 0 LA112889-0116 0
422 0 LA071090-0111 0
422 0 FBIS4-66382 0
422 0 FT933-11587 0
422 0 LA040289-0003 0
422 0 FBIS4-42609 0
422 0 LA090490-0154 0
422 0 LA073089-0145 1
422 0 LA081389-0162 0
422 0 FBIS4-20504 0
422 0 LA021990-0092 0
422 0 LA062090-0064 1
422 0 LA121989-0008 0
422 0 FBIS3-18860 0
422 0 FBIS3-43017 0
422 0 FBIS4-49613 0
422 0 LA062690-0167 1
422 0 LA011090-0055 1
422 0 LA100790-0223 0
422 0 LA030890-0033 0
422 0 FT921-12539 0
422 0 FBIS3-24197 1
422 0 LA010790-0023 0
422 0 LA112590-0001 1
422 0 FBIS3-3189 0
422 0 FR940317-1-00078 0
422 0 LA070690-0089 1
422 0 LA053090-0014 0
422 0 LA110789-0019 1
422 0 FBIS4-32039 0
422 0 LA102890-0114 0
422 0 FT943-7186 1
422 0 LA083090-0180 1
422 0 LA053090-0020 0
422 0 FR940620-1-00083 0
422 0 FT932-16711 0
422 0 FT911-5359 1
422 0 FBIS3-21765 1
422 0 LA092989-0086 1
422 0 LA122389-0026 0
422 0 FBIS3-42979 0
422 0 LA051189-0064 0
422 0 FT942-2954 0
422 0 FT944-8599 0
422 0 FBIS4-11213 0
422 0 FBIS4-53873 0
422 0 LA092489-0079 1
422 0 LA022489-0142 0
422 0 FBIS4-51896 0
422 0 FBIS3-24145 1
422 0 LA021190-0163 0
422 0 LA052390-0039 0
422 0 FBIS4-22785 0
422 0 LA010589-0006 0
422 0 FT942-13117 0
422 0 LA111290-0026 0
422 0 LA112389-0122 0
422 0 LA021490-0036 1
422 0 LA062490-0233 0
422 0 LA122489-0077 1
422 0 FT923-15227 0
422 0 FBIS3-171 0
422 0 LA012289-0007 0
422 0 FT944-12574 0
422 0 LA092089-0047 0
422 0 FR940228-2-00021 0
422 0 LA032489-0069 0
422 0 LA062790-0014 0
422 0 FBIS3-45903 0
422 0 FBIS3-24469 0
422 0 FR940228-2-00022 0
422 0 FBIS4-2312 0
422 0 LA062790-0117 0
422 0 LA051889-0110 1
422 0 FR941212-0-00095 0
422 0 LA110890-0210 0
422 0 FT944-15020 0
422 0 FBIS3-42400 0
422 0 LA071689-0016 0
422 0 FBIS4-19819 0
422 0 FT934-7094 0
422 0 FBIS3-27462 0
422 0 LA101389-0166 0
422 0 FBIS3-60342 0
422 0 LA113089-0096 1
422 0 FBIS3-7043 0
422 0 FT934-11678 1
422 0 FBIS4-24633 0
422 0 LA041989-0007 1
422 0 FR941221-2-00100 0
422 0 FT911-1291 1
422 0 LA070990-0048 1
422 0 LA021489-0070 1
422 0 LA070590-0195 1
422 0 LA081790-0069 1
422 0 LA040490-0103 1
422 0 LA040490-0102 0
422 0 LA051189-0038 0
422 0 LA111790-0113 0
422 0 LA122589-0059 0
422 0 LA041290-0157 1
422 0 LA052590-0058 0
422 0 FT932-17364 0
422 0 LA031490-0163 0
422 0 LA032990-0192 0
422 0 FBIS4-2931 0
422 0 FT922-7914 0
422 0 FBIS3-49796 0
422 0 LA092190-0038 0
422 0 FT942-1977 1
422 0 LA072990-0230 0
422 0 LA013090-0038 0
422 0 FBIS3-24152 0
422 0 LA101890-0102 0
422 0 LA100389-0138 1
422 0 FT944-14279 0
422 0 LA051089-0004 0
422 0 LA071090-0160 0
422 0 LA111589-0138 0
422 0 LA102890-0015 0
422 0 LA042290-0049 0
422 0 LA100690-0130 0
422 0 FBIS4-23114 0
422 0 FBIS4-8957 0
422 0 FBIS4-67877 0
422 0 LA083089-0134 0
422 0 FBIS3-25901 0
422 0 FT931-5346 1
422 0 FT941-774 0
422 0 FBIS3-943 0
422 0 FBIS3-946 0
