431 0 FBIS3-59757 0
431 0 FT941-15546 1
431 0 FBIS3-23 0
431 0 FR941230-0-00119 0
431 0 FBIS3-43220 1
431 0 FR940428-2-00021 0
431 0 FBIS4-44775 0
431 0 FBIS4-46579 0
431 0 FBIS3-59755 0
431 0 FT941-13625 1
431 0 FR940428-2-00020 0
431 0 FBIS4-20559 0
431 0 FT922-15299 0
431 0 FBIS4-21550 0
431 0 FT944-18195 1
431 0 FT922-4578 0
431 0 FT941-15740 0
431 0 FBIS3-21237 0
431 0 FR940505-1-00070 0
431 0 FT922-9444 1
431 0 FT923-12990 0
431 0 FR940428-2-00015 0
431 0 FBIS3-59746 0
431 0 FBIS3-35 1
431 0 FBIS3-3922 0
431 0 FBIS3-3923 1
431 0 FT934-13331 0
431 0 FT942-14921 0
431 0 FT922-15400 0
431 0 FBIS3-46247 1
431 0 FT942-15197 0
431 0 FBIS3-21221 0
431 0 FT932-6741 1
431 0 FBIS3-59639 1
431 0 FT943-11018 0
431 0 FBIS3-59638 0
431 0 FBIS3-20967 1
431 0 FT941-1242 1
431 0 FT922-4461 0
431 0 FBIS3-20965 1
431 0 FT924-1130 0
431 0 FBIS3-20966 1
431 0 FR941021-1-00058 0
431 0 FBIS3-59578 0
431 0 FT943-15602 0
431 0 FBIS3-58 0
431 0 FBIS4-44769 1
431 0 LA092689-0132 0
431 0 FR940111-2-00052 0
431 0 FBIS3-45249 0
431 0 LA092689-0070 0
431 0 FBIS3-3002 0
431 0 FT944-4209 0
431 0 LA082589-0035 0
431 0 FBIS3-46125 0
431 0 FBIS3-21244 1
431 0 FR940725-2-00141 0
431 0 FT942-14677 0
431 0 LA103190-0122 0
431 0 FBIS4-44911 0
431 0 FBIS4-44912 0
431 0 FBIS3-24509 0
431 0 FBIS4-44915 0
431 0 FBIS3-26521 0
431 0 FBIS4-44913 0
431 0 FT943-15629 0
431 0 FBIS4-44634 0
431 0 FT933-2180 1
431 0 FT924-9275 0
431 0 LA080689-0168 0
431 0 FR940822-2-00120 0
431 0 FBIS4-46483 0
431 0 FBIS3-43132 0
431 0 FBIS3-40454 0
431 0 FBIS4-44920 0
431 0 FT942-12501 1
431 0 FBIS3-40450 0
431 0 FT923-14284 0
431 0 LA102989-0052 1
431 0 FBIS3-61543 0
431 0 FBIS4-44918 0
431 0 FBIS3-4363 0
431 0 FBIS3-1903 1
431 0 FBIS4-44919 0
431 0 FBIS3-59502 0
431 0 FBIS4-47609 1
431 0 FBIS3-20923 0
431 0 FBIS3-1764 1
431 0 FR940406-2-00065 0
431 0 FT942-9234 0
431 0 FBIS4-14928 0
431 0 FR941031-2-00050 0
431 0 FBIS4-24461 0
431 0 FBIS4-44650 1
431 0 LA050689-0106 0
431 0 FBIS3-20913 0
431 0 FT911-133 0
431 0 FT942-14943 0
431 0 FBIS3-4773 0
431 0 FT932-10735 0
431 0 FBIS4-47613 0
431 0 FT934-9582 0
431 0 FBIS4-47502 0
431 0 FT944-5962 0
431 0 FT922-8032 1
431 0 FT931-6266 1
431 0 FBIS3-21204 0
431 0 FBIS3-40223 1
431 0 FBIS4-66336 0
431 0 FBIS4-44660 0
431 0 FBIS3-20906 0
431 0 FT911-135 1
431 0 LA092589-0087 1
431 0 FT944-9870 0
431 0 FT922-11806 1
431 0 LA111590-0049 0
431 0 FT922-8929 1
431 0 FT923-11658 1
431 0 FBIS3-4184 0
431 0 FBIS3-6002 0
431 0 FBIS3-18052 0
431 0 FBIS4-22880 1
431 0 FBIS4-47629 0
431 0 FT942-5669 1
431 0 FBIS3-40552 1
431 0 FT911-129 1
431 0 FT931-2017 1
431 0 FBIS4-68220 1
431 0 FT932-769 1
431 0 FT942-13969 1
431 0 FT911-3871 1
431 0 FR940525-2-00008 0
431 0 FBIS4-28106 0
431 0 FBIS3-21195 0
431 0 FBIS3-43186 0
431 0 FBIS3-40420 1
431 0 FT934-8386 1
431 0 LA082290-0041 1
431 0 LA112189-0062 1
431 0 FT921-3682 1
431 0 FT923-11550 0
431 0 FT921-8357 0
431 0 FR940712-2-00007 0
431 0 FBIS3-3099 0
431 0 LA020690-0057 1
431 0 FBIS4-66384 0
431 0 FBIS3-40533 1
431 0 FBIS4-66382 0
431 0 FBIS3-40539 0
431 0 FBIS4-20504 0
431 0 FBIS3-40531 1
431 0 FT923-4774 1
431 0 FT924-11363 1
431 0 FBIS4-1672 0
431 0 FT923-4779 0
431 0 FR940912-2-00031 0
431 0 FT932-65 0
431 0 FT932-2797 0
431 0 FBIS4-44815 1
431 0 FBIS4-44814 0
431 0 FBIS4-44904 0
431 0 FBIS4-20473 0
431 0 FBIS3-43166 1
431 0 FBIS4-20472 0
431 0 LA081490-0052 1
431 0 FT941-8694 0
431 0 FBIS4-19 0
431 0 FBIS3-24653 0
431 0 FR940525-1-00002 0
431 0 FR941117-2-00115 0
431 0 FR940603-2-00152 0
431 0 FT933-1183 0
431 0 FBIS3-40516 1
431 0 FR940119-2-00102 0
431 0 FBIS3-10493 0
431 0 LA010289-0021 0
431 0 FBIS3-46900 0
431 0 LA092290-0183 0
431 0 FT933-4691 0
431 0 FBIS3-40520 1
431 0 FBIS3-4413 1
431 0 FBIS4-44737 1
431 0 FBIS4-44738 1
431 0 FBIS4-44733 1
431 0 FBIS3-21150 0
431 0 FBIS3-40527 0
431 0 FBIS3-20888 1
431 0 FBIS3-5914 0
431 0 FBIS4-53893 0
431 0 FT932-9653 0
431 0 LA100290-0018 0
431 0 FT922-4419 0
431 0 FT922-4414 1
431 0 FBIS3-27218 0
431 0 FT922-6932 0
431 0 FBIS4-1808 0
431 0 LA030589-0277 1
431 0 LA111189-0073 0
431 0 FR941013-1-00033 0
431 0 FT942-14347 0
431 0 FBIS4-2252 0
431 0 FR941006-2-00180 0
431 0 FT934-9501 0
431 0 LA060289-0087 1
431 0 FT934-4378 1
431 0 FT942-14896 0
431 0 FBIS4-44855 1
431 0 FT934-9399 0
