430 0 FBIS3-22135 0
430 0 LA061489-0044 0
430 0 LA062990-0112 0
430 0 FBIS4-52158 0
430 0 LA050990-0091 0
430 0 FT922-4176 0
430 0 LA051289-0167 0
430 0 LA031389-0095 0
430 0 FBIS4-52156 0
430 0 LA090289-0024 0
430 0 LA081290-0038 0
430 0 LA120889-0053 0
430 0 FBIS3-796 0
430 0 FBIS4-49776 0
430 0 FT941-16572 0
430 0 FBIS3-61308 0
430 0 FT942-5336 0
430 0 LA020590-0004 0
430 0 FT944-2261 0
430 0 LA082589-0113 0
430 0 FT944-3412 0
430 0 LA123190-0130 0
430 0 FR940104-0-00034 0
430 0 LA010990-0044 0
430 0 FT944-2266 0
430 0 LA060290-0152 0
430 0 FR941025-1-00009 0
430 0 FBIS4-46851 0
430 0 LA083089-0093 0
430 0 FT942-2235 0
430 0 FT944-2707 0
430 0 FT934-1349 0
430 0 LA111290-0086 0
430 0 FT921-14688 0
430 0 FT944-2702 0
430 0 LA030989-0090 0
430 0 FBIS4-66185 0
430 0 LA011090-0115 0
430 0 LA070990-0038 0
430 0 LA102289-0096 0
430 0 FBIS4-46649 0
430 0 FT921-16219 0
430 0 LA111890-0172 0
430 0 FT943-11706 0
430 0 LA051090-0001 0
430 0 LA060890-0001 0
430 0 LA051089-0024 0
430 0 FT931-4960 0
430 0 FBIS4-68893 0
430 0 FT922-14735 0
430 0 FT942-6631 0
430 0 FBIS3-43303 0
430 0 FBIS3-49035 0
430 0 FBIS4-62372 0
430 0 FBIS4-59106 0
430 0 FT933-3728 0
430 0 FT911-3300 0
430 0 LA032690-0008 0
430 0 LA091290-0156 0
430 0 LA040789-0043 0
430 0 FT932-3917 0
430 0 FBIS3-13068 0
430 0 FBIS4-66382 0
430 0 FBIS3-58984 0
430 0 FBIS4-46384 0
430 0 LA073089-0143 1
430 0 FBIS3-36630 0
430 0 FBIS4-45041 0
430 0 FT942-14501 0
430 0 FT941-13574 0
430 0 LA060190-0066 0
430 0 LA062490-0050 0
430 0 LA041590-0095 0
430 0 LA092389-0141 0
430 0 FT932-2158 0
430 0 LA121190-0029 0
430 0 LA103190-0061 0
430 0 LA072089-0094 0
430 0 FBIS3-31843 0
430 0 FBIS4-20472 0
430 0 LA082590-0097 0
430 0 FT923-10516 0
430 0 LA121690-0053 1
430 0 LA020290-0101 0
430 0 LA010289-0056 0
430 0 LA051089-0041 0
430 0 LA021890-0173 0
430 0 LA051090-0033 0
430 0 FR940822-0-00067 0
430 0 FBIS3-24451 0
430 0 LA061789-0067 0
430 0 LA011589-0005 0
430 0 FT944-7861 0
430 0 FT922-10124 0
430 0 FBIS3-36078 0
430 0 FT944-15919 0
430 0 FBIS3-41666 0
430 0 FT934-8096 0
430 0 FT942-7390 0
430 0 LA092190-0052 0
430 0 LA061589-0055 1
430 0 FBIS3-1509 0
430 0 LA122690-0069 0
430 0 LA052790-0098 0
430 0 LA052590-0033 0
430 0 FBIS3-42399 0
430 0 FBIS3-20796 0
430 0 LA082889-0051 1
430 0 LA092489-0065 0
430 0 FBIS3-40450 0
430 0 LA041889-0111 0
430 0 FR941206-1-00134 0
430 0 LA060190-0138 0
430 0 LA111190-0237 0
430 0 FBIS3-24469 0
430 0 LA050790-0134 0
430 0 LA030990-0162 0
430 0 LA123190-0040 0
430 0 LA091390-0058 0
430 0 LA050789-0065 0
430 0 LA050190-0046 0
430 0 FT931-5948 0
430 0 LA071990-0145 0
430 0 FBIS4-8514 0
430 0 LA121590-0129 0
430 0 FBIS3-42400 0
430 0 FBIS4-17677 0
430 0 FR940214-2-00255 0
430 0 LA091290-0048 0
430 0 FBIS4-52042 0
430 0 LA080389-0111 1
430 0 LA061689-0067 0
430 0 LA100490-0071 0
430 0 LA081690-0149 0
430 0 FBIS4-52754 0
430 0 FT911-4886 1
430 0 FT933-5116 0
430 0 LA121090-0067 0
430 0 LA123190-0055 0
430 0 FT911-5106 0
430 0 FBIS3-13320 0
430 0 LA030589-0082 0
430 0 LA112990-0198 0
430 0 FT934-5152 0
430 0 FT931-14585 0
430 0 FBIS4-68349 0
430 0 LA020990-0185 0
430 0 LA102889-0061 0
430 0 FBIS3-37947 0
430 0 LA102790-0034 0
430 0 LA100889-0092 0
430 0 FBIS3-42477 0
430 0 FBIS3-54461 0
430 0 LA112389-0135 0
430 0 LA061990-0009 0
430 0 FBIS3-17972 0
430 0 FT942-15112 0
430 0 FBIS3-742 0
430 0 LA051589-0090 0
430 0 FBIS4-52039 0
430 0 LA051089-0008 0
430 0 FBIS4-46469 0
430 0 LA090790-0105 0
