436 0 FBIS3-59756 0
436 0 FR940413-2-00130 0
436 0 FT922-14552 0
436 0 FBIS4-52158 0
436 0 FBIS3-29 0
436 0 FT922-14553 0
436 0 LA111090-0116 1
436 0 LA030789-0084 1
436 0 LA070190-0029 0
436 0 FBIS3-14750 0
436 0 FBIS3-40374 0
436 0 LA102390-0018 1
436 0 FR941227-1-00030 0
436 0 FBIS3-20569 0
436 0 FBIS4-3353 0
436 0 LA052789-0046 0
436 0 LA082090-0032 1
436 0 LA040690-0152 1
436 0 LA061189-0156 1
436 0 LA011290-0079 0
436 0 FBIS4-22801 0
436 0 LA110990-0021 1
436 0 LA082489-0100 1
436 0 FT943-8887 1
436 0 FT944-2702 0
436 0 FBIS4-66185 0
436 0 FT921-2942 1
436 0 LA102289-0096 0
436 0 FBIS4-25598 0
436 0 LA041290-0165 1
436 0 FT941-8719 0
436 0 FR941227-1-00029 0
436 0 FR941227-1-00028 0
436 0 FBIS3-37106 0
436 0 LA032790-0024 1
436 0 FBIS3-49035 0
436 0 LA102189-0054 0
436 0 FBIS3-36067 0
436 0 FBIS3-22119 0
436 0 LA020189-0055 1
436 0 LA061789-0003 0
436 0 FT924-15653 1
436 0 LA091389-0008 0
436 0 FR940114-2-00120 0
436 0 LA122189-0126 1
436 0 LA110490-0173 0
436 0 LA022590-0202 0
436 0 FBIS3-29834 0
436 0 LA042790-0171 1
436 0 FBIS4-26419 0
436 0 FT934-7273 0
436 0 LA040989-0140 1
436 0 LA032989-0118 0
436 0 FT942-3391 0
436 0 FR940111-2-00111 0
436 0 LA071690-0054 0
436 0 FBIS3-4209 0
436 0 LA082989-0016 1
436 0 LA050989-0026 0
436 0 FT933-13185 0
436 0 LA062989-0039 0
436 0 FT942-17638 0
436 0 LA022689-0067 0
436 0 FT944-12822 1
436 0 LA020389-0043 1
436 0 FBIS3-49564 0
436 0 FR940429-2-00062 0
436 0 FR941213-1-00034 0
436 0 FR940511-2-00189 0
436 0 FT921-6867 0
436 0 FT941-1173 1
436 0 FBIS4-49251 0
436 0 FT934-14363 0
436 0 FT944-10917 0
436 0 FR941202-2-00139 0
436 0 FT944-5690 0
436 0 LA030589-0194 1
436 0 LA011589-0005 0
436 0 FR940119-2-00067 0
436 0 LA101890-0178 0
436 0 LA092789-0116 0
436 0 LA051789-0127 1
436 0 LA032289-0016 0
436 0 FBIS3-43132 0
436 0 FBIS3-42399 0
436 0 LA102590-0061 0
436 0 FR940822-0-00057 0
436 0 FT944-2695 0
436 0 FR941207-2-00068 0
436 0 FT931-15371 0
436 0 FBIS4-29250 0
436 0 LA102790-0086 1
436 0 LA022689-0007 0
436 0 FR941206-1-00134 0
436 0 LA021090-0057 1
436 0 LA011289-0090 0
436 0 FBIS3-27030 0
436 0 FT931-12899 1
436 0 FR940602-1-00023 0
436 0 LA050590-0081 0
436 0 FT921-5398 0
436 0 FT922-1871 0
436 0 FBIS3-27285 0
436 0 FT931-3356 0
436 0 FT942-13580 0
436 0 FT923-5087 1
436 0 FBIS3-45395 0
436 0 LA022789-0017 0
436 0 LA012490-0059 0
436 0 FBIS4-4247 0
436 0 FR940803-2-00061 0
436 0 LA092790-0192 1
436 0 FR940405-2-00174 0
436 0 LA101890-0199 0
436 0 LA052990-0107 0
436 0 FBIS3-4714 0
436 0 LA022290-0008 0
436 0 FBIS3-61147 0
436 0 LA061989-0100 0
436 0 LA010689-0090 1
436 0 FBIS3-32795 1
436 0 FBIS3-37947 0
436 0 FBIS4-24458 0
436 0 FT924-6538 0
436 0 FR940927-2-00095 0
436 0 FT942-11119 0
436 0 LA032890-0049 0
436 0 LA110790-0165 1
436 0 FT934-165 0
436 0 FBIS4-44525 0
436 0 LA112989-0069 1
436 0 FBIS4-46469 0
436 0 FT944-2254 0
436 0 LA051389-0023 1
436 0 FT943-6403 0
436 0 FT934-8785 0
436 0 FBIS3-22568 0
436 0 FT934-8261 0
436 0 FR940930-0-00210 0
436 0 LA012989-0095 0
436 0 FT934-3661 0
436 0 FT942-13619 0
436 0 FBIS3-23561 0
436 0 LA030189-0115 0
436 0 FT944-2261 0
436 0 FBIS4-49386 0
436 0 LA101290-0086 0
436 0 LA022689-0238 0
436 0 FBIS3-61390 0
436 0 FT943-3295 0
436 0 FT921-14939 0
436 0 FBIS4-46751 0
436 0 LA100590-0069 0
436 0 FR940831-2-00107 0
436 0 LA100890-0121 1
436 0 LA100590-0074 1
436 0 FBIS3-43186 0
436 0 LA031090-0112 0
436 0 FBIS4-46649 0
436 0 FT933-2122 0
436 0 LA121389-0014 1
436 0 LA060789-0050 0
436 0 FBIS3-48113 0
436 0 FR940216-2-00036 0
436 0 FT941-923 1
436 0 LA051389-0046 1
436 0 LA040589-0055 1
436 0 FT941-7101 1
436 0 FBIS4-44420 0
436 0 LA100590-0036 0
436 0 FT941-7105 1
436 0 FR940302-2-00082 0
436 0 FR940628-1-00066 0
436 0 FBIS4-66382 0
436 0 FT944-15565 0
436 0 LA060789-0060 1
436 0 LA050590-0146 0
436 0 LA062090-0061 1
436 0 FT921-11905 0
436 0 FT921-6041 0
436 0 FBIS4-24682 0
436 0 LA091190-0090 1
436 0 LA112690-0054 1
436 0 FR941012-2-00106 0
436 0 FBIS4-5277 0
436 0 FBIS4-31693 0
436 0 FBIS3-6134 0
436 0 FBIS4-20472 0
436 0 FT933-6495 0
436 0 LA052589-0204 0
436 0 FT934-10444 0
436 0 FBIS4-19 0
436 0 FBIS3-7365 0
436 0 FT941-11908 0
436 0 LA102389-0003 1
436 0 FBIS4-25150 0
436 0 FT924-4812 1
436 0 FR940819-1-00054 0
436 0 FR940819-1-00053 0
436 0 LA070289-0095 0
436 0 FR940819-1-00056 0
436 0 FR940819-1-00055 0
436 0 FR940819-1-00050 0
436 0 FR940617-0-00145 0
436 0 FT944-7312 0
436 0 FBIS4-22557 0
436 0 LA010189-0124 1
436 0 FBIS3-11568 1
436 0 FR940819-1-00046 0
436 0 FR940819-1-00047 0
436 0 FBIS4-5459 0
436 0 FBIS3-7023 0
436 0 LA072990-0097 0
436 0 FR940819-1-00048 0
436 0 FBIS3-36078 0
436 0 FR940819-1-00049 0
436 0 FBIS3-41666 0
436 0 FBIS3-3168 0
436 0 FT922-1203 0
436 0 FBIS3-37740 0
436 0 LA102789-0141 0
436 0 FBIS3-45654 0
436 0 FR941012-0-00195 0
436 0 FR940819-1-00045 0
436 0 LA091390-0149 0
436 0 FBIS3-27452 0
436 0 FT931-14769 1
436 0 FR940819-1-00041 0
436 0 FR940819-1-00040 0
436 0 LA021890-0165 1
436 0 FBIS4-20311 0
436 0 FT911-1450 0
436 0 FR940819-1-00039 0
436 0 FBIS3-46280 0
436 0 FBIS3-24469 0
436 0 FBIS4-55628 0
436 0 FR940819-1-00037 0
436 0 FR940819-1-00038 0
436 0 FR940819-1-00035 0
436 0 FBIS4-30535 0
436 0 FBIS4-4794 0
436 0 LA051889-0129 0
436 0 FBIS4-22530 0
436 0 LA022790-0073 0
436 0 FBIS4-28315 0
436 0 FBIS3-42400 0
436 0 LA092690-0149 1
436 0 FBIS3-27214 0
436 0 FBIS4-52445 0
436 0 FBIS3-51406 0
436 0 FBIS3-60342 0
436 0 FR940720-0-00109 0
436 0 FBIS4-20742 0
436 0 FT934-3633 0
436 0 FT931-12906 0
436 0 FR941221-2-00104 0
436 0 FBIS4-52042 0
436 0 FBIS4-68749 0
436 0 FT911-4885 1
436 0 FR940202-2-00072 0
436 0 FBIS4-46981 1
436 0 FT923-443 0
436 0 FBIS4-68444 0
436 0 FBIS4-46834 0
436 0 LA031189-0053 1
436 0 FT941-8280 0
436 0 FBIS3-60336 0
436 0 FBIS4-68447 0
436 0 FBIS4-68448 0
436 0 FBIS4-68446 1
436 0 LA101090-0010 1
436 0 FR940916-1-00072 0
436 0 LA051090-0165 0
436 0 LA121689-0064 1
436 0 FT924-4802 1
436 0 FT944-3386 0
436 0 FBIS3-61210 0
436 0 FT922-12193 1
436 0 LA122990-0072 1
436 0 LA083189-0135 1
436 0 LA052389-0112 1
436 0 FR940705-2-00175 0
