420 0 FBIS3-52462 0
420 0 FR940725-0-00083 0
420 0 LA121089-0235 0
420 0 FBIS3-29 0
420 0 FR940817-2-00235 0
420 0 FR940721-1-00026 0
420 0 LA022189-0045 0
420 0 FBIS3-41635 0
420 0 FR941019-2-00024 0
420 0 LA112990-0231 1
420 0 FR940802-0-00052 0
420 0 LA012489-0059 1
420 0 LA042789-0047 0
420 0 FR940802-0-00050 0
420 0 FR940204-0-00036 0
420 0 FBIS4-46867 0
420 0 FR941031-2-00070 0
420 0 LA022089-0011 0
420 0 FR940202-1-00055 0
420 0 FBIS4-51387 0
420 0 FT932-132 0
420 0 LA070989-0148 0
420 0 LA081489-0030 0
420 0 FR940804-0-00034 0
420 0 FR940505-1-00073 0
420 0 FT944-10002 0
420 0 LA121690-0122 1
420 0 FR940112-1-00044 1
420 0 FR940216-0-00200 0
420 0 LA020689-0022 1
420 0 FR940817-0-00024 0
420 0 FT941-9725 0
420 0 FT942-14538 0
420 0 FR940617-0-00181 0
420 0 FR940112-2-00096 0
420 0 FR940721-1-00016 0
420 0 FR940921-0-00137 0
420 0 LA082590-0024 0
420 0 LA090290-0177 0
420 0 LA121890-0088 0
420 0 LA101290-0121 0
420 0 LA050589-0080 0
420 0 LA010389-0040 1
420 0 FBIS4-67659 0
420 0 FT941-10532 0
420 0 LA061489-0135 0
420 0 FT924-6108 0
420 0 FBIS3-4315 0
420 0 FR940516-1-00082 0
420 0 LA010589-0033 0
420 0 FT921-5494 0
420 0 FR941230-0-00123 0
420 0 FR940919-0-00033 0
420 0 LA081490-0030 1
420 0 LA091190-0076 0
420 0 FBIS3-43023 0
420 0 FBIS3-40190 0
420 0 FBIS3-60286 0
420 0 FT923-4972 0
420 0 FT932-13991 0
420 0 LA081690-0244 0
420 0 FBIS3-22119 0
420 0 FBIS4-22056 0
420 0 FR941006-1-00126 0
420 0 LA121389-0123 1
420 0 FBIS4-60349 0
420 0 FR940412-1-00092 0
420 0 FR940405-1-00099 0
420 0 FR940804-0-00016 0
420 0 LA030389-0055 0
420 0 FBIS3-42985 0
420 0 FT924-4528 0
420 0 LA112789-0026 0
420 0 FR940318-0-00165 0
420 0 LA042990-0138 1
420 0 LA040689-0080 0
420 0 FR940505-1-00514 0
420 0 FR940921-0-00012 0
420 0 LA011989-0129 1
420 0 LA050490-0208 0
420 0 FR940516-1-00120 0
420 0 FR941025-2-00054 0
420 0 LA120389-0074 1
420 0 FR940804-0-00018 0
420 0 FT934-3768 0
420 0 FR940405-1-00040 0
420 0 LA120889-0040 0
420 0 FR941006-1-00137 0
420 0 LA121289-0035 1
420 0 LA122689-0070 1
420 0 FBIS4-20472 0
420 0 FT933-12618 1
420 0 FR941007-1-00014 0
420 0 FT933-12612 1
420 0 FR940817-2-00270 0
420 0 FBIS3-43002 0
420 0 FR940617-0-00174 0
420 0 FR940405-1-00049 0
420 0 FR940817-2-00274 0
420 0 LA112690-0001 0
420 0 FR940617-0-00205 0
420 0 LA121590-0108 1
420 0 LA060989-0102 0
420 0 FBIS3-61499 0
420 0 FBIS3-67 0
420 0 FR940822-0-00067 0
420 0 FR940803-2-00009 0
420 0 FR940525-1-00004 0
420 0 FR940610-0-00030 0
420 0 FR941110-1-00018 0
420 0 FBIS4-44913 0
420 0 FR941110-1-00019 0
420 0 LA032290-0223 0
420 0 FR940906-1-00027 0
420 0 FR940505-1-00246 0
420 0 FR940920-1-00024 0
420 0 FR940620-0-00169 0
420 0 FBIS4-67533 0
420 0 FBIS3-41666 0
420 0 FR940505-1-00348 0
420 0 FT931-7871 0
420 0 FR940505-1-00343 0
420 0 FBIS3-26868 0
420 0 LA061790-0140 0
420 0 FBIS3-41478 0
420 0 LA032989-0021 1
420 0 FR940505-1-00329 0
420 0 FT911-4261 0
420 0 FR941110-1-00025 0
420 0 FBIS3-48159 0
420 0 FBIS3-40450 0
420 0 FR940627-0-00149 0
420 0 FBIS3-32535 0
420 0 FR941130-0-00122 0
420 0 FBIS3-24469 0
420 0 LA022189-0123 0
420 0 FR941110-1-00024 0
420 0 FT933-9825 1
420 0 FR940617-0-00203 0
420 0 FT941-11697 0
420 0 FBIS3-41572 0
420 0 FR940602-1-00023 1
420 0 LA010390-0086 1
420 0 LA042190-0063 0
420 0 FR940720-0-00100 0
420 0 LA032389-0050 0
420 0 LA043089-0156 0
420 0 FBIS4-67497 0
420 0 LA122189-0163 0
420 0 LA011690-0088 0
420 0 FR940921-1-00008 0
420 0 FR940711-2-00084 0
420 0 LA050390-0216 0
420 0 FBIS4-37437 0
420 0 FBIS3-60342 0
420 0 FBIS3-27468 0
420 0 LA120789-0075 0
420 0 FR941102-1-00122 0
420 0 FT921-8131 0
420 0 FR940817-2-00221 0
420 0 FR940111-1-00036 0
420 0 LA010489-0041 1
420 0 FT921-4212 0
420 0 LA121590-0131 1
420 0 FR940630-1-00013 0
420 0 LA010690-0098 0
420 0 LA121990-0004 0
420 0 FR940817-2-00226 0
420 0 FR940822-0-00034 0
420 0 FR940627-0-00122 0
420 0 LA111390-0098 0
420 0 FR940930-0-00189 0
420 0 FT941-12578 0
420 0 FR940505-1-00359 0
420 0 LA121890-0152 1
