414 0 FBIS3-60053 0
414 0 FT921-14610 1
414 0 FBIS3-23 0
414 0 FT943-341 0
414 0 FBIS3-29 0
414 0 FR941117-2-00158 0
414 0 FT931-885 0
414 0 FBIS3-10477 0
414 0 FT933-14593 0
414 0 LA071590-0227 0
414 0 FT932-9441 0
414 0 FT923-6247 0
414 0 FBIS4-34721 0
414 0 FT921-2957 0
414 0 LA093090-0185 0
414 0 FT931-17084 0
414 0 FBIS3-20425 0
414 0 FT943-9357 0
414 0 FBIS3-20421 0
414 0 FBIS4-57596 0
414 0 FT923-3729 0
414 0 FR940104-0-00034 0
414 0 FT931-12751 0
414 0 FBIS3-44365 0
414 0 FT921-3603 0
414 0 FR941017-0-00009 0
414 0 FR941017-0-00007 0
414 0 FBIS4-56771 0
414 0 FT924-874 0
414 0 FBIS3-23778 0
414 0 FBIS4-52273 0
414 0 FT924-13269 0
414 0 FT931-2324 0
414 0 FBIS3-12046 1
414 0 LA050690-0129 1
414 0 LA040590-0222 0
414 0 FBIS3-3526 0
414 0 FBIS3-8012 0
414 0 FBIS4-66302 0
414 0 FR940830-0-00132 0
414 0 FR940419-1-00050 0
414 0 FBIS3-58 0
414 0 FBIS4-68702 0
414 0 FT941-16800 0
414 0 FT922-8462 1
414 0 FBIS4-56794 0
414 0 FBIS3-43629 0
414 0 FBIS3-11717 0
414 0 FBIS4-66661 0
414 0 FT944-12369 1
414 0 FT922-14386 0
414 0 FR940630-2-00029 0
414 0 FBIS3-67 0
414 0 FBIS4-1860 0
414 0 FT923-1106 0
414 0 FT922-12623 0
414 0 FR940524-1-00002 0
414 0 FBIS3-59287 0
414 0 FBIS4-11123 0
414 0 FBIS4-33295 0
414 0 FT941-9064 0
414 0 FBIS3-1790 0
414 0 FT942-16668 1
414 0 FBIS3-24604 0
414 0 FBIS3-10446 0
414 0 FBIS4-25359 0
414 0 FBIS4-11543 0
414 0 FT941-16799 0
414 0 LA032489-0112 0
414 0 FBIS3-10540 0
414 0 FBIS4-34643 1
414 0 FT931-3994 0
414 0 FBIS4-50026 0
414 0 FR941206-1-00134 0
414 0 FBIS4-34759 0
414 0 FR940616-1-00017 0
414 0 FBIS3-10026 0
414 0 FT932-13478 1
414 0 FT932-4135 0
414 0 FBIS3-33183 0
414 0 FBIS4-11284 0
414 0 FBIS3-32878 0
414 0 FBIS3-20784 0
414 0 FBIS3-61299 1
414 0 FBIS4-11438 0
414 0 FT932-9709 0
414 0 FBIS3-32084 0
414 0 FBIS4-54624 0
414 0 FT932-14164 0
414 0 FT934-4579 0
414 0 FR940926-1-00023 0
414 0 FT934-153 0
414 0 FT932-9712 0
414 0 FBIS3-51746 0
414 0 FR941017-2-00007 0
414 0 FT934-10558 0
414 0 FBIS3-32794 0
414 0 FR941102-2-00044 0
414 0 FR940504-1-00002 0
414 0 FBIS4-11824 0
414 0 FBIS4-38629 1
414 0 FT942-9759 0
414 0 FBIS3-10878 0
414 0 FT911-4670 0
414 0 FBIS4-11156 0
414 0 FBIS3-59279 0
414 0 FBIS4-41726 0
414 0 FT934-5978 0
414 0 FT943-8373 0
414 0 FBIS4-32817 0
414 0 FBIS4-10797 1
414 0 FBIS4-38627 1
414 0 FBIS4-46469 0
414 0 FBIS3-10101 0
414 0 FBIS3-32509 0
414 0 FT923-9446 0
414 0 FT923-8088 0
414 0 FBIS4-47629 0
414 0 FT922-12873 0
414 0 LA061890-0107 0
414 0 FT944-3172 0
414 0 FBIS4-66248 0
414 0 FT933-15393 0
414 0 FBIS4-37349 0
414 0 FT943-3008 0
414 0 FT921-8261 0
414 0 FBIS3-50724 0
414 0 FT932-2679 0
414 0 FBIS4-68893 0
414 0 LA121489-0073 0
414 0 FBIS3-27933 0
414 0 FT933-14965 0
414 0 FT944-12884 0
414 0 FT943-11487 0
414 0 FBIS3-21462 0
414 0 FT934-615 0
414 0 FBIS4-56417 0
414 0 FBIS4-68782 0
414 0 FR941019-0-00079 0
414 0 FBIS4-20504 0
414 0 FT922-9395 0
414 0 FT942-1295 0
414 0 FBIS4-25602 0
414 0 LA101889-0158 0
414 0 FT932-14052 0
414 0 LA042290-0093 1
414 0 FBIS4-29783 0
414 0 FBIS3-50596 0
414 0 FBIS4-20472 0
414 0 FBIS4-11061 0
414 0 LA010190-0038 0
414 0 FBIS4-19 0
414 0 FBIS4-10222 1
414 0 FT932-7733 0
414 0 FBIS3-24655 1
414 0 FT933-9212 0
414 0 FBIS4-10837 0
414 0 FBIS3-24653 0
414 0 FT934-11077 0
414 0 FBIS3-50544 0
414 0 FT932-9972 0
414 0 FBIS4-9865 0
414 0 FT931-8550 1
414 0 FBIS4-9866 1
414 0 FBIS4-29 0
414 0 FBIS4-36303 0
414 0 FR940921-2-00028 0
414 0 FT942-12807 0
414 0 FBIS4-23131 0
414 0 FR940325-0-00004 0
414 0 FT921-13094 0
414 0 FBIS4-65123 0
414 0 FT921-9644 1
414 0 FT944-5430 0
414 0 FT933-1483 0
414 0 FT921-8126 1
414 0 FBIS3-6941 0
414 0 FT934-2083 0
414 0 FBIS4-10373 1
414 0 FBIS4-20342 0
414 0 FT944-11926 1
414 0 LA071290-0161 0
414 0 FR940406-0-00197 0
414 0 FBIS3-17768 1
414 0 FT944-12680 0
414 0 FBIS3-11898 0
414 0 FT942-498 0
414 0 FT933-9324 0
414 0 FT943-13446 0
414 0 FT943-3761 0
414 0 FR940811-0-00008 0
414 0 FR940811-0-00009 0
414 0 FT924-5210 1
414 0 FBIS3-36211 1
414 0 FT943-1006 0
414 0 FBIS4-65745 0
414 0 FBIS4-23114 0
414 0 FBIS3-50839 0
414 0 FBIS4-55744 0
414 0 FT932-6585 0
414 0 LA102489-0092 0
