403 0 LA102590-0199 0
403 0 LA083089-0024 0
403 0 FR940525-1-00049 0
403 0 FR940525-1-00046 0
403 0 LA110490-0091 0
403 0 LA082890-0074 0
403 0 FR941206-0-00013 0
403 0 FR940912-2-00112 0
403 0 LA021590-0062 0
403 0 LA102189-0147 0
403 0 LA061490-0026 0
403 0 FR940112-1-00044 0
403 0 FT944-2261 0
403 0 FR940104-0-00032 0
403 0 FR940303-1-00053 0
403 0 FR940104-0-00034 0
403 0 FT944-2266 0
403 0 FR940104-0-00033 0
403 0 FR940104-0-00036 0
403 0 FR940610-1-00069 0
403 0 FT944-2707 0
403 0 FT944-2702 0
403 0 FR941025-1-00002 0
403 0 LA010790-0103 1
403 0 FBIS3-25965 0
403 0 FR940603-2-00065 1
403 0 FT932-1264 0
403 0 FBIS4-46649 0
403 0 LA041990-0072 1
403 0 FBIS4-47581 0
403 0 LA032290-0096 0
403 0 LA101890-0267 0
403 0 FR940525-1-00069 0
403 0 LA092890-0067 1
403 0 LA032489-0093 1
403 0 LA032290-0151 1
403 0 FR940525-1-00062 1
403 0 LA012990-0041 0
403 0 FR940525-1-00063 1
403 0 LA072690-0056 0
403 0 LA030689-0082 0
403 0 FBIS4-66382 0
403 0 LA031590-0014 0
403 0 LA020989-0063 0
403 0 LA080890-0068 0
403 0 FBIS4-20504 0
403 0 LA062289-0203 0
403 0 FBIS4-45041 0
403 0 LA091489-0031 0
403 0 LA020490-0136 1
403 0 LA010390-0067 1
403 0 LA062989-0030 0
403 0 FT944-12240 0
403 0 FBIS4-24973 0
403 0 LA020590-0052 0
403 0 LA060189-0044 0
403 0 FR940525-1-00050 1
403 0 FT921-739 0
403 0 FR940610-1-00088 0
403 0 FR940525-1-00051 0
403 0 FR940525-1-00054 0
403 0 LA111589-0004 0
403 0 FR940610-1-00089 0
403 0 FBIS4-67349 0
403 0 FT924-10901 0
403 0 FR940902-1-00048 0
403 0 FBIS4-20472 0
403 0 FR940526-2-00032 0
403 0 LA010689-0040 0
403 0 FR940526-2-00031 0
403 0 FR940725-2-00141 0
403 0 LA100889-0042 0
403 0 FT932-1044 1
403 0 FBIS3-45992 0
403 0 FBIS3-67 0
403 0 LA051889-0006 1
403 0 FT944-865 0
403 0 LA022790-0099 0
403 0 LA091289-0027 0
403 0 FBIS4-44913 0
403 0 LA120490-0023 0
403 0 FBIS4-45862 0
403 0 LA011289-0149 0
403 0 FR940525-1-00086 0
403 0 LA081590-0161 0
403 0 LA050889-0050 0
403 0 FR940525-1-00088 0
403 0 FT944-2690 0
403 0 FBIS3-41666 0
403 0 LA120689-0083 0
403 0 FR941107-2-00023 0
403 0 LA041289-0022 0
403 0 FT924-979 1
403 0 LA082390-0094 0
403 0 FR940525-1-00070 0
403 0 LA072289-0144 1
403 0 LA011690-0025 0
403 0 FR940525-1-00078 1
403 0 FR940912-2-00090 0
403 0 FR941206-1-00134 0
403 0 LA071290-0133 1
403 0 FR941130-0-00122 0
403 0 FBIS3-24469 0
403 0 LA070690-0011 0
403 0 FR940525-1-00073 0
403 0 FBIS3-40340 0
403 0 LA031290-0132 0
403 0 FR940426-2-00005 0
403 0 FR940525-1-00079 1
403 0 FT923-453 0
403 0 LA033089-0013 1
403 0 LA042589-0052 0
403 0 FBIS3-60342 0
403 0 FT943-1503 0
403 0 LA110989-0061 0
403 0 FBIS3-60336 0
403 0 FBIS4-22918 0
403 0 FT944-2249 0
403 0 FBIS4-25261 0
403 0 LA041290-0081 0
403 0 LA011389-0029 1
403 0 FR941107-2-00017 0
403 0 FR940825-0-00006 0
403 0 LA072089-0050 0
403 0 FR941107-2-00012 0
403 0 LA051490-0120 0
