423 0 FBIS3-48296 0
423 0 FT944-2254 0
423 0 FBIS4-30873 0
423 0 FBIS4-30975 1
423 0 FBIS4-7796 0
423 0 FBIS4-31359 0
423 0 FT943-7734 1
423 0 LA010189-0071 0
423 0 FT944-439 1
423 0 FBIS4-7539 0
423 0 FBIS3-40303 0
423 0 FBIS4-8772 0
423 0 FT942-16236 0
423 0 FT932-5641 0
423 0 FT924-892 0
423 0 FT944-2261 0
423 0 FBIS3-40497 0
423 0 FR940104-0-00034 0
423 0 FT924-1453 0
423 0 FBIS4-31557 1
423 0 FBIS4-7996 0
423 0 FT923-9312 0
423 0 FBIS4-55511 0
423 0 FT921-12219 0
423 0 FBIS4-55513 0
423 0 LA011190-0083 0
423 0 FBIS4-32018 0
423 0 FBIS3-20830 0
423 0 FT942-13554 0
423 0 FT944-2702 0
423 0 LA012089-0084 0
423 0 FBIS4-32534 1
423 0 LA072290-0200 0
423 0 FBIS3-21193 0
423 0 LA072590-0024 0
423 0 FT932-10528 0
423 0 FBIS3-37997 0
423 0 FBIS4-55582 0
423 0 FBIS3-31724 0
423 0 LA061290-0094 0
423 0 FT944-16566 0
423 0 FBIS3-31725 0
423 0 FT934-16974 0
423 0 FBIS3-50067 0
423 0 FBIS4-55851 1
423 0 FBIS3-30905 0
423 0 FBIS3-9176 0
423 0 FBIS3-42380 0
423 0 FT924-1269 0
423 0 FBIS4-54664 0
423 0 FBIS4-31813 0
423 0 LA072489-0057 0
423 0 LA072589-0057 0
423 0 FBIS4-7683 0
423 0 FBIS4-53078 0
423 0 FT924-11963 0
423 0 FT932-13808 0
423 0 FBIS4-8497 1
423 0 LA072490-0140 0
423 0 FR940610-1-00080 0
423 0 FBIS4-8806 0
423 0 LA012090-0097 0
423 0 FT932-5157 0
423 0 FBIS3-24619 0
423 0 FT933-15904 0
423 0 FT932-5013 0
423 0 FBIS4-8207 0
423 0 FT923-5110 0
423 0 FT911-5215 0
423 0 FBIS3-30431 1
423 0 FT943-10070 0
423 0 FBIS3-2 0
423 0 FBIS4-49251 0
423 0 FR940812-2-00229 0
423 0 FBIS4-5 0
423 0 FR941202-2-00139 0
423 0 LA011589-0005 0
423 0 FT943-9109 0
423 0 FBIS4-23121 0
423 0 FT944-2690 0
423 0 LA072390-0057 0
423 0 FBIS3-36078 0
423 0 FBIS3-26006 0
423 0 FBIS4-7480 0
423 0 FT933-15033 0
423 0 FBIS4-55493 1
423 0 FT943-1255 0
423 0 FT942-11666 1
423 0 FBIS3-43132 0
423 0 FBIS3-30648 0
423 0 FBIS3-49903 0
423 0 FBIS3-42399 0
423 0 FBIS4-31863 0
423 0 FBIS3-20796 0
423 0 FT934-2639 0
423 0 FT942-4655 0
423 0 FBIS4-7745 0
423 0 FBIS3-30745 0
423 0 FT921-15670 0
423 0 FR941206-1-00134 0
423 0 FR941130-0-00122 0
423 0 FBIS4-31315 0
423 0 FBIS3-56578 0
423 0 FR940804-0-00082 0
423 0 FBIS4-31115 0
423 0 FT933-13407 0
423 0 FT911-1126 0
423 0 FBIS3-59406 0
423 0 FBIS3-42393 0
423 0 FBIS3-20786 0
423 0 LA072290-0207 0
423 0 FBIS3-9589 0
423 0 FBIS3-7968 0
423 0 LA051289-0148 0
423 0 FT944-12689 1
423 0 FBIS4-7637 0
423 0 FBIS3-8840 0
423 0 FBIS3-42400 0
423 0 FBIS3-58591 0
423 0 FBIS3-30805 0
423 0 FT932-8259 0
423 0 FBIS4-32111 1
423 0 FBIS4-52449 0
423 0 FT944-14375 0
423 0 FBIS4-54007 0
423 0 FT933-2532 1
423 0 FBIS3-49889 0
423 0 LA050489-0021 0
423 0 LA072290-0210 0
423 0 FBIS4-55439 0
423 0 LA072290-0215 0
423 0 FT911-5088 0
423 0 FBIS4-31844 1
423 0 FT921-15493 0
423 0 LA050690-0001 0
423 0 FR940104-2-00022 0
423 0 FBIS3-30763 0
423 0 FBIS4-54562 0
423 0 FBIS3-20777 0
423 0 FBIS4-8711 0
423 0 FT924-12036 0
423 0 FBIS4-25261 0
423 0 FBIS4-8644 1
423 0 FR940630-0-00071 0
423 0 FT921-3963 0
423 0 FBIS4-32072 1
423 0 FBIS3-25902 0
423 0 FBIS3-54461 0
423 0 FBIS3-8727 0
423 0 FBIS4-32625 0
423 0 FBIS3-20865 0
423 0 FT934-13655 0
423 0 FT933-2528 1
423 0 FBIS4-46469 0
