409 0 LA103190-0165 0
409 0 LA032089-0047 0
409 0 FR941230-0-00119 0
409 0 LA010990-0052 0
409 0 FBIS3-29 0
409 0 FT923-8249 0
409 0 FR941117-2-00158 0
409 0 LA071789-0003 0
409 0 FBIS4-68811 0
409 0 FT932-3842 0
409 0 FR941212-0-00076 0
409 0 FT932-12588 0
409 0 LA081589-0102 0
409 0 FR940621-2-00051 0
409 0 FR940621-2-00053 0
409 0 FT922-12921 1
409 0 FR940621-2-00054 0
409 0 FBIS3-52760 0
409 0 LA011189-0063 0
409 0 FT943-6026 0
409 0 FT922-1128 0
409 0 LA121589-0082 0
409 0 FT943-6369 0
409 0 FT932-17156 0
409 0 LA110489-0157 0
409 0 FT933-13334 0
409 0 FR940503-1-00084 0
409 0 FT922-14033 0
409 0 FT941-11932 1
409 0 FBIS3-13305 0
409 0 FR941230-0-00123 0
409 0 FR940621-2-00050 0
409 0 FBIS4-10463 0
409 0 LA050989-0113 0
409 0 FBIS3-14149 0
409 0 LA051589-0068 0
409 0 FBIS4-36883 0
409 0 LA111889-0100 0
409 0 FBIS4-57286 0
409 0 FR940928-0-00029 0
409 0 FT922-13072 0
409 0 LA021689-0116 0
409 0 FBIS4-46418 0
409 0 LA111789-0166 0
409 0 FT932-4227 0
409 0 FBIS4-19450 0
409 0 FR940127-2-00193 0
409 0 LA031989-0193 0
409 0 LA010589-0105 0
409 0 FBIS3-43214 0
409 0 FT921-9173 0
409 0 FBIS4-36945 0
409 0 FBIS3-30460 0
409 0 LA093090-0090 0
409 0 FBIS4-36734 0
409 0 FBIS4-13578 0
409 0 FT934-3473 0
409 0 FR940110-0-00038 0
409 0 LA012889-0015 0
409 0 LA122490-0075 0
409 0 FBIS4-12258 0
409 0 FT923-13817 1
409 0 FBIS4-624 0
409 0 FT932-1722 0
409 0 LA011489-0111 0
409 0 LA110690-0083 0
409 0 LA102289-0079 0
409 0 FBIS3-43120 0
409 0 LA092790-0175 0
409 0 FT921-381 0
409 0 FT921-8099 1
409 0 LA051089-0085 0
409 0 FR941202-2-00139 0
409 0 FT921-2687 1
409 0 LA030589-0192 0
409 0 LA112190-0152 0
409 0 FT924-10240 0
409 0 LA092689-0003 0
409 0 LA091689-0123 0
409 0 FT922-12224 0
409 0 FBIS4-67533 0
409 0 LA020289-0033 0
409 0 LA122690-0064 0
409 0 LA031190-0197 0
409 0 LA091890-0173 0
409 0 FT921-9346 0
409 0 FBIS3-20797 0
409 0 FBIS3-20796 0
409 0 FBIS4-68796 0
409 0 LA033089-0211 0
409 0 FBIS4-36895 0
409 0 LA011789-0136 0
409 0 LA122189-0212 0
409 0 FR941206-1-00134 0
409 0 FBIS3-48066 0
409 0 LA052389-0075 0
409 0 LA071389-0150 0
409 0 FT943-9798 0
409 0 LA062589-0028 0
409 0 FT943-8643 0
409 0 LA101390-0119 0
409 0 FT942-17044 1
409 0 LA042190-0024 0
409 0 FBIS3-43142 0
409 0 FR940728-1-00021 0
409 0 LA031789-0067 0
409 0 LA123089-0085 0
409 0 LA102989-0160 0
409 0 LA040189-0029 0
409 0 FT942-13484 0
409 0 LA032389-0197 0
409 0 FR940906-1-00011 0
409 0 LA082989-0105 0
409 0 FBIS3-2745 0
409 0 FT932-1562 0
409 0 FBIS3-35042 0
409 0 FR941021-0-00072 0
409 0 LA011490-0162 0
409 0 LA052090-0031 0
409 0 FBIS3-13525 0
409 0 LA110890-0021 0
409 0 FT921-13034 0
409 0 LA090189-0162 0
409 0 LA020990-0106 0
409 0 FT923-13912 0
409 0 FT942-6193 0
409 0 FBIS4-68194 0
409 0 LA110189-0013 0
409 0 FBIS4-58391 0
409 0 LA020690-0154 0
409 0 FR940831-2-00166 0
409 0 FBIS3-61562 0
409 0 FT923-11688 1
409 0 FBIS4-46469 0
409 0 FT932-1640 0
409 0 LA051990-0107 0
409 0 FT921-8049 1
409 0 LA020789-0124 0
409 0 FR940819-0-00111 0
409 0 FBIS4-22027 0
409 0 FBIS3-43196 0
409 0 LA010389-0034 0
409 0 FT921-5167 0
409 0 FT921-283 0
409 0 FT911-939 0
409 0 FBIS4-49738 0
409 0 FT942-10661 0
409 0 LA071489-0115 0
409 0 LA122290-0135 0
409 0 FT933-10104 0
409 0 FBIS3-23417 0
409 0 LA022689-0238 0
409 0 FT921-8927 0
409 0 LA081789-0007 0
409 0 LA010989-0092 0
409 0 FR941207-0-00082 0
409 0 FT911-3718 0
409 0 FT934-9425 0
409 0 FBIS4-43146 0
409 0 FBIS4-46649 0
409 0 FT921-5157 0
409 0 LA091289-0069 0
409 0 FR940930-0-00028 0
409 0 FT922-13723 1
409 0 FR940526-2-00119 0
409 0 LA042089-0160 0
409 0 FBIS4-68893 0
409 0 LA081789-0101 0
409 0 LA051690-0101 0
409 0 LA121489-0072 0
409 0 LA010689-0055 0
409 0 FBIS4-68880 0
409 0 LA031989-0099 0
409 0 FBIS3-43174 0
409 0 FBIS3-15479 0
409 0 FBIS4-66382 0
409 0 FT921-1338 0
409 0 FBIS4-42 0
409 0 LA041989-0145 0
409 0 LA121790-0099 0
409 0 LA092189-0137 0
409 0 FBIS4-13186 0
409 0 FBIS4-20504 0
409 0 FT924-15346 0
409 0 FT924-6981 0
409 0 LA080989-0094 0
409 0 LA061789-0103 0
409 0 LA092890-0055 0
409 0 LA120690-0098 0
409 0 FBIS4-43432 0
409 0 LA120690-0097 0
409 0 FT934-6857 1
409 0 FBIS3-43160 0
409 0 LA041689-0098 0
409 0 FT933-8501 0
409 0 FT922-12366 0
409 0 LA110989-0119 0
409 0 LA020590-0099 0
409 0 FT942-3706 0
409 0 FBIS4-43233 0
409 0 FBIS4-62638 0
409 0 LA120889-0180 0
409 0 FBIS4-20472 0
409 0 FT923-13692 1
409 0 LA010589-0157 0
409 0 LA040690-0069 0
409 0 LA080589-0053 0
409 0 FT934-5651 0
409 0 LA090490-0072 0
409 0 FBIS3-21303 0
409 0 FR940622-2-00075 0
409 0 LA042089-0111 0
409 0 LA122289-0117 0
409 0 FBIS4-22788 0
409 0 LA032790-0138 0
409 0 FT921-13292 0
409 0 FBIS3-34245 0
409 0 FBIS4-43306 0
409 0 FT941-758 1
409 0 FBIS4-29 0
409 0 FT923-14037 0
409 0 FT934-8896 0
409 0 LA110489-0092 0
409 0 LA100490-0239 0
409 0 FBIS4-56804 0
409 0 FBIS3-1691 0
409 0 LA010289-0027 0
409 0 FR940425-2-00045 0
409 0 FR941130-0-00122 0
409 0 FBIS3-20591 0
409 0 FR940725-1-00061 0
409 0 FBIS3-7751 0
409 0 FBIS3-14832 0
409 0 FT921-717 1
409 0 LA030789-0031 0
409 0 LA091290-0053 0
409 0 LA090789-0047 0
409 0 LA010889-0151 0
409 0 FT921-969 1
409 0 FT921-714 1
409 0 FR940819-0-00085 0
409 0 FR940817-2-00213 0
409 0 FBIS3-60342 0
409 0 LA081589-0067 0
409 0 FT922-3437 0
409 0 LA122489-0210 0
409 0 LA092789-0088 0
409 0 LA091390-0123 0
409 0 FBIS3-58631 0
409 0 LA050589-0066 0
409 0 LA022290-0094 0
409 0 LA120589-0083 1
409 0 LA050589-0065 0
409 0 FBIS4-67877 0
