448 0 FBIS3-29 0
448 0 FBIS3-59752 0
448 0 FT931-16009 0
448 0 LA080990-0084 0
448 0 LA021690-0065 1
448 0 LA101990-0035 0
448 0 FT932-1086 0
448 0 FBIS4-51034 0
448 0 FT943-930 0
448 0 LA072290-0058 0
448 0 FT932-1094 0
448 0 FT921-401 0
448 0 FT944-18722 1
448 0 FT943-2758 0
448 0 FT944-14825 0
448 0 FBIS4-16527 0
448 0 LA052390-0005 0
448 0 LA092990-0005 0
448 0 FBIS3-19284 0
448 0 FR941221-1-00017 0
448 0 FR941221-1-00018 0
448 0 FR941221-1-00019 0
448 0 FT942-4810 1
448 0 FBIS4-66185 0
448 0 LA060689-0145 0
448 0 FT944-12942 0
448 0 FT944-15103 0
448 0 FBIS3-49541 0
448 0 FBIS4-26334 0
448 0 FT934-3853 0
448 0 FT942-9026 0
448 0 FR940722-1-00034 0
448 0 FT943-6263 0
448 0 LA020590-0133 0
448 0 FT924-5260 0
448 0 LA011390-0061 0
448 0 LA022790-0142 0
448 0 FBIS3-5675 0
448 0 FT932-1333 0
448 0 FT943-13777 0
448 0 LA080990-0093 0
448 0 FT933-5562 0
448 0 FT931-15873 0
448 0 FT931-8338 0
448 0 FBIS4-16271 0
448 0 LA031589-0064 0
448 0 FT944-16285 0
448 0 FT924-6336 0
448 0 FT941-12543 0
448 0 FR941202-2-00139 0
448 0 FT943-5931 0
448 0 LA061590-0045 0
448 0 FBIS4-45675 0
448 0 LA011690-0010 0
448 0 LA012190-0213 0
448 0 FBIS4-68275 0
448 0 FBIS3-43132 0
448 0 FT943-5644 0
448 0 FT932-2429 0
448 0 FT944-2695 0
448 0 LA071289-0001 0
448 0 FBIS4-16562 0
448 0 FT943-312 0
448 0 FT943-316 0
448 0 FBIS4-45763 0
448 0 FBIS4-39276 0
448 0 FR940602-1-00023 0
448 0 FT941-17025 0
448 0 FBIS4-16146 0
448 0 FT921-7624 0
448 0 FT944-5978 0
448 0 FR941216-1-00095 0
448 0 FT944-14881 0
448 0 FT932-1366 0
448 0 FT944-5974 0
448 0 FBIS4-3881 0
448 0 FT944-5773 0
448 0 LA102989-0164 0
448 0 FBIS3-20276 0
448 0 FT933-7566 0
448 0 FT944-15719 0
448 0 FBIS4-68293 0
448 0 FR941026-0-00047 0
448 0 FBIS4-66162 0
448 0 FT921-11935 1
448 0 FR941026-0-00048 0
448 0 FT923-10413 0
448 0 FT942-2776 0
448 0 FT942-14680 0
448 0 LA022790-0102 0
448 0 FBIS3-26639 0
448 0 FR940105-2-00120 0
448 0 FT934-13657 0
448 0 FT931-2890 0
448 0 LA072189-0038 0
448 0 FT944-2254 0
448 0 LA080190-0139 1
448 0 FBIS3-14609 0
448 0 FBIS3-13914 0
448 0 FT931-6639 0
448 0 FT944-2261 0
448 0 FT943-543 0
448 0 LA032789-0038 0
448 0 FT944-2266 0
448 0 FBIS3-27806 0
448 0 LA092190-0011 0
448 0 FBIS3-60392 0
448 0 LA100890-0126 0
448 0 FBIS4-59400 0
448 0 FBIS4-66245 0
448 0 FBIS4-2959 0
448 0 FBIS4-2850 0
448 0 FBIS3-41438 0
448 0 FBIS3-16837 0
448 0 FT932-2805 0
448 0 FBIS3-61236 0
448 0 LA112389-0157 0
448 0 LA102289-0119 0
448 0 FT924-12502 0
448 0 FT934-14461 0
448 0 FT922-4205 1
448 0 FT934-1604 0
448 0 FR940314-1-00041 0
448 0 FBIS3-35628 0
448 0 LA070190-0085 0
448 0 FT941-1574 0
448 0 FBIS4-38863 0
448 0 LA121989-0106 1
448 0 FT941-14237 1
448 0 FT931-414 0
448 0 FBIS3-4332 0
448 0 FT923-4395 0
448 0 FT943-14288 0
448 0 LA072089-0006 0
448 0 FT933-5667 0
448 0 FT924-12615 0
448 0 LA011590-0096 0
448 0 FT943-178 0
448 0 FT921-8244 0
448 0 FT923-7052 0
448 0 FT931-6640 0
448 0 FBIS4-20472 0
448 0 FT911-5039 0
448 0 FT944-16807 0
448 0 FT944-10102 0
448 0 FBIS4-14573 0
448 0 FBIS4-17497 0
448 0 FT943-14062 0
448 0 FBIS4-39925 0
448 0 FR940511-0-00070 0
448 0 LA050490-0070 0
448 0 FBIS3-41666 0
448 0 FT941-11514 1
448 0 FBIS3-57455 0
448 0 FR940830-2-00014 0
448 0 FT923-7229 0
448 0 FBIS3-27594 0
448 0 FBIS3-41478 0
448 0 FT923-14205 0
448 0 FBIS3-24463 0
448 0 FT944-1600 1
448 0 FT942-16879 0
448 0 FBIS3-24469 0
448 0 FBIS3-41579 0
448 0 FT942-13869 0
448 0 FT923-11318 0
448 0 FT944-10461 0
448 0 FBIS4-46497 0
448 0 FT941-373 0
448 0 LA020889-0093 1
448 0 FBIS3-7764 0
448 0 FBIS4-55430 0
448 0 FBIS3-32012 0
448 0 FT922-4699 0
448 0 LA102790-0132 0
448 0 LA101190-0063 0
448 0 FT944-14550 0
448 0 FT933-10360 0
448 0 FBIS3-14181 0
448 0 FT934-15931 0
448 0 FT934-9603 1
448 0 FT931-12528 0
448 0 FT944-2249 0
448 0 FBIS4-39950 0
448 0 FR940617-0-00137 0
448 0 FBIS4-46831 0
448 0 FBIS3-29269 0
448 0 LA062289-0148 0
448 0 LA102689-0004 0
448 0 FBIS3-10778 0
448 0 LA111390-0147 1
448 0 FBIS4-67877 0
448 0 FR940505-1-00358 0
448 0 FT934-17032 0
448 0 FT943-1368 0
448 0 FR940413-2-00130 0
448 0 FT923-6545 0
448 0 FBIS4-52158 0
448 0 FBIS4-57796 0
448 0 FR941117-2-00158 0
448 0 FBIS4-52156 0
448 0 FT934-1954 1
448 0 LA072589-0007 0
448 0 FT942-16246 0
448 0 FR940505-1-00173 0
448 0 FBIS4-22173 0
448 0 LA080189-0042 0
448 0 FT931-11170 0
448 0 FR940104-0-00034 0
448 0 FT921-13882 0
448 0 LA032489-0011 0
448 0 FBIS3-3321 0
448 0 LA072689-0057 0
448 0 FT944-16365 0
448 0 LA121790-0048 0
448 0 FT944-2707 0
448 0 FT944-2702 0
448 0 FR940204-0-00047 0
448 0 FBIS4-26062 0
448 0 FBIS3-24639 0
448 0 FT931-11161 0
448 0 FBIS4-39648 0
448 0 FR940819-0-00077 0
448 0 FBIS3-2073 0
448 0 LA080689-0194 0
448 0 FR941230-0-00120 0
448 0 FR940819-0-00075 0
448 0 FBIS4-22197 0
448 0 FT932-14935 0
448 0 FT931-1224 0
448 0 FBIS4-17106 0
448 0 FBIS4-17109 0
448 0 FT923-7822 0
448 0 FBIS3-61057 0
448 0 FBIS3-61055 0
448 0 FT921-3495 0
448 0 FBIS3-24623 0
448 0 FT943-11217 0
448 0 FBIS4-68585 0
448 0 FT934-1966 0
448 0 FT931-15355 0
448 0 FT924-12996 0
448 0 FT931-11047 0
448 0 LA012589-0076 0
448 0 FT931-15740 0
448 0 FR940217-1-00130 0
448 0 FBIS4-46472 0
448 0 LA010490-0129 0
448 0 LA021689-0098 1
448 0 LA103190-0023 0
448 0 FR940513-0-00077 0
448 0 FR940513-0-00075 0
448 0 FBIS4-44913 0
448 0 FR940513-0-00073 0
448 0 FR940513-0-00074 0
448 0 FT931-15361 0
448 0 FT942-12905 0
448 0 FR940513-0-00072 0
448 0 FR940513-0-00071 0
448 0 FR940513-0-00070 0
448 0 FBIS4-39795 0
448 0 FT944-15896 0
448 0 FT944-2690 0
448 0 FBIS4-67533 0
448 0 FBIS3-2232 0
448 0 LA091490-0108 0
448 0 FT931-12385 0
448 0 FBIS4-46481 0
448 0 FBIS4-46482 0
448 0 FBIS4-46483 0
448 0 FT931-12892 0
448 0 LA040890-0146 0
448 0 FBIS4-46480 0
448 0 FR940513-0-00066 0
448 0 FR940513-0-00067 0
448 0 FBIS4-4506 0
448 0 FT921-6247 0
448 0 FR940513-0-00065 0
448 0 FR941206-1-00134 0
448 0 FBIS4-46485 0
448 0 FR940317-1-00121 0
448 0 LA020990-0120 0
448 0 FT922-2640 0
448 0 LA011589-0130 1
448 0 FT931-16636 1
448 0 FBIS4-38772 0
448 0 FT923-7727 0
448 0 LA122989-0157 0
448 0 FR940214-1-00022 0
448 0 FT933-8545 0
448 0 FT932-8465 0
448 0 LA040889-0031 0
448 0 FT942-13780 0
448 0 FBIS3-14238 0
448 0 FT943-4886 0
448 0 FT924-13213 0
448 0 FT943-8674 0
448 0 FBIS4-46668 0
448 0 LA050790-0047 0
448 0 FT944-17978 0
448 0 FBIS3-41403 0
448 0 LA021090-0135 0
448 0 FBIS4-11824 0
448 0 LA121690-0099 0
448 0 LA062189-0045 0
448 0 FBIS4-7391 0
448 0 FT943-536 0
448 0 FT942-2141 0
448 0 FBIS3-18889 0
448 0 FT941-16372 0
448 0 FBIS3-24186 0
448 0 LA060390-0169 0
448 0 FBIS4-16700 0
448 0 FT922-10034 0
448 0 FBIS4-59160 0
448 0 FT921-12138 0
448 0 FT922-10030 0
448 0 FT922-10032 0
448 0 FR941221-2-00024 0
448 0 FBIS4-68212 0
448 0 FBIS4-49776 0
448 0 FBIS4-47629 0
448 0 FT944-3634 0
448 0 FBIS4-53212 0
448 0 FBIS4-5107 0
448 0 FBIS3-42459 0
448 0 FT943-16203 0
448 0 FR940128-1-00124 0
448 0 FBIS4-46649 0
448 0 FBIS4-46501 0
448 0 FBIS4-46500 0
448 0 LA100690-0063 0
448 0 FT943-16305 0
448 0 FBIS4-63814 0
448 0 FBIS4-68893 0
448 0 FBIS3-35304 0
448 0 FBIS4-62932 0
448 0 FT942-2457 0
448 0 FT944-2991 0
448 0 FT922-8803 0
448 0 FT944-12648 0
448 0 FT931-16470 0
448 0 FBIS4-13393 0
448 0 FBIS4-13392 0
448 0 FBIS4-66382 0
448 0 FBIS4-42 0
448 0 FT924-9099 0
448 0 FBIS4-20504 0
448 0 FR940208-2-00055 0
448 0 LA100190-0043 0
448 0 FR940906-2-00102 0
448 0 FT944-18508 1
448 0 FT931-16734 0
448 0 FBIS4-54035 0
448 0 LA030890-0031 0
448 0 FBIS3-27103 0
448 0 FR941007-0-00098 0
448 0 FT943-4017 0
448 0 LA042089-0043 0
448 0 FBIS3-34255 0
448 0 FBIS4-15452 0
448 0 FT944-5248 0
448 0 FBIS4-46622 0
448 0 FBIS4-19 0
448 0 FT944-18875 0
448 0 FT944-15143 0
448 0 FT931-16591 0
448 0 LA012690-0108 1
448 0 FT932-11480 0
448 0 FT942-8932 0
448 0 FBIS3-14598 0
448 0 FT931-16590 0
448 0 LA012190-0050 0
448 0 LA120789-0097 0
448 0 LA102689-0185 0
448 0 FR940926-0-00080 0
448 0 FT944-10999 0
448 0 FBIS3-46799 0
448 0 FBIS4-29 0
448 0 LA010289-0020 0
448 0 FT931-16810 0
448 0 LA041589-0050 1
448 0 FT943-8181 0
448 0 FT942-2178 0
448 0 FBIS4-52744 0
448 0 FBIS4-50882 0
448 0 FBIS3-42400 0
448 0 FBIS4-27268 0
448 0 FBIS4-68435 0
448 0 FT944-4650 0
448 0 LA052490-0112 0
448 0 FT943-1964 0
448 0 FT942-2029 0
448 0 FT944-18938 1
448 0 FBIS4-68747 0
448 0 FBIS4-52042 0
448 0 FBIS4-52043 0
448 0 LA092089-0033 0
448 0 FBIS4-52754 0
448 0 FT944-4649 0
448 0 FT921-5989 0
448 0 LA071389-0001 0
448 0 FT931-15827 0
448 0 FT921-4195 0
448 0 LA032290-0215 0
448 0 FBIS3-14431 0
448 0 FT931-16443 1
448 0 FT944-18499 1
448 0 FT922-14951 0
448 0 FBIS3-23995 0
448 0 FBIS4-52039 0
