447 0 FT933-1581 0
447 0 FR941230-0-00119 0
447 0 FT931-16094 0
447 0 LA123189-0056 0
447 0 FR940921-0-00048 0
447 0 FBIS3-3705 0
447 0 FR940628-2-00106 0
447 0 FR940617-2-00029 0
447 0 FBIS3-13310 0
447 0 FR940224-2-00034 0
447 0 FR940505-1-00172 0
447 0 FBIS3-21233 0
447 0 FR940728-2-00059 0
447 0 FT911-4318 0
447 0 FBIS3-3320 0
447 0 FBIS4-47565 0
447 0 FBIS4-44888 0
447 0 LA110990-0020 0
447 0 FR940921-0-00038 0
447 0 FR940505-1-00480 0
447 0 FT944-2908 0
447 0 FBIS4-66185 0
447 0 LA031290-0072 0
447 0 FR940318-0-00208 1
447 0 FT922-15406 0
447 0 FT943-6035 0
447 0 FR941230-0-00123 0
447 0 FBIS4-22181 0
447 0 FR941230-0-00120 0
447 0 FR940505-1-00457 0
447 0 FT922-5089 0
447 0 LA011790-0089 0
447 0 FT941-9750 0
447 0 FT944-2711 0
447 0 FT941-1241 0
447 0 FBIS4-44896 0
447 0 FT941-11137 0
447 0 LA032890-0073 0
447 0 FT922-12201 0
447 0 FT924-15559 0
447 0 FR940720-0-00099 0
447 0 FT941-6355 0
447 0 FT941-7371 0
447 0 FT931-15972 0
447 0 FT934-10610 0
447 0 FBIS3-21240 0
447 0 LA111590-0112 0
447 0 FT941-10288 0
447 0 FT933-6707 0
447 0 FBIS3-19534 0
447 0 FBIS3-10329 0
447 0 FT942-12664 0
447 0 FBIS4-45945 0
447 0 FT924-9521 0
447 0 FT922-7076 0
447 0 FR940303-2-00186 0
447 0 FR940303-2-00187 0
447 0 FT932-2747 0
447 0 FT941-2958 0
447 0 FT932-2745 0
447 0 FR941205-2-00118 0
447 0 FT921-3132 0
447 0 FT921-15905 0
447 0 LA071389-0169 0
447 0 FBIS3-24505 1
447 0 FR941202-2-00139 0
447 0 FBIS4-44916 0
447 0 FR940627-0-00138 0
447 0 FBIS4-44913 0
447 0 LA081490-0109 0
447 0 LA020689-0060 0
447 0 FBIS4-67533 0
447 0 FT934-172 0
447 0 FR940630-1-00038 0
447 0 LA032089-0012 0
447 0 FBIS3-15060 0
447 0 FBIS3-42399 0
447 0 LA123189-0082 0
447 0 LA081789-0046 0
447 0 LA123189-0104 0
447 0 FBIS3-29881 0
447 0 FBIS3-40450 1
447 0 FT932-3815 0
447 0 FT942-3066 0
447 0 FT941-14135 0
447 0 FT942-3065 0
447 0 FT921-2416 0
447 0 LA092289-0054 0
447 0 FT944-17149 0
447 0 LA123190-0047 0
447 0 LA011390-0117 0
447 0 FBIS3-21018 0
447 0 FR940921-0-00067 0
447 0 FBIS3-1768 0
447 0 LA010490-0005 0
447 0 LA010490-0004 0
447 0 LA010490-0006 0
447 0 FT933-41 0
447 0 LA010489-0140 0
447 0 LA070690-0140 0
447 0 FR941125-2-00074 0
447 0 FR940323-2-00064 0
447 0 FT944-2959 0
447 0 FT934-12273 0
447 0 FT942-2612 0
447 0 FR940516-0-00005 0
447 0 FT942-9689 0
447 0 LA042389-0216 0
447 0 FT941-14150 0
447 0 FR940617-0-00224 0
447 0 LA041289-0035 0
447 0 FBIS4-46469 0
447 0 FBIS3-18377 0
447 0 FR940325-0-00032 0
447 0 FT921-11566 0
447 0 FR940304-1-00178 0
447 0 FR940617-0-00100 0
447 0 LA092189-0219 0
447 0 FT922-9138 0
447 0 FT923-9701 1
447 0 FR940505-1-00104 0
447 0 FBIS4-21491 0
447 0 FR940516-1-00095 0
447 0 FT932-16744 0
447 0 FR940516-1-00096 0
447 0 FR940318-0-00149 1
447 0 FR940516-1-00093 0
447 0 FR940318-0-00146 1
447 0 FR940516-1-00094 0
447 0 LA100189-0128 0
447 0 FR940318-0-00147 1
447 0 LA092590-0178 0
447 0 LA021689-0063 0
447 0 FBIS4-68219 0
447 0 FT921-13537 0
447 0 FR940325-0-00042 0
447 0 FBIS3-21356 0
447 0 FR940617-0-00115 0
447 0 FR941219-2-00042 0
447 0 FBIS3-42459 0
447 0 FBIS4-68220 0
447 0 LA010389-0106 0
447 0 LA010490-0001 0
447 0 FBIS3-21198 1
447 0 FBIS4-22629 0
447 0 LA010490-0003 0
447 0 FT922-578 0
447 0 FR941117-0-00018 0
447 0 LA010490-0002 0
447 0 FR940516-1-00086 0
447 0 FR940318-0-00155 1
447 0 FBIS3-21491 0
447 0 FR940318-0-00156 1
447 0 FBIS4-46649 0
447 0 FR940318-0-00157 1
447 0 FR940318-0-00151 1
447 0 FR940318-0-00152 1
447 0 FR940318-0-00153 1
447 0 FT921-4905 0
447 0 FT944-2270 0
447 0 FR940318-0-00154 1
447 0 FR940516-1-00089 0
447 0 FBIS4-68893 0
447 0 FT922-13529 0
447 0 LA051389-0049 0
447 0 FT934-3008 0
447 0 LA010189-0092 0
447 0 FT922-14092 0
447 0 FT924-2795 0
447 0 LA111690-0071 0
447 0 FBIS4-38 0
447 0 FR940505-1-00127 0
447 0 FT924-2883 0
447 0 FR940318-0-00167 0
447 0 LA123190-0079 0
447 0 FT922-13330 0
447 0 FT922-1973 0
447 0 FR940930-0-00153 0
447 0 LA012489-0022 0
447 0 FT923-4774 0
447 0 FBIS4-22642 0
447 0 FR940921-0-00090 0
447 0 FR940119-2-00028 0
447 0 FT942-3138 0
447 0 FR940916-1-00030 0
447 0 FT932-16711 0
447 0 FR940527-1-00162 0
447 0 FT931-8774 0
447 0 FBIS3-2919 0
447 0 FR940617-0-00141 0
447 0 FBIS4-9552 0
447 0 FBIS4-19565 0
447 0 FBIS3-20462 0
447 0 FR940720-0-00120 0
447 0 FR940105-2-00076 0
447 0 FT924-2825 0
447 0 LA081389-0102 0
447 0 LA060990-0066 0
447 0 FBIS3-59722 0
447 0 FT933-7856 0
447 0 FR940516-1-00104 0
447 0 FR940516-1-00103 0
447 0 FR940516-1-00106 0
447 0 FR940921-2-00025 0
447 0 LA010289-0021 0
447 0 FT923-6176 0
447 0 FT943-11592 0
447 0 FT933-4886 0
447 0 FT933-4887 0
447 0 FBIS3-22416 0
447 0 FR940617-0-00154 0
447 0 FR940527-2-00135 0
447 0 FBIS3-488 0
447 0 FR940505-1-00233 0
447 0 FBIS3-18113 0
447 0 FR940505-1-00234 0
447 0 FR941130-0-00122 0
447 0 FR940505-1-00237 0
447 0 FR940505-1-00238 0
447 0 LA072490-0150 0
447 0 FR940505-1-00236 0
447 0 FT922-334 0
447 0 FT923-13315 0
447 0 FBIS3-21165 0
447 0 FR940720-0-00103 0
447 0 FR940720-0-00102 0
447 0 FR940302-2-00042 0
447 0 FR941121-0-00115 0
447 0 FR940617-0-00121 0
447 0 FT931-8871 0
447 0 FR940720-0-00109 0
447 0 FT931-851 0
447 0 FR940505-1-00224 0
447 0 FR940617-0-00119 0
447 0 FR940505-1-00225 1
447 0 FR940406-1-00036 0
447 0 FR940617-0-00117 0
447 0 LA122990-0083 0
447 0 FT932-4915 0
447 0 FR940223-0-00054 0
447 0 FBIS3-59850 0
447 0 FR940930-0-00180 0
447 0 FR940617-0-00134 0
447 0 FT923-1489 0
447 0 FBIS3-59713 0
447 0 FBIS4-20337 0
447 0 LA030890-0177 0
447 0 LA081690-0159 0
447 0 FBIS4-67877 0
447 0 FR940406-1-00043 0
