426 0 FBIS3-3124 0
426 0 LA022390-0161 1
426 0 FBIS3-23 0
426 0 FBIS3-29 0
426 0 FBIS3-27 0
426 0 FBIS4-26546 0
426 0 FR940831-0-00059 0
426 0 FR941117-2-00158 0
426 0 LA061289-0077 1
426 0 FR940811-2-00043 0
426 0 FR941110-1-00054 0
426 0 LA090190-0139 1
426 0 FBIS4-38895 1
426 0 LA011190-0201 1
426 0 LA072989-0111 1
426 0 FBIS4-1628 0
426 0 LA051390-0121 1
426 0 FT934-13625 0
426 0 FR940112-1-00044 0
426 0 LA070390-0036 1
426 0 LA101189-0048 0
426 0 LA042990-0190 0
426 0 LA011489-0123 0
426 0 LA061490-0219 0
426 0 FR941006-0-00045 0
426 0 FBIS3-46142 0
426 0 FR940104-0-00034 0
426 0 FBIS4-49289 0
426 0 FR940811-2-00052 0
426 0 LA012890-0081 0
426 0 LA051789-0077 1
426 0 LA070389-0049 0
426 0 FBIS3-12343 0
426 0 LA061189-0051 0
426 0 LA110890-0149 0
426 0 FT941-4363 0
426 0 LA042490-0008 1
426 0 LA041190-0077 0
426 0 FR940426-1-00003 0
426 0 FR940713-0-00026 0
426 0 FR940727-0-00008 0
426 0 LA011089-0005 1
426 0 LA082790-0084 0
426 0 LA010189-0182 0
426 0 LA050289-0065 0
426 0 FR940713-0-00029 0
426 0 FR941219-2-00180 0
426 0 LA072890-0054 0
426 0 FR940628-2-00127 0
426 0 LA022290-0034 0
426 0 LA070389-0052 0
426 0 FBIS4-5988 0
426 0 LA072889-0036 0
426 0 FR940503-1-00054 0
426 0 LA030390-0076 1
426 0 LA082789-0196 1
426 0 LA081090-0081 1
426 0 FR940916-1-00158 0
426 0 FR940721-0-00049 0
426 0 FBIS3-58 0
426 0 FBIS4-2105 0
426 0 FR941102-0-00058 0
426 0 LA081689-0061 0
426 0 LA101890-0140 0
426 0 FR940902-1-00048 0
426 0 FR940607-2-00033 0
426 0 FR940916-1-00160 0
426 0 LA070389-0068 1
426 0 LA022689-0068 0
426 0 LA061589-0177 0
426 0 FR941007-0-00015 0
426 0 FBIS4-66978 1
426 0 FR941007-0-00014 0
426 0 FR940725-2-00141 0
426 0 FR941026-0-00037 0
426 0 LA041490-0057 1
426 0 FBIS3-40468 0
426 0 FR941122-0-00062 0
426 0 FBIS4-1863 0
426 0 FBIS3-67 0
426 0 FR940523-2-00079 0
426 0 FBIS3-207 0
426 0 FR940214-0-00098 0
426 0 FBIS3-20801 0
426 0 FR941122-0-00065 0
426 0 LA071289-0014 0
426 0 FR940805-1-00076 0
426 0 LA062390-0121 0
426 0 FR940214-0-00099 0
426 0 FT942-5898 0
426 0 FBIS4-39067 0
426 0 FT942-17525 0
426 0 FR940214-0-00093 0
426 0 FBIS3-72 0
426 0 FR940214-0-00094 0
426 0 LA051990-0141 0
426 0 FR940404-0-00043 0
426 0 FR940527-0-00011 0
426 0 LA113089-0146 1
426 0 LA041089-0080 0
426 0 LA120189-0136 0
426 0 FBIS3-74 0
426 0 LA021090-0068 0
426 0 LA051289-0019 0
426 0 LA100390-0156 0
426 0 FR940303-1-00020 0
426 0 LA092090-0167 0
426 0 FT944-6565 0
426 0 FBIS3-26006 0
426 0 LA030190-0149 0
426 0 FR940324-0-00006 0
426 0 FR941019-2-00116 0
426 0 FR940207-2-00083 0
426 0 LA111889-0138 0
426 0 FBIS4-1772 0
426 0 LA030389-0143 1
426 0 FBIS3-20796 0
426 0 LA061190-0093 1
426 0 FR940916-1-00136 0
426 0 LA011390-0008 0
426 0 LA031189-0002 1
426 0 FR940523-2-00081 0
426 0 FR941019-1-00041 0
426 0 FR941206-1-00134 0
426 0 FT943-11002 0
426 0 FBIS4-21338 0
426 0 FT932-10237 0
426 0 LA042190-0066 1
426 0 FBIS4-10295 0
426 0 FR940602-1-00023 0
426 0 FBIS4-50806 0
426 0 FR940722-2-00129 0
426 0 FBIS3-59264 0
426 0 FR941122-0-00087 0
426 0 FR940916-0-00054 0
426 0 FR940216-1-00029 0
426 0 LA030389-0012 0
426 0 FR940223-1-00013 0
426 0 FR941206-1-00140 0
426 0 FBIS3-35043 0
426 0 FR940817-0-00048 0
426 0 FBIS4-49075 0
426 0 LA082789-0056 1
426 0 FR940127-1-00061 0
426 0 LA031390-0024 0
426 0 FBIS3-39526 0
426 0 LA100690-0040 1
426 0 LA092790-0013 1
426 0 FBIS3-26146 0
426 0 FR940314-0-00003 0
426 0 FR940916-1-00117 0
426 0 FR940817-0-00049 0
426 0 FR940314-0-00002 0
426 0 LA012990-0011 0
426 0 LA052289-0086 1
426 0 FR940817-0-00056 0
426 0 LA010190-0081 0
426 0 LA112589-0119 1
426 0 LA050990-0092 1
426 0 FBIS4-49219 0
426 0 LA101489-0099 0
426 0 LA031189-0043 1
426 0 FBIS4-44401 0
426 0 FR941107-0-00034 0
426 0 LA122290-0003 0
426 0 LA040190-0135 0
426 0 FT932-11632 0
426 0 LA102390-0072 0
426 0 FR940228-0-00046 0
426 0 FR940105-0-00050 0
426 0 FT923-7682 0
426 0 LA031490-0004 1
426 0 FR940106-0-00164 0
426 0 FR940525-2-00215 0
426 0 LA020789-0135 1
426 0 FBIS3-37797 0
426 0 LA061090-0083 0
426 0 LA083089-0017 0
426 0 FT934-9422 0
426 0 FBIS3-4316 0
426 0 LA102290-0082 0
426 0 LA081990-0090 0
426 0 LA010589-0034 1
426 0 FBIS4-46649 0
426 0 LA062789-0073 0
426 0 LA042089-0067 0
426 0 FT934-7108 0
426 0 FR940803-1-00049 0
426 0 FR941107-0-00017 0
426 0 FR941107-0-00018 0
426 0 FT943-16336 0
426 0 LA120990-0137 0
426 0 FT931-16885 1
426 0 FBIS3-26914 0
426 0 FBIS3-58702 0
426 0 LA050690-0032 0
426 0 LA022289-0117 1
426 0 LA091690-0206 0
426 0 LA103090-0072 0
426 0 LA052889-0049 0
426 0 LA041389-0179 0
426 0 LA100189-0103 1
426 0 FBIS4-68471 0
426 0 FT941-12466 0
426 0 FR940203-0-00050 0
426 0 LA012590-0094 0
426 0 LA072289-0127 1
426 0 LA020590-0050 0
426 0 LA011889-0022 0
426 0 FR940511-0-00048 0
426 0 LA052990-0023 1
426 0 FBIS3-45676 0
426 0 LA012689-0022 0
426 0 FR940513-2-00021 0
426 0 LA040489-0066 0
426 0 FBIS4-22235 1
426 0 FR940413-0-00050 0
426 0 FBIS4-20472 0
426 0 LA012789-0145 1
426 0 LA042490-0076 1
426 0 FBIS4-1667 0
426 0 FR940927-2-00107 0
426 0 FBIS3-48624 0
426 0 LA010190-0038 0
426 0 FBIS3-33218 0
426 0 FBIS3-41073 1
426 0 FBIS3-41362 0
426 0 LA012590-0021 0
426 0 FR941104-2-00086 0
426 0 FR940721-0-00050 0
426 0 FR940804-0-00125 0
426 0 LA072889-0063 1
426 0 FR940114-1-00044 0
426 0 FR940114-1-00045 0
426 0 FR940114-1-00042 0
426 0 FR940114-1-00043 0
426 0 LA071190-0050 0
426 0 LA032489-0075 1
426 0 FR940114-1-00049 0
426 0 FR940114-1-00046 0
426 0 FR940114-1-00047 0
426 0 FT944-5308 0
426 0 FBIS3-41666 0
426 0 FR940512-0-00014 0
426 0 FBIS3-46420 0
426 0 LA112189-0099 0
426 0 LA011689-0058 0
426 0 LA061889-0132 0
426 0 FT941-11212 0
426 0 LA010189-0032 0
426 0 FBIS3-21983 0
426 0 LA101289-0077 0
426 0 FR941027-1-00012 0
426 0 LA052890-0098 1
426 0 FR940711-0-00022 0
426 0 LA070289-0082 0
426 0 LA011889-0086 0
426 0 LA091490-0077 0
426 0 LA042890-0129 0
426 0 LA060190-0148 0
426 0 LA092090-0201 0
426 0 LA051489-0009 0
426 0 FR940414-1-00023 0
426 0 LA011189-0135 1
426 0 FR941130-0-00122 0
426 0 FR940324-2-00020 0
426 0 LA041590-0032 0
426 0 LA121790-0084 1
426 0 FR940414-1-00026 0
426 0 FBIS4-2039 0
426 0 FBIS4-68545 0
426 0 FT934-14047 0
426 0 FBIS4-40301 0
426 0 FBIS3-60342 0
426 0 LA111689-0219 0
426 0 FBIS4-50083 0
426 0 LA042089-0133 0
426 0 FBIS3-14 0
426 0 FBIS4-49713 0
426 0 LA011089-0138 1
426 0 LA072190-0047 0
426 0 LA072190-0041 0
426 0 LA021490-0014 1
426 0 FBIS3-41359 0
426 0 FBIS3-60545 0
426 0 LA030989-0132 0
426 0 LA111790-0007 0
426 0 FR941207-0-00029 0
426 0 FBIS3-25902 0
426 0 FT944-890 0
426 0 FR940622-0-00007 0
426 0 FT923-15707 0
426 0 FBIS3-25901 0
