415 0 FBIS3-10132 0
415 0 FBIS3-10243 0
415 0 FBIS3-10397 0
415 0 FBIS3-10398 0
415 0 FBIS3-10767 0
415 0 FBIS3-10927 0
415 0 FBIS3-11191 0
415 0 FBIS3-11553 0
415 0 FBIS3-1190 0
415 0 FBIS3-127 0
415 0 FBIS3-13304 0
415 0 FBIS3-14159 0
415 0 FBIS3-17626 0
415 0 FBIS3-19211 0
415 0 FBIS3-2077 0
415 0 FBIS3-21631 0
415 0 FBIS3-21632 0
415 0 FBIS3-21667 0
415 0 FBIS3-21668 0
415 0 FBIS3-21671 0
415 0 FBIS3-21672 0
415 0 FBIS3-21673 0
415 0 FBIS3-21674 0
415 0 FBIS3-21679 0
415 0 FBIS3-21717 0
415 0 FBIS3-21722 0
415 0 FBIS3-21723 0
415 0 FBIS3-21740 0
415 0 FBIS3-21752 1
415 0 FBIS3-21753 0
415 0 FBIS3-21756 0
415 0 FBIS3-21760 0
415 0 FBIS3-21771 0
415 0 FBIS3-21775 0
415 0 FBIS3-21787 0
415 0 FBIS3-21836 0
415 0 FBIS3-21843 0
415 0 FBIS3-21846 0
415 0 FBIS3-21847 0
415 0 FBIS3-21850 0
415 0 FBIS3-21857 0
415 0 FBIS3-21873 0
415 0 FBIS3-21892 0
415 0 FBIS3-21941 1
415 0 FBIS3-21942 1
415 0 FBIS3-21949 1
415 0 FBIS3-21967 0
415 0 FBIS3-21968 0
415 0 FBIS3-21979 0
415 0 FBIS3-21998 0
415 0 FBIS3-22049 0
415 0 FBIS3-22058 0
415 0 FBIS3-22062 0
415 0 FBIS3-22069 0
415 0 FBIS3-22492 0
415 0 FBIS3-22547 0
415 0 FBIS3-23561 0
415 0 FBIS3-24145 0
415 0 FBIS3-24618 0
415 0 FBIS3-24653 0
415 0 FBIS3-24678 0
415 0 FBIS3-26006 0
415 0 FBIS3-26239 0
415 0 FBIS3-2645 0
415 0 FBIS3-26597 1
415 0 FBIS3-26914 0
415 0 FBIS3-27450 0
415 0 FBIS3-27789 0
415 0 FBIS3-28055 0
415 0 FBIS3-28056 0
415 0 FBIS3-28158 0
415 0 FBIS3-28513 0
415 0 FBIS3-28534 0
415 0 FBIS3-28746 0
415 0 FBIS3-28985 0
415 0 FBIS3-29 0
415 0 FBIS3-29194 0
415 0 FBIS3-29475 0
415 0 FBIS3-29969 0
415 0 FBIS3-30026 0
415 0 FBIS3-31052 0
415 0 FBIS3-32298 0
415 0 FBIS3-32403 0
415 0 FBIS3-32620 0
415 0 FBIS3-32674 0
415 0 FBIS3-32745 0
415 0 FBIS3-32965 0
415 0 FBIS3-33532 0
415 0 FBIS3-33963 0
415 0 FBIS3-35431 0
415 0 FBIS3-3579 0
415 0 FBIS3-3617 0
415 0 FBIS3-36381 0
415 0 FBIS3-37947 0
415 0 FBIS3-39407 0
415 0 FBIS3-40450 0
415 0 FBIS3-40497 0
415 0 FBIS3-40607 0
415 0 FBIS3-41075 0
415 0 FBIS3-41092 0
415 0 FBIS3-41100 0
415 0 FBIS3-41103 1
415 0 FBIS3-41106 0
415 0 FBIS3-41107 1
415 0 FBIS3-41110 1
415 0 FBIS3-41114 0
415 0 FBIS3-41115 0
415 0 FBIS3-41135 0
415 0 FBIS3-41137 0
415 0 FBIS3-41159 0
415 0 FBIS3-41162 0
415 0 FBIS3-41164 0
415 0 FBIS3-41165 0
415 0 FBIS3-41166 0
415 0 FBIS3-41169 1
415 0 FBIS3-41183 0
415 0 FBIS3-41186 0
415 0 FBIS3-41190 0
415 0 FBIS3-41202 0
415 0 FBIS3-41213 0
415 0 FBIS3-41214 0
415 0 FBIS3-41215 0
415 0 FBIS3-41230 0
415 0 FBIS3-41235 0
415 0 FBIS3-41236 0
415 0 FBIS3-41237 0
415 0 FBIS3-41239 0
415 0 FBIS3-41240 0
415 0 FBIS3-41246 1
415 0 FBIS3-41248 0
415 0 FBIS3-41249 1
415 0 FBIS3-41252 0
415 0 FBIS3-41274 0
415 0 FBIS3-41291 0
415 0 FBIS3-41297 0
415 0 FBIS3-41298 0
415 0 FBIS3-41310 0
415 0 FBIS3-41311 0
415 0 FBIS3-41313 0
415 0 FBIS3-41319 0
415 0 FBIS3-41330 0
415 0 FBIS3-41331 0
415 0 FBIS3-41333 0
415 0 FBIS3-41339 0
415 0 FBIS3-41349 0
415 0 FBIS3-41350 0
415 0 FBIS3-41356 0
415 0 FBIS3-41406 0
415 0 FBIS3-41410 0
415 0 FBIS3-41476 0
415 0 FBIS3-42399 0
415 0 FBIS3-42459 0
415 0 FBIS3-42820 0
415 0 FBIS3-43120 0
415 0 FBIS3-43132 0
415 0 FBIS3-43160 0
415 0 FBIS3-43161 0
415 0 FBIS3-43166 0
415 0 FBIS3-43174 0
415 0 FBIS3-43186 0
415 0 FBIS3-43214 0
415 0 FBIS3-43215 0
415 0 FBIS3-43220 0
415 0 FBIS3-43602 0
415 0 FBIS3-4539 0
415 0 FBIS3-45939 0
415 0 FBIS3-45940 0
415 0 FBIS3-46142 0
415 0 FBIS3-46172 1
415 0 FBIS3-46183 0
415 0 FBIS3-46487 0
415 0 FBIS3-46908 0
415 0 FBIS3-47097 0
415 0 FBIS3-47309 0
415 0 FBIS3-47491 0
415 0 FBIS3-47499 0
415 0 FBIS3-48058 0
415 0 FBIS3-48063 0
415 0 FBIS3-48064 0
415 0 FBIS3-48149 1
415 0 FBIS3-48150 1
415 0 FBIS3-48228 0
415 0 FBIS3-48522 0
415 0 FBIS3-48526 1
415 0 FBIS3-48590 1
415 0 FBIS3-48646 0
415 0 FBIS3-48739 0
415 0 FBIS3-48904 0
415 0 FBIS3-5008 0
415 0 FBIS3-50487 0
415 0 FBIS3-50510 0
415 0 FBIS3-50695 0
415 0 FBIS3-51063 0
415 0 FBIS3-51068 0
415 0 FBIS3-51236 0
415 0 FBIS3-51276 0
415 0 FBIS3-51333 0
415 0 FBIS3-51336 0
415 0 FBIS3-51345 0
415 0 FBIS3-51349 0
415 0 FBIS3-51466 0
415 0 FBIS3-51521 0
415 0 FBIS3-51564 0
415 0 FBIS3-51567 0
415 0 FBIS3-51666 0
415 0 FBIS3-51695 0
415 0 FBIS3-51706 0
415 0 FBIS3-51824 0
415 0 FBIS3-51874 0
415 0 FBIS3-51881 0
415 0 FBIS3-51949 0
415 0 FBIS3-5265 0
415 0 FBIS3-53784 0
415 0 FBIS3-54036 0
415 0 FBIS3-5522 0
415 0 FBIS3-5642 0
415 0 FBIS3-5673 0
415 0 FBIS3-56744 0
415 0 FBIS3-5727 0
415 0 FBIS3-5728 0
415 0 FBIS3-57998 0
415 0 FBIS3-58 0
415 0 FBIS3-58883 0
415 0 FBIS3-59325 0
415 0 FBIS3-59753 0
415 0 FBIS3-5980 0
415 0 FBIS3-59879 0
415 0 FBIS3-59966 0
415 0 FBIS3-59971 0
415 0 FBIS3-59974 0
415 0 FBIS3-59978 0
415 0 FBIS3-59979 0
415 0 FBIS3-59981 1
415 0 FBIS3-59986 0
415 0 FBIS3-59992 0
415 0 FBIS3-60001 0
415 0 FBIS3-60007 0
415 0 FBIS3-60008 0
415 0 FBIS3-60024 0
415 0 FBIS3-60029 0
415 0 FBIS3-60049 0
415 0 FBIS3-60055 0
415 0 FBIS3-60059 0
415 0 FBIS3-60071 0
415 0 FBIS3-60078 0
415 0 FBIS3-60079 1
415 0 FBIS3-60085 0
415 0 FBIS3-60086 0
415 0 FBIS3-60090 0
415 0 FBIS3-60103 0
415 0 FBIS3-60113 0
415 0 FBIS3-60116 0
415 0 FBIS3-60117 0
415 0 FBIS3-60152 0
415 0 FBIS3-60159 0
415 0 FBIS3-60171 0
415 0 FBIS3-60175 0
415 0 FBIS3-60182 0
415 0 FBIS3-60184 1
415 0 FBIS3-60185 1
415 0 FBIS3-60188 0
415 0 FBIS3-60214 0
415 0 FBIS3-60218 0
415 0 FBIS3-60336 0
415 0 FBIS3-61574 0
415 0 FBIS3-6434 1
415 0 FBIS3-67 0
415 0 FBIS3-7159 0
415 0 FBIS3-9903 0
415 0 FBIS3-9969 0
415 0 FBIS3-9970 0
415 0 FBIS4-10023 0
415 0 FBIS4-10576 0
415 0 FBIS4-10594 0
415 0 FBIS4-10630 0
415 0 FBIS4-10748 0
415 0 FBIS4-11291 0
415 0 FBIS4-11837 0
415 0 FBIS4-12301 0
415 0 FBIS4-12999 0
415 0 FBIS4-1549 0
415 0 FBIS4-17572 0
415 0 FBIS4-1763 0
415 0 FBIS4-1795 0
415 0 FBIS4-18252 0
415 0 FBIS4-1843 0
415 0 FBIS4-19 0
415 0 FBIS4-19980 0
415 0 FBIS4-20016 0
415 0 FBIS4-2035 0
415 0 FBIS4-20392 0
415 0 FBIS4-20408 0
415 0 FBIS4-2047 0
415 0 FBIS4-20504 0
415 0 FBIS4-20599 0
415 0 FBIS4-2072 0
415 0 FBIS4-20741 0
415 0 FBIS4-20976 0
415 0 FBIS4-20979 0
415 0 FBIS4-20990 0
415 0 FBIS4-20991 0
415 0 FBIS4-20998 0
415 0 FBIS4-21016 0
415 0 FBIS4-21023 0
415 0 FBIS4-21038 0
415 0 FBIS4-21078 0
415 0 FBIS4-21094 0
415 0 FBIS4-21099 0
415 0 FBIS4-21112 0
415 0 FBIS4-21154 0
415 0 FBIS4-21163 0
415 0 FBIS4-21198 0
415 0 FBIS4-21201 0
415 0 FBIS4-21207 0
415 0 FBIS4-21217 0
415 0 FBIS4-21266 0
415 0 FBIS4-21279 0
415 0 FBIS4-21304 0
415 0 FBIS4-21305 0
415 0 FBIS4-22277 0
415 0 FBIS4-22377 0
415 0 FBIS4-23084 0
415 0 FBIS4-24105 0
415 0 FBIS4-2427 0
415 0 FBIS4-2441 0
415 0 FBIS4-24834 0
415 0 FBIS4-24951 0
415 0 FBIS4-25491 0
415 0 FBIS4-26355 0
415 0 FBIS4-26427 0
415 0 FBIS4-26724 0
415 0 FBIS4-26784 0
415 0 FBIS4-26788 0
415 0 FBIS4-27100 1
415 0 FBIS4-27399 0
415 0 FBIS4-27445 0
415 0 FBIS4-27657 0
415 0 FBIS4-27694 0
415 0 FBIS4-27974 1
415 0 FBIS4-28038 1
415 0 FBIS4-28068 1
415 0 FBIS4-28073 1
415 0 FBIS4-28376 1
415 0 FBIS4-28381 0
415 0 FBIS4-28569 1
415 0 FBIS4-28571 1
415 0 FBIS4-28580 1
415 0 FBIS4-28581 1
415 0 FBIS4-28726 1
415 0 FBIS4-28746 0
415 0 FBIS4-28779 0
415 0 FBIS4-29 0
415 0 FBIS4-29300 0
415 0 FBIS4-2931 0
415 0 FBIS4-29441 0
415 0 FBIS4-29674 0
415 0 FBIS4-29724 0
415 0 FBIS4-29995 0
415 0 FBIS4-3002 0
415 0 FBIS4-30277 0
415 0 FBIS4-30282 0
415 0 FBIS4-30283 0
415 0 FBIS4-30386 0
415 0 FBIS4-30455 1
415 0 FBIS4-30456 1
415 0 FBIS4-30497 0
415 0 FBIS4-30504 1
415 0 FBIS4-30644 0
415 0 FBIS4-30718 0
415 0 FBIS4-31787 0
415 0 FBIS4-3232 0
415 0 FBIS4-32829 0
415 0 FBIS4-33857 0
415 0 FBIS4-34707 0
415 0 FBIS4-35070 0
415 0 FBIS4-35760 0
415 0 FBIS4-36530 0
415 0 FBIS4-36956 0
415 0 FBIS4-38622 0
415 0 FBIS4-3920 0
415 0 FBIS4-3965 0
415 0 FBIS4-3997 0
415 0 FBIS4-41483 0
415 0 FBIS4-43773 0
415 0 FBIS4-44251 0
415 0 FBIS4-4449 0
415 0 FBIS4-44497 0
415 0 FBIS4-44913 0
415 0 FBIS4-44947 0
415 0 FBIS4-45041 0
415 0 FBIS4-45163 0
415 0 FBIS4-45176 0
415 0 FBIS4-45205 0
415 0 FBIS4-45211 1
415 0 FBIS4-45212 1
415 0 FBIS4-45215 1
415 0 FBIS4-45222 0
415 0 FBIS4-45230 0
415 0 FBIS4-45239 0
415 0 FBIS4-45246 0
415 0 FBIS4-45276 0
415 0 FBIS4-45296 0
415 0 FBIS4-45298 0
415 0 FBIS4-45299 1
415 0 FBIS4-45300 1
415 0 FBIS4-45301 1
415 0 FBIS4-45303 0
415 0 FBIS4-45308 1
415 0 FBIS4-45310 1
415 0 FBIS4-45311 0
415 0 FBIS4-45312 0
415 0 FBIS4-45325 0
415 0 FBIS4-45337 0
415 0 FBIS4-45360 0
415 0 FBIS4-45370 1
415 0 FBIS4-45371 1
415 0 FBIS4-45372 1
415 0 FBIS4-45375 1
415 0 FBIS4-45377 1
415 0 FBIS4-45380 0
415 0 FBIS4-45390 0
415 0 FBIS4-45414 0
415 0 FBIS4-45447 0
415 0 FBIS4-45455 1
415 0 FBIS4-45456 1
415 0 FBIS4-45481 0
415 0 FBIS4-45492 0
415 0 FBIS4-45495 0
415 0 FBIS4-45503 0
415 0 FBIS4-45556 0
415 0 FBIS4-45565 0
415 0 FBIS4-45568 0
415 0 FBIS4-45569 1
415 0 FBIS4-45572 1
415 0 FBIS4-45574 0
415 0 FBIS4-45575 1
415 0 FBIS4-45578 0
415 0 FBIS4-45583 0
415 0 FBIS4-45595 0
415 0 FBIS4-46469 0
415 0 FBIS4-46498 0
415 0 FBIS4-46615 0
415 0 FBIS4-4709 0
415 0 FBIS4-47496 0
415 0 FBIS4-47610 0
415 0 FBIS4-47629 0
415 0 FBIS4-47767 0
415 0 FBIS4-48086 0
415 0 FBIS4-4832 0
415 0 FBIS4-49776 0
415 0 FBIS4-5021 0
415 0 FBIS4-50268 0
415 0 FBIS4-5036 0
415 0 FBIS4-50380 0
415 0 FBIS4-50398 0
415 0 FBIS4-50853 0
415 0 FBIS4-50956 0
415 0 FBIS4-51294 0
415 0 FBIS4-5140 0
415 0 FBIS4-51609 1
415 0 FBIS4-51610 1
415 0 FBIS4-51692 1
415 0 FBIS4-51711 1
415 0 FBIS4-51715 0
415 0 FBIS4-51752 1
415 0 FBIS4-51997 0
415 0 FBIS4-52 0
415 0 FBIS4-52039 0
415 0 FBIS4-52042 0
415 0 FBIS4-52043 0
415 0 FBIS4-52156 0
415 0 FBIS4-52158 0
415 0 FBIS4-52231 0
415 0 FBIS4-52296 0
415 0 FBIS4-52297 0
415 0 FBIS4-52326 0
415 0 FBIS4-52472 1
415 0 FBIS4-5259 0
415 0 FBIS4-52604 0
415 0 FBIS4-52641 1
415 0 FBIS4-52642 1
415 0 FBIS4-52754 0
415 0 FBIS4-52928 0
415 0 FBIS4-52937 1
415 0 FBIS4-53035 0
415 0 FBIS4-53131 1
415 0 FBIS4-53133 0
415 0 FBIS4-53424 0
415 0 FBIS4-5354 0
415 0 FBIS4-53732 0
415 0 FBIS4-53751 1
415 0 FBIS4-53776 0
415 0 FBIS4-53881 0
415 0 FBIS4-53882 1
415 0 FBIS4-53889 0
415 0 FBIS4-53899 1
415 0 FBIS4-53900 1
415 0 FBIS4-53919 0
415 0 FBIS4-54145 0
415 0 FBIS4-54151 1
415 0 FBIS4-54253 0
415 0 FBIS4-54304 0
415 0 FBIS4-5434 0
415 0 FBIS4-54384 1
415 0 FBIS4-54385 1
415 0 FBIS4-54386 1
415 0 FBIS4-56434 0
415 0 FBIS4-56751 0
415 0 FBIS4-56965 0
415 0 FBIS4-57237 0
415 0 FBIS4-57453 0
415 0 FBIS4-57854 0
415 0 FBIS4-57869 0
415 0 FBIS4-57987 0
415 0 FBIS4-58615 0
415 0 FBIS4-5958 0
415 0 FBIS4-5961 0
415 0 FBIS4-59659 0
415 0 FBIS4-61906 0
415 0 FBIS4-6315 0
415 0 FBIS4-64142 0
415 0 FBIS4-6427 1
415 0 FBIS4-64421 0
415 0 FBIS4-6454 1
415 0 FBIS4-65852 0
415 0 FBIS4-66185 0
415 0 FBIS4-66195 0
415 0 FBIS4-66231 0
415 0 FBIS4-6630 0
415 0 FBIS4-66382 0
415 0 FBIS4-66515 0
415 0 FBIS4-66962 0
415 0 FBIS4-66977 0
415 0 FBIS4-66980 1
415 0 FBIS4-66982 1
415 0 FBIS4-66984 1
415 0 FBIS4-66988 0
415 0 FBIS4-66990 0
415 0 FBIS4-66991 0
415 0 FBIS4-66993 0
415 0 FBIS4-66995 1
415 0 FBIS4-67020 0
415 0 FBIS4-67022 0
415 0 FBIS4-67027 0
415 0 FBIS4-67058 0
415 0 FBIS4-67075 0
415 0 FBIS4-67078 1
415 0 FBIS4-67079 1
415 0 FBIS4-67080 1
415 0 FBIS4-67081 1
415 0 FBIS4-67092 0
415 0 FBIS4-67097 0
415 0 FBIS4-67101 1
415 0 FBIS4-67115 0
415 0 FBIS4-67120 0
415 0 FBIS4-67149 0
415 0 FBIS4-67150 0
415 0 FBIS4-67175 0
415 0 FBIS4-67177 0
415 0 FBIS4-67186 0
415 0 FBIS4-67187 1
415 0 FBIS4-67188 1
415 0 FBIS4-67189 0
415 0 FBIS4-67203 1
415 0 FBIS4-67206 0
415 0 FBIS4-67208 0
415 0 FBIS4-67210 0
415 0 FBIS4-67249 0
415 0 FBIS4-67273 0
415 0 FBIS4-67274 0
415 0 FBIS4-67276 1
415 0 FBIS4-67278 0
415 0 FBIS4-67283 0
415 0 FBIS4-67286 0
415 0 FBIS4-67287 0
415 0 FBIS4-67292 0
415 0 FBIS4-67303 0
415 0 FBIS4-67319 0
415 0 FBIS4-67320 0
415 0 FBIS4-67336 0
415 0 FBIS4-67351 0
415 0 FBIS4-67533 0
415 0 FBIS4-67616 0
415 0 FBIS4-67877 0
415 0 FBIS4-68275 0
415 0 FBIS4-68846 0
415 0 FBIS4-68893 0
415 0 FBIS4-7008 0
415 0 FBIS4-7056 0
415 0 FBIS4-7164 0
415 0 FBIS4-7165 0
415 0 FBIS4-9688 0
415 0 FR940104-0-00036 0
415 0 FR940104-1-00050 0
415 0 FR940110-2-00062 0
415 0 FR940110-2-00064 0
415 0 FR940111-0-00047 0
415 0 FR940111-2-00063 0
415 0 FR940111-2-00065 0
415 0 FR940112-1-00044 0
415 0 FR940114-0-00020 0
415 0 FR940114-1-00021 0
415 0 FR940114-2-00080 0
415 0 FR940114-2-00081 0
415 0 FR940114-2-00082 0
415 0 FR940118-1-00003 0
415 0 FR940127-2-00047 0
415 0 FR940128-0-00056 0
415 0 FR940203-0-00049 0
415 0 FR940204-1-00053 0
415 0 FR940207-0-00010 0
415 0 FR940207-2-00030 0
415 0 FR940208-1-00032 0
415 0 FR940208-2-00055 0
415 0 FR940214-1-00036 0
415 0 FR940214-2-00252 0
415 0 FR940214-2-00253 0
415 0 FR940214-2-00254 0
415 0 FR940217-1-00037 0
415 0 FR940222-1-00022 0
415 0 FR940302-2-00061 0
415 0 FR940304-1-00042 0
415 0 FR940304-2-00060 0
415 0 FR940314-2-00036 0
415 0 FR940317-1-00015 0
415 0 FR940317-2-00106 0
415 0 FR940328-0-00009 0
415 0 FR940413-0-00053 0
415 0 FR940414-2-00046 0
415 0 FR940504-1-00031 0
415 0 FR940505-0-00015 0
415 0 FR940513-0-00063 0
415 0 FR940513-0-00120 0
415 0 FR940513-2-00221 0
415 0 FR940516-1-00062 0
415 0 FR940523-2-00059 0
415 0 FR940524-2-00048 0
415 0 FR940525-1-00002 0
415 0 FR940525-1-00004 0
415 0 FR940525-2-00184 0
415 0 FR940527-0-00115 0
415 0 FR940527-1-00162 0
415 0 FR940602-1-00023 0
415 0 FR940602-1-00068 0
415 0 FR940602-1-00069 0
415 0 FR940603-0-00161 0
415 0 FR940606-0-00019 0
415 0 FR940606-1-00013 0
415 0 FR940607-2-00036 0
415 0 FR940610-2-00055 0
415 0 FR940610-2-00184 0
415 0 FR940620-2-00038 0
415 0 FR940621-0-00031 0
415 0 FR940622-1-00046 0
415 0 FR940627-0-00174 0
415 0 FR940627-0-00245 0
415 0 FR940627-2-00043 0
415 0 FR940706-0-00056 0
415 0 FR940706-0-00057 0
415 0 FR940707-1-00022 0
415 0 FR940711-0-00059 0
415 0 FR940711-2-00050 0
415 0 FR940712-1-00027 0
415 0 FR940713-2-00042 0
415 0 FR940713-2-00045 0
415 0 FR940719-2-00089 0
415 0 FR940721-2-00121 0
415 0 FR940721-2-00134 0
415 0 FR940725-2-00069 0
415 0 FR940802-2-00130 0
415 0 FR940803-2-00039 0
415 0 FR940804-1-00057 0
415 0 FR940804-2-00090 0
415 0 FR940804-2-00096 0
415 0 FR940805-2-00062 0
415 0 FR940810-0-00019 0
415 0 FR940810-0-00149 0
415 0 FR940810-0-00160 0
415 0 FR940810-0-00184 0
415 0 FR940816-2-00060 0
415 0 FR940817-0-00077 0
415 0 FR940822-0-00077 0
415 0 FR940822-2-00054 0
415 0 FR940830-1-00101 0
415 0 FR940830-2-00067 0
415 0 FR940831-2-00063 0
415 0 FR940902-1-00048 0
415 0 FR940902-2-00041 0
415 0 FR940912-1-00018 0
415 0 FR940912-2-00112 0
415 0 FR940916-2-00061 0
415 0 FR940919-2-00067 0
415 0 FR940920-0-00017 0
415 0 FR940920-1-00026 0
415 0 FR940920-1-00066 0
415 0 FR940920-1-00067 0
415 0 FR940920-1-00107 0
415 0 FR940920-1-00110 0
415 0 FR940920-1-00111 0
415 0 FR940920-1-00116 0
415 0 FR940921-0-00010 0
415 0 FR940922-2-00063 0
415 0 FR940922-2-00124 0
415 0 FR940922-2-00125 0
415 0 FR940926-2-00044 0
415 0 FR940927-0-00113 0
415 0 FR940930-1-00021 0
415 0 FR941003-1-00034 0
415 0 FR941004-2-00076 0
415 0 FR941005-0-00013 0
415 0 FR941005-1-00029 0
415 0 FR941011-2-00153 0
415 0 FR941012-0-00030 0
415 0 FR941013-1-00053 0
415 0 FR941017-2-00127 0
415 0 FR941020-2-00102 0
415 0 FR941021-2-00078 0
415 0 FR941021-2-00087 0
415 0 FR941026-0-00038 0
415 0 FR941027-0-00017 0
415 0 FR941027-2-00064 0
415 0 FR941028-0-00017 0
415 0 FR941028-1-00030 0
415 0 FR941028-2-00049 0
415 0 FR941102-1-00119 0
415 0 FR941102-2-00042 0
415 0 FR941102-2-00055 0
415 0 FR941116-2-00050 0
415 0 FR941121-0-00057 0
415 0 FR941125-1-00025 0
415 0 FR941125-1-00044 0
415 0 FR941128-1-00025 0
415 0 FR941128-1-00026 0
415 0 FR941128-1-00033 0
415 0 FR941128-2-00047 0
415 0 FR941128-2-00187 0
415 0 FR941130-0-00122 0
415 0 FR941202-2-00050 0
415 0 FR941205-0-00062 0
415 0 FR941205-1-00029 0
415 0 FR941205-2-00024 0
415 0 FR941205-2-00046 0
415 0 FR941205-2-00110 0
415 0 FR941206-0-00031 0
415 0 FR941206-1-00091 0
415 0 FR941212-2-00064 0
415 0 FR941221-1-00009 0
415 0 FR941221-2-00054 0
415 0 FR941230-0-00119 0
415 0 FR941230-2-00035 0
415 0 FR941230-2-00134 0
415 0 FT921-10878 0
415 0 FT921-11401 0
415 0 FT921-11863 0
415 0 FT921-12836 0
415 0 FT921-2245 0
415 0 FT921-2269 0
415 0 FT921-2778 0
415 0 FT921-4099 0
415 0 FT921-4705 0
415 0 FT921-6999 0
415 0 FT922-10308 0
415 0 FT922-10907 0
415 0 FT922-11956 0
415 0 FT922-1358 0
415 0 FT922-4999 0
415 0 FT922-6669 0
415 0 FT922-7597 0
415 0 FT922-769 0
415 0 FT922-7757 0
415 0 FT922-7873 0
415 0 FT923-9627 0
415 0 FT923-9896 0
415 0 FT924-16059 0
415 0 FT924-1941 0
415 0 FT924-3636 0
415 0 FT924-4782 0
415 0 FT924-6860 0
415 0 FT924-7651 0
415 0 FT924-8967 0
415 0 FT931-12568 0
415 0 FT931-13171 0
415 0 FT931-17029 0
415 0 FT931-2245 0
415 0 FT931-2264 0
415 0 FT931-4686 0
415 0 FT931-5424 0
415 0 FT931-5644 0
415 0 FT931-7174 0
415 0 FT931-7394 0
415 0 FT931-7398 0
415 0 FT931-7618 0
415 0 FT931-9039 0
415 0 FT932-11090 0
415 0 FT932-12639 0
415 0 FT932-12708 0
415 0 FT932-16273 0
415 0 FT932-16943 0
415 0 FT932-294 0
415 0 FT932-3130 0
415 0 FT932-3824 0
415 0 FT932-5441 0
415 0 FT932-7101 0
415 0 FT933-11208 0
415 0 FT933-11998 0
415 0 FT933-2239 0
415 0 FT933-4161 0
415 0 FT933-71 0
415 0 FT933-8530 0
415 0 FT933-9223 0
415 0 FT934-10491 0
415 0 FT934-12953 0
415 0 FT934-13943 0
415 0 FT934-14567 0
415 0 FT934-7121 0
415 0 FT934-8765 0
415 0 FT934-8985 0
415 0 FT941-13447 0
415 0 FT941-14560 0
415 0 FT941-1538 0
415 0 FT941-15435 0
415 0 FT941-17220 0
415 0 FT941-1758 0
415 0 FT941-17747 0
415 0 FT941-1833 0
415 0 FT941-4237 0
415 0 FT942-11639 0
415 0 FT942-15383 0
415 0 FT942-16750 0
415 0 FT942-17463 0
415 0 FT942-4650 0
415 0 FT942-5729 0
415 0 FT942-7428 0
415 0 FT942-7461 0
415 0 FT942-7648 0
415 0 FT942-8808 0
415 0 FT942-9269 0
415 0 FT942-96 0
415 0 FT943-11241 0
415 0 FT943-11483 0
415 0 FT943-11703 0
415 0 FT943-13461 0
415 0 FT943-13737 0
415 0 FT943-16795 0
415 0 FT943-3066 0
415 0 FT943-3670 0
415 0 FT943-6300 0
415 0 FT943-7204 0
415 0 FT943-8149 0
415 0 FT943-8369 0
415 0 FT943-8586 0
415 0 FT943-8968 0
415 0 FT943-9341 0
415 0 FT943-9561 0
415 0 FT944-11885 0
415 0 FT944-1350 0
415 0 FT944-14596 0
415 0 FT944-15433 0
415 0 FT944-15922 0
415 0 FT944-16603 0
415 0 FT944-1719 0
415 0 FT944-1725 0
415 0 FT944-1738 0
415 0 FT944-17571 0
415 0 FT944-18772 0
415 0 FT944-2261 0
415 0 FT944-2266 0
415 0 FT944-2268 0
415 0 FT944-2368 0
415 0 FT944-2634 0
415 0 FT944-2702 0
415 0 FT944-2707 0
415 0 FT944-2709 0
415 0 FT944-7910 0
415 0 FT944-9488 0
415 0 FT944-9708 0
415 0 LA010489-0128 1
415 0 LA010990-0058 0
415 0 LA010990-0068 0
415 0 LA011190-0101 0
415 0 LA011589-0141 0
415 0 LA011689-0101 0
415 0 LA011989-0182 0
415 0 LA012190-0218 0
415 0 LA012490-0107 0
415 0 LA013089-0064 0
415 0 LA020289-0198 0
415 0 LA020389-0092 0
415 0 LA020989-0100 0
415 0 LA021089-0122 0
415 0 LA021090-0037 0
415 0 LA021189-0024 0
415 0 LA021190-0112 0
415 0 LA021289-0053 0
415 0 LA021289-0128 0
415 0 LA021690-0049 0
415 0 LA021690-0076 0
415 0 LA021790-0077 0
415 0 LA022389-0004 0
415 0 LA022390-0037 0
415 0 LA022490-0003 0
415 0 LA022589-0102 0
415 0 LA022689-0120 0
415 0 LA022689-0181 0
415 0 LA030789-0047 0
415 0 LA030789-0093 0
415 0 LA030889-0085 0
415 0 LA031089-0095 0
415 0 LA031390-0113 0
415 0 LA031789-0019 0
415 0 LA031789-0081 0
415 0 LA031989-0148 0
415 0 LA032290-0034 0
415 0 LA032490-0106 0
415 0 LA032689-0040 0
415 0 LA032889-0059 1
415 0 LA033089-0112 0
415 0 LA040189-0026 0
415 0 LA040289-0103 0
415 0 LA040289-0122 0
415 0 LA040389-0057 0
415 0 LA040390-0126 0
415 0 LA040689-0106 0
415 0 LA040690-0103 0
415 0 LA040989-0114 0
415 0 LA041189-0037 0
415 0 LA041290-0072 0
415 0 LA041290-0075 0
415 0 LA041389-0038 0
415 0 LA041489-0087 0
415 0 LA041789-0098 0
415 0 LA041990-0049 0
415 0 LA041990-0227 0
415 0 LA042289-0003 0
415 0 LA042990-0021 0
415 0 LA043089-0057 0
415 0 LA050190-0061 0
415 0 LA051090-0233 0
415 0 LA051290-0120 0
415 0 LA051489-0228 0
415 0 LA051590-0064 0
415 0 LA051790-0047 0
415 0 LA052090-0214 0
415 0 LA052090-0239 0
415 0 LA052189-0008 0
415 0 LA052189-0014 0
415 0 LA052189-0020 0
415 0 LA052189-0069 0
415 0 LA052189-0089 0
415 0 LA052189-0090 0
415 0 LA052189-0105 0
415 0 LA052189-0143 0
415 0 LA052789-0116 0
415 0 LA052790-0174 0
415 0 LA053089-0052 0
415 0 LA060789-0091 0
415 0 LA060890-0035 0
415 0 LA061189-0145 0
415 0 LA061389-0023 0
415 0 LA061389-0154 0
415 0 LA061589-0143 0
415 0 LA061889-0050 0
415 0 LA062290-0045 0
415 0 LA062390-0056 0
415 0 LA062490-0232 0
415 0 LA062590-0134 0
415 0 LA070290-0113 0
415 0 LA070590-0115 0
415 0 LA070690-0024 0
415 0 LA070690-0057 0
415 0 LA070890-0218 0
415 0 LA071089-0064 0
415 0 LA071390-0032 0
415 0 LA071390-0144 0
415 0 LA071489-0002 0
415 0 LA071589-0010 0
415 0 LA071589-0082 0
415 0 LA072290-0114 0
415 0 LA072389-0200 0
415 0 LA072390-0036 0
415 0 LA072889-0061 0
415 0 LA072990-0085 0
415 0 LA072990-0149 0
415 0 LA072990-0208 0
415 0 LA073189-0028 0
415 0 LA080789-0017 0
415 0 LA080990-0024 0
415 0 LA080990-0042 0
415 0 LA081090-0083 0
415 0 LA081189-0047 0
415 0 LA081189-0049 0
415 0 LA081189-0052 0
415 0 LA081189-0065 0
415 0 LA081290-0070 0
415 0 LA081489-0112 0
415 0 LA081989-0079 0
415 0 LA082589-0115 0
415 0 LA083089-0069 0
415 0 LA083089-0071 0
415 0 LA090690-0119 0
415 0 LA090789-0051 0
415 0 LA090889-0058 0
415 0 LA091490-0120 0
415 0 LA091789-0110 0
415 0 LA091890-0120 0
415 0 LA092089-0030 0
415 0 LA092089-0089 0
415 0 LA092490-0071 1
415 0 LA092589-0071 0
415 0 LA092590-0138 0
415 0 LA092790-0176 0
415 0 LA092990-0128 0
415 0 LA100189-0188 0
415 0 LA100190-0042 0
415 0 LA100489-0148 0
415 0 LA100589-0147 0
415 0 LA100690-0040 0
415 0 LA100690-0057 0
415 0 LA100690-0136 0
415 0 LA100690-0171 0
415 0 LA100789-0127 0
415 0 LA100889-0211 0
415 0 LA100890-0061 0
415 0 LA100989-0048 0
415 0 LA100989-0053 0
415 0 LA101089-0041 0
415 0 LA101089-0099 0
415 0 LA101090-0101 0
415 0 LA101189-0043 0
415 0 LA101189-0048 0
415 0 LA101189-0053 0
415 0 LA101190-0012 0
415 0 LA101190-0053 0
415 0 LA101190-0059 0
415 0 LA101190-0231 0
415 0 LA101290-0080 0
415 0 LA101290-0145 0
415 0 LA101389-0052 0
415 0 LA101389-0089 0
415 0 LA101389-0090 0
415 0 LA101389-0091 0
415 0 LA101390-0098 0
415 0 LA101390-0129 0
415 0 LA101489-0059 0
415 0 LA101490-0137 0
415 0 LA101589-0169 0
415 0 LA101589-0174 0
415 0 LA101689-0002 0
415 0 LA101689-0036 0
415 0 LA101689-0040 0
415 0 LA101690-0043 0
415 0 LA101690-0099 0
415 0 LA101690-0165 0
415 0 LA101789-0129 0
415 0 LA101790-0008 0
415 0 LA101790-0013 0
415 0 LA101790-0087 0
415 0 LA101889-0084 0
415 0 LA101889-0103 0
415 0 LA101889-0147 0
415 0 LA101890-0068 0
415 0 LA101989-0021 0
415 0 LA101989-0146 0
415 0 LA101989-0196 0
415 0 LA101990-0050 0
415 0 LA101990-0051 0
415 0 LA101990-0176 0
415 0 LA102089-0025 0
415 0 LA102090-0037 0
415 0 LA102090-0112 0
415 0 LA102090-0153 0
415 0 LA102090-0157 0
415 0 LA102189-0095 0
415 0 LA102189-0112 0
415 0 LA102989-0049 0
415 0 LA110390-0158 0
415 0 LA110490-0260 0
415 0 LA110690-0168 0
415 0 LA111190-0161 0
415 0 LA111289-0076 0
415 0 LA111289-0171 0
415 0 LA111390-0065 0
415 0 LA111689-0075 0
415 0 LA111889-0041 0
415 0 LA111989-0211 0
415 0 LA112689-0180 0
415 0 LA112989-0137 0
415 0 LA113089-0029 0
415 0 LA120190-0087 0
415 0 LA121189-0121 0
415 0 LA121390-0231 0
415 0 LA121589-0071 0
415 0 LA121789-0215 0
415 0 LA121789-0238 0
415 0 LA121889-0038 0
415 0 LA121989-0028 0
415 0 LA122089-0137 0
415 0 LA122090-0011 0
415 0 LA122090-0135 0
415 0 LA122189-0071 0
415 0 LA122189-0079 0
415 0 LA122189-0122 0
415 0 LA122189-0143 0
415 0 LA122189-0202 0
415 0 LA122289-0030 0
415 0 LA122289-0032 0
415 0 LA122289-0039 0
415 0 LA122289-0040 0
415 0 LA122289-0133 0
415 0 LA122390-0200 0
415 0 LA122390-0202 0
415 0 LA122489-0067 0
415 0 LA122590-0096 0
415 0 LA122689-0128 0
415 0 LA122690-0079 0
415 0 LA122789-0009 0
415 0 LA122889-0076 0
415 0 LA122890-0019 0
415 0 LA122890-0158 0
415 0 LA122989-0038 0
415 0 LA122989-0145 0
415 0 LA122989-0151 0
415 0 LA122990-0024 0
415 0 LA122990-0078 0
415 0 LA123089-0110 0
415 0 LA123090-0029 0
415 0 LA123090-0148 0
415 0 LA123189-0046 0
415 0 LA123189-0131 0
415 0 LA123189-0140 0
415 0 LA123189-0146 0
415 0 LA123190-0065 0
