421 0 FBIS3-10505 0
421 0 FBIS3-13309 0
421 0 FBIS3-1564 0
421 0 FBIS3-1790 0
421 0 FBIS3-1876 0
421 0 FBIS3-19124 0
421 0 FBIS3-19822 0
421 0 FBIS3-20483 0
421 0 FBIS3-20544 0
421 0 FBIS3-20900 0
421 0 FBIS3-21061 0
421 0 FBIS3-21064 0
421 0 FBIS3-21080 0
421 0 FBIS3-21156 0
421 0 FBIS3-21159 0
421 0 FBIS3-21198 0
421 0 FBIS3-21253 0
421 0 FBIS3-21587 0
421 0 FBIS3-22107 0
421 0 FBIS3-22119 0
421 0 FBIS3-22120 0
421 0 FBIS3-22136 1
421 0 FBIS3-22149 0
421 0 FBIS3-22161 0
421 0 FBIS3-22174 0
421 0 FBIS3-22180 0
421 0 FBIS3-22181 0
421 0 FBIS3-22192 0
421 0 FBIS3-22193 0
421 0 FBIS3-22199 1
421 0 FBIS3-22216 0
421 0 FBIS3-22238 0
421 0 FBIS3-22272 0
421 0 FBIS3-22301 1
421 0 FBIS3-22304 0
421 0 FBIS3-22349 0
421 0 FBIS3-22354 0
421 0 FBIS3-22358 0
421 0 FBIS3-22368 0
421 0 FBIS3-22391 0
421 0 FBIS3-22414 0
421 0 FBIS3-22416 0
421 0 FBIS3-22426 0
421 0 FBIS3-22451 0
421 0 FBIS3-22754 0
421 0 FBIS3-22780 0
421 0 FBIS3-22818 0
421 0 FBIS3-23561 0
421 0 FBIS3-23614 0
421 0 FBIS3-23882 0
421 0 FBIS3-24025 0
421 0 FBIS3-24469 0
421 0 FBIS3-24619 0
421 0 FBIS3-24648 0
421 0 FBIS3-24653 0
421 0 FBIS3-24654 0
421 0 FBIS3-2468 1
421 0 FBIS3-2516 0
421 0 FBIS3-26064 0
421 0 FBIS3-26226 1
421 0 FBIS3-26239 0
421 0 FBIS3-26609 1
421 0 FBIS3-26914 0
421 0 FBIS3-27048 0
421 0 FBIS3-2711 1
421 0 FBIS3-27562 0
421 0 FBIS3-27582 0
421 0 FBIS3-2761 1
421 0 FBIS3-28588 0
421 0 FBIS3-29180 0
421 0 FBIS3-30075 0
421 0 FBIS3-3016 0
421 0 FBIS3-35 0
421 0 FBIS3-35611 0
421 0 FBIS3-36078 0
421 0 FBIS3-37944 0
421 0 FBIS3-39015 0
421 0 FBIS3-39681 0
421 0 FBIS3-40091 0
421 0 FBIS3-40271 0
421 0 FBIS3-40489 0
421 0 FBIS3-41453 0
421 0 FBIS3-41480 0
421 0 FBIS3-41511 0
421 0 FBIS3-41520 0
421 0 FBIS3-41576 1
421 0 FBIS3-41579 0
421 0 FBIS3-41586 1
421 0 FBIS3-41593 0
421 0 FBIS3-41604 0
421 0 FBIS3-41606 0
421 0 FBIS3-41646 1
421 0 FBIS3-41647 0
421 0 FBIS3-41652 1
421 0 FBIS3-41662 0
421 0 FBIS3-41942 0
421 0 FBIS3-4207 0
421 0 FBIS3-4209 0
421 0 FBIS3-42399 0
421 0 FBIS3-42726 0
421 0 FBIS3-42811 0
421 0 FBIS3-42845 0
421 0 FBIS3-42972 0
421 0 FBIS3-42985 0
421 0 FBIS3-43002 0
421 0 FBIS3-43010 0
421 0 FBIS3-43023 0
421 0 FBIS3-43040 1
421 0 FBIS3-43120 0
421 0 FBIS3-43142 0
421 0 FBIS3-43166 0
421 0 FBIS3-43174 0
421 0 FBIS3-43196 0
421 0 FBIS3-43220 0
421 0 FBIS3-45203 0
421 0 FBIS3-46614 0
421 0 FBIS3-4717 1
421 0 FBIS3-47194 0
421 0 FBIS3-47568 0
421 0 FBIS3-48302 0
421 0 FBIS3-48659 0
421 0 FBIS3-49035 0
421 0 FBIS3-54461 0
421 0 FBIS3-59272 0
421 0 FBIS3-59309 0
421 0 FBIS3-59498 0
421 0 FBIS3-59635 0
421 0 FBIS3-59746 0
421 0 FBIS3-59750 0
421 0 FBIS3-59751 0
421 0 FBIS3-59752 0
421 0 FBIS3-60242 0
421 0 FBIS3-60246 0
421 0 FBIS3-60257 0
421 0 FBIS3-60294 0
421 0 FBIS3-60300 0
421 0 FBIS3-60302 0
421 0 FBIS3-60304 0
421 0 FBIS3-60325 1
421 0 FBIS3-60353 1
421 0 FBIS3-60362 0
421 0 FBIS3-60365 0
421 0 FBIS3-60389 0
421 0 FBIS3-60648 0
421 0 FBIS3-61335 0
421 0 FBIS3-61336 0
421 0 FBIS3-61479 0
421 0 FBIS3-6482 0
421 0 FBIS3-67 0
421 0 FBIS3-7212 0
421 0 FBIS3-8350 0
421 0 FBIS4-10851 0
421 0 FBIS4-11145 0
421 0 FBIS4-15413 0
421 0 FBIS4-15483 0
421 0 FBIS4-1563 0
421 0 FBIS4-1627 0
421 0 FBIS4-1659 0
421 0 FBIS4-16996 0
421 0 FBIS4-16997 0
421 0 FBIS4-17374 0
421 0 FBIS4-1760 0
421 0 FBIS4-1776 0
421 0 FBIS4-1843 0
421 0 FBIS4-1860 0
421 0 FBIS4-1861 0
421 0 FBIS4-1866 0
421 0 FBIS4-18848 0
421 0 FBIS4-18870 0
421 0 FBIS4-18916 0
421 0 FBIS4-18927 0
421 0 FBIS4-18963 0
421 0 FBIS4-19260 0
421 0 FBIS4-19646 0
421 0 FBIS4-20061 0
421 0 FBIS4-20152 0
421 0 FBIS4-20246 0
421 0 FBIS4-20311 0
421 0 FBIS4-20326 0
421 0 FBIS4-20414 0
421 0 FBIS4-20473 0
421 0 FBIS4-20666 0
421 0 FBIS4-20673 0
421 0 FBIS4-20675 0
421 0 FBIS4-20678 0
421 0 FBIS4-20681 0
421 0 FBIS4-20686 0
421 0 FBIS4-20695 0
421 0 FBIS4-20726 0
421 0 FBIS4-20727 0
421 0 FBIS4-20741 0
421 0 FBIS4-20756 0
421 0 FBIS4-20757 0
421 0 FBIS4-2128 0
421 0 FBIS4-21295 0
421 0 FBIS4-21368 0
421 0 FBIS4-21379 0
421 0 FBIS4-21386 0
421 0 FBIS4-21388 0
421 0 FBIS4-21395 0
421 0 FBIS4-21397 0
421 0 FBIS4-21399 0
421 0 FBIS4-21400 0
421 0 FBIS4-21414 0
421 0 FBIS4-21415 0
421 0 FBIS4-21417 0
421 0 FBIS4-21428 0
421 0 FBIS4-21435 0
421 0 FBIS4-21448 0
421 0 FBIS4-21461 0
421 0 FBIS4-21469 0
421 0 FBIS4-21511 0
421 0 FBIS4-21513 0
421 0 FBIS4-21519 0
421 0 FBIS4-21633 0
421 0 FBIS4-21671 0
421 0 FBIS4-2204 0
421 0 FBIS4-22311 0
421 0 FBIS4-22328 0
421 0 FBIS4-22339 0
421 0 FBIS4-22388 0
421 0 FBIS4-22439 0
421 0 FBIS4-22632 0
421 0 FBIS4-22656 0
421 0 FBIS4-22667 0
421 0 FBIS4-22674 0
421 0 FBIS4-22701 0
421 0 FBIS4-22709 0
421 0 FBIS4-22710 0
421 0 FBIS4-22734 0
421 0 FBIS4-22759 0
421 0 FBIS4-22768 0
421 0 FBIS4-22773 0
421 0 FBIS4-22907 0
421 0 FBIS4-22945 0
421 0 FBIS4-22959 0
421 0 FBIS4-23084 0
421 0 FBIS4-23114 0
421 0 FBIS4-23131 0
421 0 FBIS4-2439 0
421 0 FBIS4-24956 0
421 0 FBIS4-24960 0
421 0 FBIS4-24998 0
421 0 FBIS4-25030 0
421 0 FBIS4-26059 0
421 0 FBIS4-26069 1
421 0 FBIS4-26738 0
421 0 FBIS4-2734 0
421 0 FBIS4-27723 0
421 0 FBIS4-27797 0
421 0 FBIS4-2880 0
421 0 FBIS4-29 0
421 0 FBIS4-29392 0
421 0 FBIS4-2959 0
421 0 FBIS4-29958 0
421 0 FBIS4-29965 0
421 0 FBIS4-30143 0
421 0 FBIS4-31032 0
421 0 FBIS4-31787 0
421 0 FBIS4-32273 0
421 0 FBIS4-32622 0
421 0 FBIS4-39624 0
421 0 FBIS4-40123 0
421 0 FBIS4-40483 0
421 0 FBIS4-4067 0
421 0 FBIS4-42 0
421 0 FBIS4-42756 0
421 0 FBIS4-43775 0
421 0 FBIS4-44721 0
421 0 FBIS4-44914 0
421 0 FBIS4-44916 0
421 0 FBIS4-45041 0
421 0 FBIS4-45120 0
421 0 FBIS4-45355 0
421 0 FBIS4-45611 0
421 0 FBIS4-45636 0
421 0 FBIS4-45658 0
421 0 FBIS4-45661 0
421 0 FBIS4-45662 0
421 0 FBIS4-45693 0
421 0 FBIS4-45695 0
421 0 FBIS4-45708 0
421 0 FBIS4-45713 0
421 0 FBIS4-45728 0
421 0 FBIS4-45737 0
421 0 FBIS4-45740 0
421 0 FBIS4-45760 0
421 0 FBIS4-45763 0
421 0 FBIS4-45773 0
421 0 FBIS4-45788 0
421 0 FBIS4-45797 0
421 0 FBIS4-45799 0
421 0 FBIS4-45803 0
421 0 FBIS4-45808 0
421 0 FBIS4-45819 0
421 0 FBIS4-45820 0
421 0 FBIS4-45827 0
421 0 FBIS4-46028 0
421 0 FBIS4-46649 0
421 0 FBIS4-46801 0
421 0 FBIS4-46931 0
421 0 FBIS4-47169 0
421 0 FBIS4-4736 0
421 0 FBIS4-47609 0
421 0 FBIS4-47629 0
421 0 FBIS4-49021 0
421 0 FBIS4-49075 0
421 0 FBIS4-49107 0
421 0 FBIS4-49245 0
421 0 FBIS4-49809 0
421 0 FBIS4-50043 0
421 0 FBIS4-50044 0
421 0 FBIS4-50195 0
421 0 FBIS4-50706 0
421 0 FBIS4-50861 0
421 0 FBIS4-50901 0
421 0 FBIS4-51392 0
421 0 FBIS4-51576 0
421 0 FBIS4-52038 0
421 0 FBIS4-5207 0
421 0 FBIS4-52602 0
421 0 FBIS4-5283 0
421 0 FBIS4-5349 0
421 0 FBIS4-53767 0
421 0 FBIS4-57742 0
421 0 FBIS4-57916 0
421 0 FBIS4-58121 0
421 0 FBIS4-63114 0
421 0 FBIS4-63426 0
421 0 FBIS4-63989 0
421 0 FBIS4-64603 0
421 0 FBIS4-66161 0
421 0 FBIS4-66185 0
421 0 FBIS4-66269 0
421 0 FBIS4-66280 0
421 0 FBIS4-66308 0
421 0 FBIS4-66382 0
421 0 FBIS4-66451 0
421 0 FBIS4-66481 0
421 0 FBIS4-66482 0
421 0 FBIS4-66738 0
421 0 FBIS4-66827 0
421 0 FBIS4-67351 0
421 0 FBIS4-67370 0
421 0 FBIS4-67403 0
421 0 FBIS4-67444 0
421 0 FBIS4-67453 0
421 0 FBIS4-67454 0
421 0 FBIS4-67463 0
421 0 FBIS4-67479 0
421 0 FBIS4-67480 0
421 0 FBIS4-67487 0
421 0 FBIS4-67500 0
421 0 FBIS4-67519 0
421 0 FBIS4-67544 0
421 0 FBIS4-67545 0
421 0 FBIS4-67552 0
421 0 FBIS4-67576 0
421 0 FBIS4-67591 0
421 0 FBIS4-67877 0
421 0 FBIS4-68207 0
421 0 FBIS4-68893 0
421 0 FR940104-0-00055 0
421 0 FR940104-0-00067 0
421 0 FR940106-1-00015 0
421 0 FR940106-1-00016 0
421 0 FR940106-1-00017 0
421 0 FR940106-1-00018 0
421 0 FR940106-1-00020 0
421 0 FR940110-0-00023 0
421 0 FR940110-0-00024 0
421 0 FR940112-1-00044 0
421 0 FR940118-1-00044 0
421 0 FR940118-2-00036 0
421 0 FR940119-0-00037 0
421 0 FR940119-0-00038 0
421 0 FR940126-1-00005 0
421 0 FR940127-0-00040 0
421 0 FR940127-0-00041 0
421 0 FR940127-2-00041 0
421 0 FR940128-0-00053 0
421 0 FR940128-2-00063 0
421 0 FR940128-2-00064 0
421 0 FR940128-2-00067 0
421 0 FR940203-0-00049 0
421 0 FR940203-0-00084 0
421 0 FR940208-0-00047 0
421 0 FR940208-1-00053 0
421 0 FR940208-1-00054 0
421 0 FR940214-2-00189 0
421 0 FR940214-2-00192 0
421 0 FR940214-2-00193 0
421 0 FR940214-2-00194 0
421 0 FR940214-2-00195 0
421 0 FR940214-2-00196 0
421 0 FR940214-2-00197 0
421 0 FR940214-2-00198 0
421 0 FR940214-2-00199 0
421 0 FR940214-2-00200 0
421 0 FR940214-2-00201 0
421 0 FR940214-2-00202 0
421 0 FR940214-2-00203 0
421 0 FR940214-2-00204 0
421 0 FR940214-2-00205 0
421 0 FR940214-2-00206 0
421 0 FR940214-2-00220 0
421 0 FR940214-2-00221 0
421 0 FR940214-2-00222 0
421 0 FR940214-2-00224 0
421 0 FR940214-2-00229 0
421 0 FR940214-2-00230 0
421 0 FR940214-2-00231 0
421 0 FR940214-2-00232 0
421 0 FR940223-0-00055 0
421 0 FR940223-1-00058 0
421 0 FR940223-1-00062 0
421 0 FR940223-2-00037 0
421 0 FR940224-2-00008 0
421 0 FR940302-2-00041 0
421 0 FR940304-0-00128 0
421 0 FR940304-0-00130 0
421 0 FR940304-1-00044 0
421 0 FR940304-1-00045 0
421 0 FR940304-1-00053 0
421 0 FR940304-1-00055 0
421 0 FR940304-1-00057 0
421 0 FR940304-1-00058 0
421 0 FR940304-1-00060 0
421 0 FR940314-1-00041 0
421 0 FR940317-1-00062 0
421 0 FR940317-2-00100 0
421 0 FR940318-0-00102 0
421 0 FR940318-0-00103 0
421 0 FR940318-0-00165 0
421 0 FR940323-2-00064 0
421 0 FR940323-2-00068 1
421 0 FR940324-0-00036 0
421 0 FR940324-0-00038 0
421 0 FR940324-0-00040 0
421 0 FR940324-0-00052 0
421 0 FR940324-2-00020 0
421 0 FR940324-2-00042 0
421 0 FR940404-0-00038 0
421 0 FR940404-0-00039 0
421 0 FR940404-2-00061 0
421 0 FR940406-0-00064 0
421 0 FR940406-2-00179 0
421 0 FR940406-2-00180 0
421 0 FR940406-2-00183 0
421 0 FR940406-2-00186 0
421 0 FR940407-0-00013 0
421 0 FR940407-2-00031 0
421 0 FR940412-0-00013 0
421 0 FR940412-1-00025 0
421 0 FR940413-2-00035 0
421 0 FR940413-2-00037 0
421 0 FR940413-2-00049 0
421 0 FR940414-1-00014 0
421 0 FR940414-1-00037 0
421 0 FR940414-1-00051 0
421 0 FR940414-1-00055 0
421 0 FR940414-1-00079 0
421 0 FR940414-1-00091 0
421 0 FR940425-0-00017 0
421 0 FR940426-0-00069 0
421 0 FR940426-1-00072 0
421 0 FR940428-2-00025 0
421 0 FR940428-2-00169 0
421 0 FR940428-2-00170 0
421 0 FR940503-1-00021 0
421 0 FR940504-2-00019 0
421 0 FR940504-2-00083 0
421 0 FR940505-1-00247 0
421 0 FR940505-1-00385 0
421 0 FR940505-2-00015 0
421 0 FR940505-2-00034 0
421 0 FR940506-2-00134 0
421 0 FR940511-1-00074 0
421 0 FR940511-1-00077 1
421 0 FR940511-1-00082 0
421 0 FR940511-1-00083 0
421 0 FR940511-1-00087 0
421 0 FR940511-1-00088 0
421 0 FR940511-1-00091 0
421 0 FR940511-1-00095 0
421 0 FR940511-1-00096 0
421 0 FR940511-1-00097 0
421 0 FR940511-2-00069 0
421 0 FR940511-2-00115 0
421 0 FR940513-0-00027 0
421 0 FR940516-0-00078 0
421 0 FR940525-0-00015 0
421 0 FR940525-2-00012 0
421 0 FR940527-0-00058 0
421 0 FR940602-1-00089 0
421 0 FR940602-1-00115 0
421 0 FR940602-1-00117 0
421 0 FR940602-2-00027 0
421 0 FR940602-2-00036 0
421 0 FR940607-0-00035 0
421 0 FR940607-0-00036 0
421 0 FR940607-0-00037 0
421 0 FR940607-2-00060 0
421 0 FR940607-2-00079 0
421 0 FR940617-0-00090 0
421 0 FR940617-0-00091 0
421 0 FR940617-0-00092 0
421 0 FR940617-2-00086 0
421 0 FR940617-2-00093 0
421 0 FR940620-0-00070 0
421 0 FR940620-0-00071 0
421 0 FR940620-0-00169 0
421 0 FR940621-0-00031 0
421 0 FR940621-1-00014 0
421 0 FR940628-0-00016 0
421 0 FR940707-2-00058 0
421 0 FR940707-2-00060 0
421 0 FR940711-0-00080 0
421 0 FR940711-2-00054 0
421 0 FR940711-2-00057 0
421 0 FR940719-0-00004 0
421 0 FR940719-1-00015 0
421 0 FR940719-2-00031 0
421 0 FR940720-0-00036 0
421 0 FR940720-0-00039 0
421 0 FR940721-1-00031 0
421 0 FR940721-2-00115 0
421 0 FR940727-1-00028 0
421 0 FR940727-1-00029 0
421 0 FR940727-1-00031 0
421 0 FR940727-1-00032 0
421 0 FR940727-1-00033 0
421 0 FR940727-1-00037 0
421 0 FR940727-1-00038 0
421 0 FR940727-1-00039 0
421 0 FR940727-1-00040 0
421 0 FR940727-1-00041 0
421 0 FR940727-1-00051 0
421 0 FR940727-1-00052 0
421 0 FR940728-0-00053 0
421 0 FR940728-0-00055 0
421 0 FR940728-0-00056 0
421 0 FR940728-0-00057 0
421 0 FR940728-0-00058 0
421 0 FR940728-0-00059 0
421 0 FR940728-1-00059 0
421 0 FR940728-2-00068 0
421 0 FR940728-2-00069 0
421 0 FR940802-0-00009 0
421 0 FR940803-1-00008 0
421 0 FR940804-1-00022 0
421 0 FR940804-1-00057 0
421 0 FR940805-2-00092 0
421 0 FR940810-0-00238 0
421 0 FR940810-0-00298 0
421 0 FR940810-0-00317 0
421 0 FR940810-2-00037 0
421 0 FR940810-2-00046 0
421 0 FR940811-0-00037 0
421 0 FR940811-0-00044 0
421 0 FR940811-2-00116 0
421 0 FR940812-2-00031 0
421 0 FR940812-2-00032 0
421 0 FR940816-0-00012 0
421 0 FR940816-0-00013 0
421 0 FR940816-2-00028 0
421 0 FR940816-2-00042 0
421 0 FR940817-2-00026 0
421 0 FR940822-0-00077 0
421 0 FR940822-1-00028 0
421 0 FR940822-1-00033 0
421 0 FR940826-2-00029 0
421 0 FR940826-2-00040 0
421 0 FR940830-0-00131 0
421 0 FR940830-1-00059 0
421 0 FR940830-1-00061 0
421 0 FR940830-1-00062 1
421 0 FR940830-1-00063 1
421 0 FR940830-1-00085 0
421 0 FR940830-1-00086 0
421 0 FR940830-1-00087 0
421 0 FR940830-1-00091 0
421 0 FR940830-1-00092 0
421 0 FR940830-1-00093 0
421 0 FR940830-1-00096 0
421 0 FR940830-2-00148 0
421 0 FR940902-2-00026 0
421 0 FR940907-2-00044 0
421 0 FR940912-2-00048 0
421 0 FR940916-2-00021 0
421 0 FR940919-0-00049 0
421 0 FR940919-0-00052 0
421 0 FR940919-0-00055 0
421 0 FR940919-0-00056 0
421 0 FR940919-0-00060 0
421 0 FR940919-0-00073 0
421 0 FR940919-0-00074 0
421 0 FR940919-0-00076 0
421 0 FR940919-0-00077 0
421 0 FR940919-0-00078 0
421 0 FR940919-0-00082 0
421 0 FR940919-0-00087 0
421 0 FR940919-0-00088 0
421 0 FR940919-0-00089 0
421 0 FR940919-0-00090 0
421 0 FR940919-0-00092 0
421 0 FR940919-0-00094 0
421 0 FR940919-0-00097 0
421 0 FR940919-0-00099 0
421 0 FR940919-0-00100 0
421 0 FR940919-0-00103 0
421 0 FR940919-0-00104 0
421 0 FR940919-0-00108 0
421 0 FR940919-0-00110 0
421 0 FR940919-0-00111 0
421 0 FR940919-0-00116 0
421 0 FR940919-0-00118 0
421 0 FR940919-0-00120 0
421 0 FR940919-0-00121 0
421 0 FR940919-0-00123 0
421 0 FR940919-0-00131 0
421 0 FR940920-1-00057 0
421 0 FR940920-2-00006 0
421 0 FR940920-2-00045 0
421 0 FR940921-2-00025 0
421 0 FR940922-0-00041 0
421 0 FR940927-0-00113 0
421 0 FR940928-1-00051 0
421 0 FR941004-2-00074 0
421 0 FR941004-2-00075 0
421 0 FR941005-2-00040 0
421 0 FR941006-1-00054 0
421 0 FR941007-0-00053 0
421 0 FR941007-0-00057 0
421 0 FR941007-2-00031 0
421 0 FR941011-0-00043 0
421 0 FR941012-1-00009 0
421 0 FR941012-1-00020 0
421 0 FR941012-1-00030 0
421 0 FR941012-2-00066 0
421 0 FR941012-2-00107 0
421 0 FR941013-1-00055 0
421 0 FR941013-1-00063 0
421 0 FR941013-1-00065 0
421 0 FR941013-1-00066 1
421 0 FR941013-1-00068 1
421 0 FR941013-1-00069 0
421 0 FR941013-1-00070 0
421 0 FR941013-1-00072 0
421 0 FR941013-1-00085 0
421 0 FR941019-0-00054 0
421 0 FR941020-1-00030 0
421 0 FR941026-0-00043 0
421 0 FR941026-1-00019 1
421 0 FR941026-2-00011 0
421 0 FR941027-1-00022 0
421 0 FR941027-2-00024 0
421 0 FR941027-2-00025 0
421 0 FR941028-2-00056 0
421 0 FR941028-2-00059 0
421 0 FR941031-2-00101 0
421 0 FR941102-2-00081 0
421 0 FR941103-2-00020 0
421 0 FR941103-2-00021 0
421 0 FR941104-0-00024 0
421 0 FR941104-0-00027 0
421 0 FR941107-0-00038 0
421 0 FR941110-2-00085 0
421 0 FR941116-2-00019 0
421 0 FR941117-2-00158 0
421 0 FR941202-0-00128 0
421 0 FR941202-2-00200 0
421 0 FR941206-0-00069 0
421 0 FR941206-0-00134 0
421 0 FR941206-0-00137 0
421 0 FR941206-0-00138 0
421 0 FR941206-0-00139 0
421 0 FR941206-0-00140 0
421 0 FR941206-0-00143 0
421 0 FR941206-0-00145 0
421 0 FR941206-0-00146 0
421 0 FR941206-0-00148 0
421 0 FR941206-0-00151 0
421 0 FR941206-0-00152 0
421 0 FR941206-0-00155 0
421 0 FR941206-0-00157 0
421 0 FR941206-0-00160 0
421 0 FR941206-0-00161 0
421 0 FR941206-0-00162 0
421 0 FR941206-0-00164 0
421 0 FR941206-0-00165 0
421 0 FR941206-0-00166 0
421 0 FR941206-0-00174 0
421 0 FR941206-0-00175 0
421 0 FR941206-0-00179 0
421 0 FR941206-0-00180 0
421 0 FR941206-0-00181 0
421 0 FR941206-0-00189 0
421 0 FR941206-0-00190 0
421 0 FR941206-0-00192 0
421 0 FR941206-0-00194 0
421 0 FR941206-0-00196 0
421 0 FR941206-0-00197 0
421 0 FR941206-0-00198 0
421 0 FR941206-1-00123 0
421 0 FR941216-0-00073 0
421 0 FR941216-1-00080 0
421 0 FR941216-2-00111 0
421 0 FR941219-2-00101 0
421 0 FR941220-2-00024 0
421 0 FR941221-1-00032 0
421 0 FR941221-1-00034 0
421 0 FR941222-0-00011 0
421 0 FR941222-0-00025 0
421 0 FR941222-0-00079 0
421 0 FR941222-0-00088 0
421 0 FR941222-0-00089 0
421 0 FR941222-0-00090 0
421 0 FR941222-0-00092 0
421 0 FR941222-0-00093 0
421 0 FR941222-1-00021 0
421 0 FR941222-1-00022 0
421 0 FR941222-1-00025 0
421 0 FR941222-1-00028 0
421 0 FR941222-1-00030 0
421 0 FR941222-1-00032 0
421 0 FR941222-1-00033 0
421 0 FR941222-1-00037 0
421 0 FR941222-1-00038 0
421 0 FR941222-1-00043 0
421 0 FR941222-1-00047 0
421 0 FR941222-1-00048 0
421 0 FR941222-1-00051 0
421 0 FR941222-1-00054 0
421 0 FR941222-1-00058 0
421 0 FR941222-1-00060 0
421 0 FR941222-1-00064 0
421 0 FR941222-1-00065 0
421 0 FR941222-1-00067 0
421 0 FR941222-1-00069 0
421 0 FR941222-1-00071 0
421 0 FR941222-1-00072 0
421 0 FR941222-1-00074 0
421 0 FR941222-1-00075 0
421 0 FR941222-1-00079 0
421 0 FR941222-1-00080 0
421 0 FR941222-1-00081 0
421 0 FR941222-2-00116 0
421 0 FR941230-0-00123 0
421 0 FR941230-1-00042 0
421 0 FT911-103 0
421 0 FT911-131 0
421 0 FT911-134 0
421 0 FT911-14 0
421 0 FT911-1586 0
421 0 FT911-173 0
421 0 FT911-2041 0
421 0 FT911-2279 0
421 0 FT911-248 0
421 0 FT911-2506 0
421 0 FT911-262 0
421 0 FT911-27 0
421 0 FT911-2864 0
421 0 FT911-3340 0
421 0 FT911-3401 0
421 0 FT911-3411 0
421 0 FT911-3412 0
421 0 FT911-3443 0
421 0 FT911-3459 0
421 0 FT911-3460 0
421 0 FT911-3641 0
421 0 FT911-3660 0
421 0 FT911-3716 0
421 0 FT911-3736 0
421 0 FT911-3875 0
421 0 FT911-3890 0
421 0 FT911-4422 0
421 0 FT911-4490 0
421 0 FT911-4560 0
421 0 FT911-46 0
421 0 FT911-5249 0
421 0 FT921-10431 0
421 0 FT921-10626 0
421 0 FT921-10819 0
421 0 FT921-13003 0
421 0 FT921-13201 0
421 0 FT921-13324 0
421 0 FT921-13381 0
421 0 FT921-15221 0
421 0 FT921-15855 0
421 0 FT921-16477 0
421 0 FT921-1789 0
421 0 FT921-182 0
421 0 FT921-2310 0
421 0 FT921-2668 0
421 0 FT921-3525 1
421 0 FT921-4501 0
421 0 FT921-5259 0
421 0 FT921-5492 0
421 0 FT921-6085 0
421 0 FT921-6298 0
421 0 FT921-6690 0
421 0 FT921-795 0
421 0 FT921-7988 0
421 0 FT921-8044 0
421 0 FT921-8318 0
421 0 FT921-8542 0
421 0 FT921-9235 0
421 0 FT921-9425 0
421 0 FT922-10234 0
421 0 FT922-10975 0
421 0 FT922-1206 1
421 0 FT922-12311 0
421 0 FT922-12424 0
421 0 FT922-14082 0
421 0 FT922-14263 0
421 0 FT922-14971 0
421 0 FT922-15023 0
421 0 FT922-15103 0
421 0 FT922-15191 0
421 0 FT922-15423 0
421 0 FT922-1889 0
421 0 FT922-1966 0
421 0 FT922-225 0
421 0 FT922-3002 1
421 0 FT922-3722 0
421 0 FT922-427 0
421 0 FT922-4838 0
421 0 FT922-5 0
421 0 FT922-5080 0
421 0 FT922-5108 1
421 0 FT922-5110 0
421 0 FT922-5328 0
421 0 FT922-6103 0
421 0 FT922-620 0
421 0 FT922-6286 0
421 0 FT922-653 0
421 0 FT922-7507 0
421 0 FT922-7569 0
421 0 FT922-8071 0
421 0 FT922-9438 0
421 0 FT922-9723 0
421 0 FT923-10269 0
421 0 FT923-10751 0
421 0 FT923-12842 0
421 0 FT923-13178 0
421 0 FT923-13222 0
421 0 FT923-13224 1
421 0 FT923-13598 0
421 0 FT923-1417 0
421 0 FT923-14424 0
421 0 FT923-15022 0
421 0 FT923-15228 0
421 0 FT923-15661 0
421 0 FT923-2267 0
421 0 FT923-24 0
421 0 FT923-2707 0
421 0 FT923-2856 0
421 0 FT923-288 0
421 0 FT923-5183 0
421 0 FT923-5395 0
421 0 FT923-6823 0
421 0 FT923-6973 0
421 0 FT923-7666 0
421 0 FT923-8460 0
421 0 FT923-8875 0
421 0 FT924-10155 0
421 0 FT924-10862 0
421 0 FT924-12163 0
421 0 FT924-13434 0
421 0 FT924-13533 0
421 0 FT924-13682 0
421 0 FT924-14064 0
421 0 FT924-16054 0
421 0 FT924-211 0
421 0 FT924-4083 0
421 0 FT924-4691 0
421 0 FT924-4705 0
421 0 FT924-5366 1
421 0 FT924-6106 0
421 0 FT924-6370 0
421 0 FT924-6771 0
421 0 FT924-6786 0
421 0 FT924-7414 0
421 0 FT924-7678 0
421 0 FT924-7716 0
421 0 FT924-8034 0
421 0 FT924-8197 0
421 0 FT924-828 0
421 0 FT924-8549 0
421 0 FT924-8554 0
421 0 FT924-8556 0
421 0 FT924-8938 0
421 0 FT924-9005 0
421 0 FT931-10155 0
421 0 FT931-10831 0
421 0 FT931-11105 0
421 0 FT931-11293 0
421 0 FT931-12677 0
421 0 FT931-13026 0
421 0 FT931-13042 0
421 0 FT931-13997 0
421 0 FT931-14070 0
421 0 FT931-14209 0
421 0 FT931-14306 0
421 0 FT931-14481 0
421 0 FT931-1470 0
421 0 FT931-15133 0
421 0 FT931-15217 0
421 0 FT931-1537 0
421 0 FT931-1584 0
421 0 FT931-16060 0
421 0 FT931-16196 0
421 0 FT931-16641 0
421 0 FT931-17 0
421 0 FT931-185 0
421 0 FT931-1851 0
421 0 FT931-2167 0
421 0 FT931-3116 0
421 0 FT931-3450 0
421 0 FT931-4342 0
421 0 FT931-5585 0
421 0 FT931-6237 0
421 0 FT931-6445 0
421 0 FT931-6593 0
421 0 FT931-6695 0
421 0 FT931-7702 0
421 0 FT931-8010 0
421 0 FT931-8160 0
421 0 FT931-9555 0
421 0 FT932-10007 0
421 0 FT932-1005 0
421 0 FT932-10784 0
421 0 FT932-11383 0
421 0 FT932-11515 0
421 0 FT932-11701 0
421 0 FT932-11974 0
421 0 FT932-12019 0
421 0 FT932-12466 0
421 0 FT932-12714 0
421 0 FT932-13558 1
421 0 FT932-13818 0
421 0 FT932-13969 0
421 0 FT932-13993 0
421 0 FT932-14113 0
421 0 FT932-14418 0
421 0 FT932-1471 0
421 0 FT932-14847 0
421 0 FT932-14880 0
421 0 FT932-1495 0
421 0 FT932-15115 0
421 0 FT932-15756 0
421 0 FT932-15759 0
421 0 FT932-1577 0
421 0 FT932-15874 0
421 0 FT932-16171 0
421 0 FT932-16310 0
421 0 FT932-2080 0
421 0 FT932-2347 0
421 0 FT932-2349 0
421 0 FT932-2358 0
421 0 FT932-2376 0
421 0 FT932-2384 1
421 0 FT932-244 0
421 0 FT932-250 0
421 0 FT932-2804 0
421 0 FT932-367 0
421 0 FT932-3940 0
421 0 FT932-4099 0
421 0 FT932-4458 0
421 0 FT932-4676 0
421 0 FT932-4716 0
421 0 FT932-5 1
421 0 FT932-5326 0
421 0 FT932-5335 0
421 0 FT932-5803 0
421 0 FT932-6618 0
421 0 FT932-6717 0
421 0 FT932-6755 0
421 0 FT932-6829 0
421 0 FT932-7004 0
421 0 FT932-7909 0
421 0 FT932-8351 0
421 0 FT932-85 0
421 0 FT932-8728 0
421 0 FT932-8782 0
421 0 FT932-891 0
421 0 FT932-9315 0
421 0 FT932-9690 0
421 0 FT932-9711 0
421 0 FT932-9791 0
421 0 FT933-10504 0
421 0 FT933-11305 0
421 0 FT933-11703 0
421 0 FT933-11773 0
421 0 FT933-12862 0
421 0 FT933-14081 0
421 0 FT933-14499 0
421 0 FT933-14921 0
421 0 FT933-15433 0
421 0 FT933-15582 0
421 0 FT933-16534 0
421 0 FT933-16926 0
421 0 FT933-16985 0
421 0 FT933-1844 0
421 0 FT933-3311 0
421 0 FT933-426 0
421 0 FT933-4603 0
421 0 FT933-5110 0
421 0 FT933-6894 0
421 0 FT933-717 0
421 0 FT933-7609 0
421 0 FT933-7644 0
421 0 FT933-8032 0
421 0 FT933-8294 0
421 0 FT933-9251 0
421 0 FT934-10582 0
421 0 FT934-11284 1
421 0 FT934-11924 0
421 0 FT934-12 0
421 0 FT934-12313 0
421 0 FT934-12612 0
421 0 FT934-12731 0
421 0 FT934-12870 0
421 0 FT934-12871 0
421 0 FT934-12901 0
421 0 FT934-13186 0
421 0 FT934-13812 0
421 0 FT934-13854 0
421 0 FT934-14498 0
421 0 FT934-14887 0
421 0 FT934-15202 0
421 0 FT934-15341 0
421 0 FT934-15923 0
421 0 FT934-16078 0
421 0 FT934-16300 0
421 0 FT934-16500 0
421 0 FT934-16581 0
421 0 FT934-16909 0
421 0 FT934-1709 0
421 0 FT934-17114 0
421 0 FT934-17267 0
421 0 FT934-1923 0
421 0 FT934-2198 0
421 0 FT934-3373 0
421 0 FT934-3391 0
421 0 FT934-3773 1
421 0 FT934-3786 0
421 0 FT934-3839 0
421 0 FT934-4117 0
421 0 FT934-5297 0
421 0 FT934-6027 0
421 0 FT934-6608 0
421 0 FT934-6841 0
421 0 FT934-813 0
421 0 FT934-817 0
421 0 FT934-818 0
421 0 FT934-825 0
421 0 FT934-828 0
421 0 FT934-8876 0
421 0 FT934-9850 0
421 0 FT941-10068 0
421 0 FT941-1013 0
421 0 FT941-10546 0
421 0 FT941-107 0
421 0 FT941-11331 0
421 0 FT941-11410 0
421 0 FT941-11470 0
421 0 FT941-1196 0
421 0 FT941-1237 0
421 0 FT941-12775 0
421 0 FT941-12824 0
421 0 FT941-13616 0
421 0 FT941-13836 0
421 0 FT941-14984 0
421 0 FT941-15006 0
421 0 FT941-15195 0
421 0 FT941-15562 0
421 0 FT941-15563 0
421 0 FT941-15564 1
421 0 FT941-15771 0
421 0 FT941-1624 0
421 0 FT941-1664 0
421 0 FT941-3465 0
421 0 FT941-4282 0
421 0 FT941-4914 0
421 0 FT941-5285 0
421 0 FT941-5703 0
421 0 FT941-5980 0
421 0 FT941-6394 0
421 0 FT941-6403 0
421 0 FT941-648 0
421 0 FT941-664 0
421 0 FT941-6688 0
421 0 FT941-6786 0
421 0 FT941-6851 0
421 0 FT941-7477 0
421 0 FT941-7822 0
421 0 FT941-7860 0
421 0 FT941-8228 0
421 0 FT941-9169 0
421 0 FT941-9389 0
421 0 FT941-94 0
421 0 FT941-9474 0
421 0 FT941-9574 0
421 0 FT941-9636 0
421 0 FT942-10340 0
421 0 FT942-11031 0
421 0 FT942-11700 0
421 0 FT942-11751 0
421 0 FT942-11794 0
421 0 FT942-11795 0
421 0 FT942-11815 0
421 0 FT942-11827 0
421 0 FT942-12047 0
421 0 FT942-13225 0
421 0 FT942-13513 0
421 0 FT942-13911 0
421 0 FT942-14507 0
421 0 FT942-15 0
421 0 FT942-15088 0
421 0 FT942-15110 0
421 0 FT942-16116 0
421 0 FT942-1618 0
421 0 FT942-17235 1
421 0 FT942-1896 0
421 0 FT942-1929 0
421 0 FT942-2227 0
421 0 FT942-2267 0
421 0 FT942-248 0
421 0 FT942-254 0
421 0 FT942-28 0
421 0 FT942-34 0
421 0 FT942-431 1
421 0 FT942-5283 0
421 0 FT942-8246 0
421 0 FT942-8291 0
421 0 FT942-8426 0
421 0 FT942-8635 0
421 0 FT942-8961 0
421 0 FT943-10090 0
421 0 FT943-10218 0
421 0 FT943-10570 0
421 0 FT943-113 0
421 0 FT943-11361 0
421 0 FT943-11425 0
421 0 FT943-1155 0
421 0 FT943-13338 0
421 0 FT943-13459 0
421 0 FT943-13611 0
421 0 FT943-13854 0
421 0 FT943-14248 0
421 0 FT943-14289 0
421 0 FT943-14834 0
421 0 FT943-15054 0
421 0 FT943-15897 0
421 0 FT943-16125 0
421 0 FT943-2085 0
421 0 FT943-4815 1
421 0 FT943-6184 1
421 0 FT943-6546 0
421 0 FT943-699 0
421 0 FT943-8765 0
421 0 FT944-10052 0
421 0 FT944-10907 0
421 0 FT944-10928 1
421 0 FT944-11284 0
421 0 FT944-12221 0
421 0 FT944-1310 0
421 0 FT944-15712 0
421 0 FT944-15805 0
421 0 FT944-16256 0
421 0 FT944-16643 0
421 0 FT944-16745 1
421 0 FT944-17006 0
421 0 FT944-18126 0
421 0 FT944-18843 0
421 0 FT944-3041 0
421 0 FT944-3042 0
421 0 FT944-501 0
421 0 FT944-6146 0
421 0 FT944-6158 0
421 0 FT944-6228 0
421 0 FT944-6263 0
421 0 FT944-650 0
421 0 FT944-6855 0
421 0 FT944-8199 0
421 0 FT944-8324 0
421 0 FT944-8702 0
421 0 FT944-9355 0
421 0 FT944-9356 0
421 0 FT944-9607 0
421 0 FT944-9657 0
421 0 LA010189-0067 0
421 0 LA010289-0021 0
421 0 LA010289-0069 0
421 0 LA010790-0058 0
421 0 LA011190-0133 0
421 0 LA011290-0034 0
421 0 LA011589-0005 0
421 0 LA011890-0007 0
421 0 LA011890-0023 0
421 0 LA011890-0024 0
421 0 LA011890-0025 0
421 0 LA011890-0027 0
421 0 LA011890-0047 0
421 0 LA011890-0058 0
421 0 LA011890-0068 0
421 0 LA011890-0098 0
421 0 LA011890-0114 0
421 0 LA011890-0124 0
421 0 LA011890-0173 1
421 0 LA012190-0186 0
421 0 LA012289-0104 0
421 0 LA012490-0078 0
421 0 LA012590-0130 0
421 0 LA012590-0182 0
421 0 LA012689-0078 0
421 0 LA012689-0139 0
421 0 LA012689-0160 0
421 0 LA012690-0008 0
421 0 LA012690-0186 0
421 0 LA012789-0011 0
421 0 LA012789-0081 0
421 0 LA012789-0090 0
421 0 LA012890-0053 0
421 0 LA012890-0058 0
421 0 LA012890-0077 0
421 0 LA012890-0083 0
421 0 LA012890-0140 0
421 0 LA012890-0152 0
421 0 LA012890-0188 0
421 0 LA012890-0189 0
421 0 LA012890-0191 0
421 0 LA012989-0034 0
421 0 LA012989-0049 0
421 0 LA012989-0056 0
421 0 LA012989-0089 0
421 0 LA012989-0150 0
421 0 LA012989-0182 0
421 0 LA012989-0199 0
421 0 LA012989-0201 0
421 0 LA012990-0006 0
421 0 LA012990-0008 0
421 0 LA012990-0017 0
421 0 LA012990-0045 0
421 0 LA012990-0099 0
421 0 LA012990-0122 0
421 0 LA013089-0050 0
421 0 LA013089-0061 0
421 0 LA020390-0022 0
421 0 LA020789-0026 0
421 0 LA021490-0053 0
421 0 LA022390-0074 0
421 0 LA022790-0043 0
421 0 LA022889-0005 0
421 0 LA022890-0016 1
421 0 LA030189-0093 0
421 0 LA030789-0006 0
421 0 LA030789-0064 0
421 0 LA030890-0106 1
421 0 LA031190-0044 0
421 0 LA031289-0038 0
421 0 LA031289-0081 0
421 0 LA031489-0127 0
421 0 LA031490-0018 0
421 0 LA031490-0062 0
421 0 LA031590-0044 0
421 0 LA031989-0179 0
421 0 LA032090-0113 0
421 0 LA032289-0024 0
421 0 LA032289-0146 0
421 0 LA032589-0113 0
421 0 LA032889-0034 0
421 0 LA040190-0174 0
421 0 LA040390-0201 0
421 0 LA040690-0132 0
421 0 LA040889-0010 0
421 0 LA040890-0151 0
421 0 LA040989-0018 0
421 0 LA040989-0020 0
421 0 LA040989-0143 0
421 0 LA040989-0144 0
421 0 LA040989-0220 0
421 0 LA040990-0001 0
421 0 LA040990-0041 0
421 0 LA040990-0043 0
421 0 LA040990-0103 0
421 0 LA041089-0033 0
421 0 LA041089-0054 0
421 0 LA041089-0062 0
421 0 LA041089-0096 0
421 0 LA041090-0043 0
421 0 LA041090-0096 0
421 0 LA041190-0004 0
421 0 LA041190-0033 0
421 0 LA041190-0092 0
421 0 LA041190-0108 0
421 0 LA041190-0138 0
421 0 LA041289-0037 0
421 0 LA041289-0055 0
421 0 LA041390-0173 0
421 0 LA041589-0108 0
421 0 LA041590-0153 0
421 0 LA041790-0106 0
421 0 LA041989-0121 0
421 0 LA042090-0068 0
421 0 LA042090-0103 0
421 0 LA043089-0055 0
421 0 LA050289-0063 0
421 0 LA050789-0119 0
421 0 LA050890-0071 0
421 0 LA050990-0033 0
421 0 LA051189-0110 0
421 0 LA051190-0074 0
421 0 LA051290-0103 0
421 0 LA051689-0150 0
421 0 LA051790-0029 1
421 0 LA051889-0106 0
421 0 LA051889-0122 0
421 0 LA052590-0020 0
421 0 LA060289-0121 0
421 0 LA060289-0133 0
421 0 LA060490-0117 0
421 0 LA060690-0174 0
421 0 LA060889-0118 0
421 0 LA061589-0134 0
421 0 LA061590-0045 0
421 0 LA061890-0031 0
421 0 LA061990-0018 0
421 0 LA062189-0005 0
421 0 LA062189-0108 0
421 0 LA062190-0187 0
421 0 LA062490-0058 0
421 0 LA062889-0002 0
421 0 LA070189-0005 0
421 0 LA070190-0129 0
421 0 LA070889-0022 0
421 0 LA070989-0131 0
421 0 LA071290-0071 0
421 0 LA071589-0114 0
421 0 LA071590-0142 0
421 0 LA072190-0003 0
421 0 LA072190-0074 0
421 0 LA072289-0017 0
421 0 LA072389-0057 0
421 0 LA072590-0085 0
421 0 LA072689-0051 0
421 0 LA072690-0036 0
421 0 LA072690-0138 0
421 0 LA072790-0177 0
421 0 LA073089-0129 0
421 0 LA073089-0134 0
421 0 LA073089-0144 0
421 0 LA073090-0075 0
421 0 LA073090-0100 0
421 0 LA073090-0104 0
421 0 LA073090-0140 0
421 0 LA073189-0031 0
421 0 LA073189-0071 0
421 0 LA073190-0081 0
421 0 LA080189-0060 0
421 0 LA080289-0107 0
421 0 LA080290-0079 0
421 0 LA080290-0082 0
421 0 LA080290-0136 0
421 0 LA080390-0118 0
421 0 LA080390-0193 0
421 0 LA080690-0002 0
421 0 LA080690-0077 0
421 0 LA081089-0151 0
421 0 LA081590-0017 0
421 0 LA081889-0084 0
421 0 LA081990-0134 0
421 0 LA082390-0088 0
421 0 LA082489-0088 0
421 0 LA082490-0086 0
421 0 LA082590-0116 0
421 0 LA082889-0043 0
421 0 LA082990-0122 0
421 0 LA083089-0074 0
421 0 LA083090-0055 0
421 0 LA083190-0056 0
421 0 LA091190-0062 0
421 0 LA091290-0106 1
421 0 LA091589-0025 0
421 0 LA091690-0090 0
421 0 LA092189-0080 0
421 0 LA092189-0223 0
421 0 LA092389-0157 0
421 0 LA092590-0196 0
421 0 LA092789-0058 0
421 0 LA092790-0107 0
421 0 LA100189-0192 0
421 0 LA100489-0157 0
421 0 LA100589-0017 0
421 0 LA100689-0074 0
421 0 LA100989-0084 0
421 0 LA101190-0013 0
421 0 LA101289-0106 0
421 0 LA101789-0063 0
421 0 LA102190-0169 0
421 0 LA102390-0143 0
421 0 LA102590-0079 0
421 0 LA102890-0171 0
421 0 LA102989-0130 0
421 0 LA110490-0090 0
421 0 LA111190-0219 0
421 0 LA111890-0124 0
421 0 LA112490-0151 0
421 0 LA112790-0151 0
421 0 LA112890-0060 0
421 0 LA112989-0057 0
421 0 LA120389-0227 0
421 0 LA120590-0038 0
421 0 LA120590-0042 0
421 0 LA120790-0023 0
421 0 LA121089-0231 0
421 0 LA121089-0232 0
421 0 LA121090-0106 0
421 0 LA121190-0069 0
421 0 LA121289-0069 0
421 0 LA121389-0085 0
421 0 LA121690-0069 0
421 0 LA122289-0012 0
421 0 LA122689-0031 0
421 0 LA123189-0021 0
