419 0 FBIS3-10134 0
419 0 FBIS3-12166 0
419 0 FBIS3-12658 0
419 0 FBIS3-1409 0
419 0 FBIS3-14398 0
419 0 FBIS3-15383 0
419 0 FBIS3-15640 0
419 0 FBIS3-16824 0
419 0 FBIS3-17295 0
419 0 FBIS3-17557 0
419 0 FBIS3-18356 0
419 0 FBIS3-19609 0
419 0 FBIS3-20661 0
419 0 FBIS3-20732 0
419 0 FBIS3-2093 0
419 0 FBIS3-20948 0
419 0 FBIS3-21057 0
419 0 FBIS3-21063 0
419 0 FBIS3-21064 0
419 0 FBIS3-21198 0
419 0 FBIS3-21244 0
419 0 FBIS3-21300 0
419 0 FBIS3-21348 0
419 0 FBIS3-21523 0
419 0 FBIS3-21911 0
419 0 FBIS3-21973 0
419 0 FBIS3-22109 0
419 0 FBIS3-22210 0
419 0 FBIS3-22223 0
419 0 FBIS3-22340 0
419 0 FBIS3-22350 0
419 0 FBIS3-22358 0
419 0 FBIS3-22360 0
419 0 FBIS3-22420 0
419 0 FBIS3-22424 0
419 0 FBIS3-22777 0
419 0 FBIS3-22826 0
419 0 FBIS3-23967 0
419 0 FBIS3-24130 0
419 0 FBIS3-24450 0
419 0 FBIS3-25467 0
419 0 FBIS3-25901 0
419 0 FBIS3-28312 0
419 0 FBIS3-28321 0
419 0 FBIS3-29 0
419 0 FBIS3-29534 0
419 0 FBIS3-3170 0
419 0 FBIS3-32032 0
419 0 FBIS3-32132 0
419 0 FBIS3-32223 0
419 0 FBIS3-32289 0
419 0 FBIS3-32521 0
419 0 FBIS3-32581 0
419 0 FBIS3-32791 0
419 0 FBIS3-34479 0
419 0 FBIS3-34694 0
419 0 FBIS3-34930 0
419 0 FBIS3-35 0
419 0 FBIS3-35491 0
419 0 FBIS3-36078 0
419 0 FBIS3-38065 0
419 0 FBIS3-38344 0
419 0 FBIS3-39191 0
419 0 FBIS3-39375 0
419 0 FBIS3-39378 0
419 0 FBIS3-39485 0
419 0 FBIS3-39594 0
419 0 FBIS3-40474 0
419 0 FBIS3-40486 0
419 0 FBIS3-40779 0
419 0 FBIS3-41050 0
419 0 FBIS3-41501 0
419 0 FBIS3-41646 0
419 0 FBIS3-41969 0
419 0 FBIS3-42072 0
419 0 FBIS3-42459 0
419 0 FBIS3-42467 0
419 0 FBIS3-42644 0
419 0 FBIS3-42680 0
419 0 FBIS3-42954 0
419 0 FBIS3-43011 0
419 0 FBIS3-43068 0
419 0 FBIS3-43132 0
419 0 FBIS3-43186 0
419 0 FBIS3-43222 0
419 0 FBIS3-4356 0
419 0 FBIS3-44015 0
419 0 FBIS3-49084 0
419 0 FBIS3-49127 0
419 0 FBIS3-49192 0
419 0 FBIS3-50607 0
419 0 FBIS3-50997 0
419 0 FBIS3-51385 0
419 0 FBIS3-51508 0
419 0 FBIS3-53187 0
419 0 FBIS3-53299 0
419 0 FBIS3-54461 0
419 0 FBIS3-55410 0
419 0 FBIS3-55947 0
419 0 FBIS3-5595 0
419 0 FBIS3-56264 0
419 0 FBIS3-56392 0
419 0 FBIS3-58 0
419 0 FBIS3-58319 0
419 0 FBIS3-58969 0
419 0 FBIS3-59495 0
419 0 FBIS3-59575 0
419 0 FBIS3-59615 0
419 0 FBIS3-59636 0
419 0 FBIS3-59654 0
419 0 FBIS3-59711 0
419 0 FBIS3-59714 0
419 0 FBIS3-59722 0
419 0 FBIS3-59726 0
419 0 FBIS3-59782 0
419 0 FBIS3-59783 0
419 0 FBIS3-60230 0
419 0 FBIS3-60251 0
419 0 FBIS3-60324 0
419 0 FBIS3-60340 0
419 0 FBIS3-60342 0
419 0 FBIS3-60353 0
419 0 FBIS3-61236 0
419 0 FBIS3-61268 0
419 0 FBIS3-61461 0
419 0 FBIS3-61547 0
419 0 FBIS3-6370 0
419 0 FBIS3-8268 0
419 0 FBIS3-830 0
419 0 FBIS4-10046 0
419 0 FBIS4-11007 0
419 0 FBIS4-1148 0
419 0 FBIS4-12458 0
419 0 FBIS4-12518 0
419 0 FBIS4-15095 0
419 0 FBIS4-15274 0
419 0 FBIS4-16933 0
419 0 FBIS4-178 0
419 0 FBIS4-18033 0
419 0 FBIS4-18708 0
419 0 FBIS4-19111 0
419 0 FBIS4-19824 0
419 0 FBIS4-20006 0
419 0 FBIS4-20055 0
419 0 FBIS4-20263 0
419 0 FBIS4-20473 0
419 0 FBIS4-20505 0
419 0 FBIS4-20557 0
419 0 FBIS4-20563 0
419 0 FBIS4-20648 0
419 0 FBIS4-20650 0
419 0 FBIS4-20658 0
419 0 FBIS4-20664 0
419 0 FBIS4-20673 0
419 0 FBIS4-20675 0
419 0 FBIS4-20678 0
419 0 FBIS4-20686 0
419 0 FBIS4-20689 0
419 0 FBIS4-20692 0
419 0 FBIS4-20785 0
419 0 FBIS4-20828 0
419 0 FBIS4-21236 0
419 0 FBIS4-21396 0
419 0 FBIS4-21397 0
419 0 FBIS4-21399 0
419 0 FBIS4-21400 0
419 0 FBIS4-21401 0
419 0 FBIS4-21403 0
419 0 FBIS4-22330 0
419 0 FBIS4-22570 0
419 0 FBIS4-22629 0
419 0 FBIS4-22632 0
419 0 FBIS4-22769 0
419 0 FBIS4-22796 0
419 0 FBIS4-22797 0
419 0 FBIS4-22798 0
419 0 FBIS4-22931 0
419 0 FBIS4-23050 0
419 0 FBIS4-23052 0
419 0 FBIS4-23112 0
419 0 FBIS4-23131 0
419 0 FBIS4-24820 0
419 0 FBIS4-25174 0
419 0 FBIS4-26335 0
419 0 FBIS4-26594 0
419 0 FBIS4-26678 0
419 0 FBIS4-26743 0
419 0 FBIS4-29958 0
419 0 FBIS4-32039 0
419 0 FBIS4-32817 0
419 0 FBIS4-32959 0
419 0 FBIS4-33548 0
419 0 FBIS4-34315 0
419 0 FBIS4-39417 0
419 0 FBIS4-40646 0
419 0 FBIS4-42062 0
419 0 FBIS4-43826 0
419 0 FBIS4-44721 0
419 0 FBIS4-44723 0
419 0 FBIS4-44746 0
419 0 FBIS4-44871 0
419 0 FBIS4-44896 0
419 0 FBIS4-44914 0
419 0 FBIS4-44916 0
419 0 FBIS4-45655 0
419 0 FBIS4-45664 0
419 0 FBIS4-45670 0
419 0 FBIS4-45690 0
419 0 FBIS4-45708 0
419 0 FBIS4-45730 0
419 0 FBIS4-45734 0
419 0 FBIS4-45796 0
419 0 FBIS4-45797 0
419 0 FBIS4-45799 0
419 0 FBIS4-45808 0
419 0 FBIS4-46737 0
419 0 FBIS4-46801 0
419 0 FBIS4-46831 0
419 0 FBIS4-47280 0
419 0 FBIS4-47609 0
419 0 FBIS4-49607 0
419 0 FBIS4-49930 0
419 0 FBIS4-50011 0
419 0 FBIS4-52044 0
419 0 FBIS4-52956 0
419 0 FBIS4-53281 0
419 0 FBIS4-53455 0
419 0 FBIS4-53582 0
419 0 FBIS4-53789 0
419 0 FBIS4-53858 0
419 0 FBIS4-53862 0
419 0 FBIS4-54007 0
419 0 FBIS4-54625 0
419 0 FBIS4-54756 0
419 0 FBIS4-56362 0
419 0 FBIS4-60284 0
419 0 FBIS4-62987 0
419 0 FBIS4-65725 0
419 0 FBIS4-6594 0
419 0 FBIS4-66162 0
419 0 FBIS4-66274 0
419 0 FBIS4-66312 0
419 0 FBIS4-66382 0
419 0 FBIS4-66616 0
419 0 FBIS4-66618 0
419 0 FBIS4-66699 0
419 0 FBIS4-67374 0
419 0 FBIS4-67408 0
419 0 FBIS4-6743 0
419 0 FBIS4-67444 0
419 0 FBIS4-67533 0
419 0 FBIS4-67538 0
419 0 FBIS4-67591 0
419 0 FBIS4-67747 0
419 0 FBIS4-67877 0
419 0 FBIS4-68275 0
419 0 FBIS4-68339 0
419 0 FBIS4-68385 0
419 0 FBIS4-68484 0
419 0 FBIS4-68523 0
419 0 FBIS4-68585 0
419 0 FBIS4-68593 0
419 0 FBIS4-68611 0
419 0 FBIS4-68668 0
419 0 FR940104-0-00043 0
419 0 FR940104-1-00041 0
419 0 FR940104-2-00010 0
419 0 FR940104-2-00011 0
419 0 FR940105-2-00109 0
419 0 FR940106-0-00065 0
419 0 FR940106-0-00066 0
419 0 FR940106-0-00067 0
419 0 FR940106-1-00020 0
419 0 FR940106-1-00073 0
419 0 FR940110-2-00014 0
419 0 FR940112-1-00044 0
419 0 FR940114-2-00049 0
419 0 FR940119-1-00051 0
419 0 FR940119-1-00052 0
419 0 FR940119-1-00054 0
419 0 FR940119-2-00067 0
419 0 FR940119-2-00103 0
419 0 FR940124-0-00018 0
419 0 FR940124-0-00020 0
419 0 FR940124-2-00024 0
419 0 FR940124-2-00026 0
419 0 FR940126-2-00049 0
419 0 FR940127-1-00038 0
419 0 FR940127-1-00060 0
419 0 FR940127-1-00061 0
419 0 FR940127-2-00158 0
419 0 FR940127-2-00161 0
419 0 FR940127-2-00164 0
419 0 FR940127-2-00167 0
419 0 FR940128-1-00012 0
419 0 FR940128-1-00013 0
419 0 FR940128-1-00019 0
419 0 FR940128-1-00027 0
419 0 FR940128-1-00060 0
419 0 FR940128-1-00110 0
419 0 FR940128-1-00116 0
419 0 FR940128-1-00117 0
419 0 FR940128-1-00124 0
419 0 FR940128-1-00125 0
419 0 FR940128-1-00126 0
419 0 FR940128-1-00129 0
419 0 FR940202-0-00120 0
419 0 FR940202-0-00121 0
419 0 FR940202-0-00122 0
419 0 FR940202-2-00072 0
419 0 FR940203-0-00067 0
419 0 FR940203-2-00015 0
419 0 FR940204-2-00150 0
419 0 FR940208-0-00075 0
419 0 FR940208-0-00086 0
419 0 FR940216-0-00033 0
419 0 FR940216-0-00084 0
419 0 FR940216-2-00036 0
419 0 FR940222-2-00010 0
419 0 FR940223-2-00042 0
419 0 FR940224-1-00046 0
419 0 FR940228-0-00071 0
419 0 FR940302-2-00082 0
419 0 FR940303-2-00187 0
419 0 FR940304-0-00122 0
419 0 FR940304-1-00102 0
419 0 FR940304-1-00156 0
419 0 FR940304-1-00168 0
419 0 FR940317-2-00109 0
419 0 FR940318-0-00046 0
419 0 FR940318-0-00147 0
419 0 FR940318-0-00202 0
419 0 FR940318-0-00205 0
419 0 FR940323-0-00103 0
419 0 FR940324-0-00014 0
419 0 FR940324-2-00042 0
419 0 FR940328-0-00041 0
419 0 FR940328-2-00032 0
419 0 FR940404-2-00148 0
419 0 FR940405-1-00056 0
419 0 FR940406-0-00163 0
419 0 FR940406-0-00190 0
419 0 FR940406-1-00043 0
419 0 FR940407-0-00035 0
419 0 FR940407-1-00066 0
419 0 FR940412-0-00010 0
419 0 FR940412-1-00064 0
419 0 FR940413-2-00130 0
419 0 FR940414-0-00072 0
419 0 FR940414-0-00076 0
419 0 FR940414-0-00080 0
419 0 FR940414-0-00081 0
419 0 FR940414-0-00082 0
419 0 FR940414-0-00084 0
419 0 FR940414-1-00037 0
419 0 FR940414-1-00048 0
419 0 FR940414-1-00049 0
419 0 FR940414-1-00051 0
419 0 FR940414-1-00055 0
419 0 FR940414-1-00057 0
419 0 FR940414-1-00058 0
419 0 FR940414-2-00021 0
419 0 FR940418-0-00025 0
419 0 FR940418-2-00054 0
419 0 FR940418-2-00076 0
419 0 FR940418-2-00079 0
419 0 FR940425-1-00003 0
419 0 FR940425-1-00023 0
419 0 FR940425-1-00024 0
419 0 FR940425-2-00016 0
419 0 FR940425-2-00106 0
419 0 FR940428-2-00021 0
419 0 FR940429-0-00018 0
419 0 FR940429-2-00117 0
419 0 FR940503-1-00084 0
419 0 FR940504-0-00062 0
419 0 FR940504-1-00044 0
419 0 FR940505-1-00070 0
419 0 FR940505-1-00076 0
419 0 FR940505-1-00082 0
419 0 FR940505-1-00235 0
419 0 FR940505-1-00256 0
419 0 FR940505-1-00258 0
419 0 FR940505-1-00263 0
419 0 FR940505-1-00281 0
419 0 FR940505-1-00283 0
419 0 FR940505-1-00287 0
419 0 FR940505-1-00313 0
419 0 FR940505-1-00332 0
419 0 FR940505-1-00333 0
419 0 FR940505-1-00345 0
419 0 FR940505-1-00346 0
419 0 FR940505-1-00353 0
419 0 FR940505-1-00356 0
419 0 FR940505-1-00365 0
419 0 FR940505-1-00366 0
419 0 FR940505-1-00373 0
419 0 FR940505-1-00375 0
419 0 FR940505-1-00377 0
419 0 FR940505-1-00378 0
419 0 FR940505-1-00384 0
419 0 FR940505-1-00402 0
419 0 FR940505-1-00409 0
419 0 FR940505-1-00417 0
419 0 FR940505-1-00428 0
419 0 FR940505-1-00474 0
419 0 FR940505-2-00143 0
419 0 FR940506-1-00039 0
419 0 FR940506-2-00005 0
419 0 FR940511-0-00053 0
419 0 FR940513-1-00067 0
419 0 FR940516-0-00091 0
419 0 FR940516-0-00092 0
419 0 FR940516-2-00094 0
419 0 FR940523-2-00050 0
419 0 FR940525-0-00059 0
419 0 FR940525-2-00187 0
419 0 FR940525-2-00193 0
419 0 FR940525-2-00215 0
419 0 FR940526-0-00011 0
419 0 FR940526-0-00013 0
419 0 FR940526-0-00051 0
419 0 FR940526-0-00052 0
419 0 FR940526-1-00022 0
419 0 FR940526-2-00110 0
419 0 FR940526-2-00112 0
419 0 FR940526-2-00114 0
419 0 FR940526-2-00118 0
419 0 FR940526-2-00119 0
419 0 FR940526-2-00147 0
419 0 FR940526-2-00150 0
419 0 FR940527-0-00017 0
419 0 FR940527-1-00141 0
419 0 FR940527-1-00142 0
419 0 FR940527-1-00143 0
419 0 FR940527-1-00144 0
419 0 FR940527-1-00145 0
419 0 FR940527-1-00146 0
419 0 FR940527-1-00147 0
419 0 FR940527-1-00148 0
419 0 FR940527-1-00149 0
419 0 FR940527-1-00150 0
419 0 FR940527-1-00151 0
419 0 FR940527-1-00152 0
419 0 FR940527-1-00153 0
419 0 FR940527-1-00154 0
419 0 FR940527-1-00155 0
419 0 FR940527-1-00156 0
419 0 FR940527-1-00157 0
419 0 FR940527-1-00163 0
419 0 FR940527-1-00172 0
419 0 FR940527-1-00176 0
419 0 FR940527-2-00053 0
419 0 FR940602-1-00023 0
419 0 FR940602-2-00038 0
419 0 FR940603-1-00034 0
419 0 FR940606-1-00036 0
419 0 FR940606-1-00038 0
419 0 FR940610-2-00184 0
419 0 FR940613-0-00082 0
419 0 FR940613-0-00100 0
419 0 FR940613-0-00115 0
419 0 FR940613-0-00119 0
419 0 FR940613-0-00122 0
419 0 FR940617-0-00082 0
419 0 FR940617-0-00103 0
419 0 FR940620-0-00169 0
419 0 FR940621-2-00072 0
419 0 FR940622-2-00075 0
419 0 FR940627-0-00106 0
419 0 FR940627-2-00015 0
419 0 FR940628-1-00024 0
419 0 FR940628-1-00088 0
419 0 FR940628-1-00090 0
419 0 FR940628-2-00075 0
419 0 FR940630-0-00081 0
419 0 FR940630-2-00029 0
419 0 FR940630-2-00031 0
419 0 FR940706-2-00126 0
419 0 FR940712-0-00030 0
419 0 FR940712-1-00027 0
419 0 FR940719-1-00039 0
419 0 FR940721-0-00082 0
419 0 FR940721-0-00084 0
419 0 FR940721-2-00134 0
419 0 FR940722-2-00034 0
419 0 FR940722-2-00054 0
419 0 FR940722-2-00124 0
419 0 FR940725-2-00074 0
419 0 FR940725-2-00141 0
419 0 FR940727-0-00051 0
419 0 FR940727-1-00037 0
419 0 FR940728-1-00021 0
419 0 FR940728-1-00059 0
419 0 FR940728-2-00142 0
419 0 FR940802-0-00028 0
419 0 FR940802-0-00061 0
419 0 FR940802-0-00082 0
419 0 FR940803-0-00117 0
419 0 FR940803-1-00071 0
419 0 FR940803-2-00061 0
419 0 FR940804-1-00022 0
419 0 FR940810-0-00074 0
419 0 FR940810-0-00075 0
419 0 FR940810-0-00142 0
419 0 FR940810-1-00011 0
419 0 FR940812-2-00031 0
419 0 FR940812-2-00049 0
419 0 FR940817-0-00077 0
419 0 FR940817-2-00098 0
419 0 FR940817-2-00213 0
419 0 FR940822-2-00049 0
419 0 FR940825-2-00025 0
419 0 FR940825-2-00027 0
419 0 FR940825-2-00030 0
419 0 FR940826-0-00085 0
419 0 FR940826-0-00086 0
419 0 FR940826-0-00087 0
419 0 FR940826-0-00088 0
419 0 FR940826-0-00090 0
419 0 FR940830-2-00136 0
419 0 FR940831-0-00074 0
419 0 FR940831-2-00107 0
419 0 FR940831-2-00159 0
419 0 FR940831-2-00162 0
419 0 FR940831-2-00165 0
419 0 FR940831-2-00166 0
419 0 FR940831-2-00180 0
419 0 FR940902-1-00048 0
419 0 FR940902-2-00023 0
419 0 FR940906-0-00067 0
419 0 FR940907-0-00033 0
419 0 FR940907-0-00041 0
419 0 FR940907-0-00048 0
419 0 FR940912-1-00030 0
419 0 FR940912-1-00033 0
419 0 FR940912-1-00035 0
419 0 FR940912-1-00036 0
419 0 FR940916-1-00051 0
419 0 FR940916-1-00053 0
419 0 FR940916-1-00062 0
419 0 FR940919-0-00046 0
419 0 FR940919-0-00047 0
419 0 FR940919-0-00087 0
419 0 FR940919-0-00096 0
419 0 FR940919-0-00103 0
419 0 FR940919-1-00023 0
419 0 FR940920-1-00044 0
419 0 FR940920-1-00055 0
419 0 FR940920-1-00059 0
419 0 FR940920-1-00085 0
419 0 FR940920-1-00116 0
419 0 FR940926-1-00014 0
419 0 FR940926-1-00032 0
419 0 FR940926-1-00033 0
419 0 FR940926-1-00038 0
419 0 FR940927-0-00095 0
419 0 FR940927-0-00113 0
419 0 FR940928-0-00072 0
419 0 FR940928-0-00074 0
419 0 FR940928-1-00035 0
419 0 FR940928-1-00043 0
419 0 FR940930-0-00156 0
419 0 FR940930-1-00054 0
419 0 FR941003-0-00094 0
419 0 FR941003-2-00202 0
419 0 FR941005-0-00029 0
419 0 FR941005-2-00049 0
419 0 FR941006-0-00082 0
419 0 FR941012-2-00106 0
419 0 FR941013-1-00069 0
419 0 FR941019-0-00079 0
419 0 FR941021-0-00072 0
419 0 FR941021-2-00024 0
419 0 FR941026-2-00033 0
419 0 FR941026-2-00082 0
419 0 FR941031-2-00122 0
419 0 FR941102-2-00116 0
419 0 FR941102-2-00118 0
419 0 FR941103-0-00085 0
419 0 FR941103-0-00088 0
419 0 FR941104-1-00046 0
419 0 FR941104-1-00047 0
419 0 FR941104-1-00048 0
419 0 FR941107-2-00231 0
419 0 FR941110-1-00072 0
419 0 FR941110-1-00112 0
419 0 FR941110-1-00114 0
419 0 FR941116-0-00016 0
419 0 FR941116-0-00023 0
419 0 FR941116-1-00024 0
419 0 FR941116-2-00115 0
419 0 FR941117-2-00158 0
419 0 FR941121-2-00120 0
419 0 FR941122-1-00074 0
419 0 FR941122-2-00125 0
419 0 FR941122-2-00131 0
419 0 FR941122-2-00132 0
419 0 FR941130-0-00123 0
419 0 FR941205-2-00110 0
419 0 FR941206-0-00146 0
419 0 FR941206-1-00045 0
419 0 FR941206-1-00102 0
419 0 FR941207-1-00019 0
419 0 FR941207-2-00032 0
419 0 FR941207-2-00068 0
419 0 FR941212-0-00064 0
419 0 FR941212-0-00065 0
419 0 FR941213-2-00005 0
419 0 FR941216-0-00074 0
419 0 FR941216-1-00117 0
419 0 FR941216-1-00119 0
419 0 FR941216-1-00121 0
419 0 FR941216-1-00126 0
419 0 FR941216-1-00127 0
419 0 FR941216-1-00128 0
419 0 FR941216-1-00135 0
419 0 FR941216-1-00139 0
419 0 FR941216-1-00148 0
419 0 FR941216-1-00150 0
419 0 FR941216-1-00151 0
419 0 FR941216-1-00154 0
419 0 FR941216-1-00156 0
419 0 FR941219-1-00029 0
419 0 FR941219-2-00095 0
419 0 FR941219-2-00180 0
419 0 FR941221-2-00104 0
419 0 FR941222-0-00091 0
419 0 FR941222-0-00094 0
419 0 FR941222-0-00110 0
419 0 FR941222-0-00111 0
419 0 FR941222-0-00113 0
419 0 FR941222-1-00010 0
419 0 FR941222-1-00069 0
419 0 FR941222-2-00028 0
419 0 FR941230-0-00087 0
419 0 FR941230-2-00075 0
419 0 FT911-1070 0
419 0 FT911-1545 0
419 0 FT911-1552 0
419 0 FT911-1586 0
419 0 FT911-2279 0
419 0 FT911-2280 0
419 0 FT911-2473 0
419 0 FT911-2922 0
419 0 FT911-3197 0
419 0 FT911-327 0
419 0 FT911-398 0
419 0 FT911-4191 0
419 0 FT911-4218 0
419 0 FT911-4552 0
419 0 FT911-4892 0
419 0 FT911-4961 0
419 0 FT911-5042 0
419 0 FT911-5237 0
419 0 FT911-524 0
419 0 FT911-539 0
419 0 FT921-10197 0
419 0 FT921-10706 0
419 0 FT921-11 0
419 0 FT921-11353 0
419 0 FT921-11550 0
419 0 FT921-12001 0
419 0 FT921-12783 0
419 0 FT921-12905 0
419 0 FT921-14843 0
419 0 FT921-15852 0
419 0 FT921-16302 0
419 0 FT921-16562 0
419 0 FT921-1819 0
419 0 FT921-182 0
419 0 FT921-2072 0
419 0 FT921-3524 0
419 0 FT921-3525 0
419 0 FT921-3687 0
419 0 FT921-4412 0
419 0 FT921-5845 0
419 0 FT921-5977 0
419 0 FT921-6008 0
419 0 FT921-6252 0
419 0 FT921-6264 0
419 0 FT921-667 1
419 0 FT921-7495 0
419 0 FT921-8017 0
419 0 FT921-8132 0
419 0 FT921-8189 0
419 0 FT921-8485 0
419 0 FT921-9928 0
419 0 FT921-9980 0
419 0 FT922-10015 0
419 0 FT922-10896 0
419 0 FT922-11172 0
419 0 FT922-12005 0
419 0 FT922-12987 0
419 0 FT922-13103 0
419 0 FT922-1367 0
419 0 FT922-14261 0
419 0 FT922-14748 0
419 0 FT922-4420 0
419 0 FT922-4528 0
419 0 FT922-5105 0
419 0 FT922-5879 0
419 0 FT922-5880 0
419 0 FT922-776 0
419 0 FT922-806 0
419 0 FT922-8384 0
419 0 FT922-8696 0
419 0 FT922-9059 0
419 0 FT922-9153 0
419 0 FT922-9997 0
419 0 FT923-10407 0
419 0 FT923-10826 0
419 0 FT923-13224 0
419 0 FT923-13370 0
419 0 FT923-13371 0
419 0 FT923-13596 0
419 0 FT923-14566 0
419 0 FT923-14697 0
419 0 FT923-1836 0
419 0 FT923-2509 0
419 0 FT923-4025 0
419 0 FT923-4028 0
419 0 FT923-475 0
419 0 FT923-4855 0
419 0 FT923-5509 0
419 0 FT923-6854 0
419 0 FT923-69 0
419 0 FT923-7302 0
419 0 FT923-8107 0
419 0 FT923-8383 0
419 0 FT923-8651 0
419 0 FT923-8745 0
419 0 FT923-9546 0
419 0 FT924-10342 0
419 0 FT924-1075 0
419 0 FT924-11099 0
419 0 FT924-11100 0
419 0 FT924-11101 0
419 0 FT924-11588 0
419 0 FT924-1238 0
419 0 FT924-12729 0
419 0 FT924-12794 0
419 0 FT924-13436 0
419 0 FT924-14052 0
419 0 FT924-14310 0
419 0 FT924-14808 0
419 0 FT924-1496 0
419 0 FT924-1509 0
419 0 FT924-15678 0
419 0 FT924-251 0
419 0 FT924-3210 0
419 0 FT924-3494 0
419 0 FT924-4517 0
419 0 FT924-50 0
419 0 FT924-5199 0
419 0 FT924-5710 0
419 0 FT924-6049 0
419 0 FT924-7121 0
419 0 FT924-7242 0
419 0 FT924-7245 0
419 0 FT924-7248 0
419 0 FT924-7292 0
419 0 FT924-7321 0
419 0 FT924-8550 0
419 0 FT924-8551 0
419 0 FT924-8959 0
419 0 FT924-8989 0
419 0 FT924-9143 0
419 0 FT924-9252 0
419 0 FT924-9729 0
419 0 FT931-10103 0
419 0 FT931-10568 0
419 0 FT931-11722 0
419 0 FT931-11805 0
419 0 FT931-12762 0
419 0 FT931-12871 0
419 0 FT931-13693 0
419 0 FT931-14041 0
419 0 FT931-14149 0
419 0 FT931-15094 0
419 0 FT931-15385 0
419 0 FT931-17 0
419 0 FT931-2252 0
419 0 FT931-2682 0
419 0 FT931-2838 0
419 0 FT931-3277 0
419 0 FT931-6368 0
419 0 FT931-6754 0
419 0 FT931-7615 0
419 0 FT931-7655 0
419 0 FT931-7837 0
419 0 FT931-7856 0
419 0 FT931-8551 0
419 0 FT931-8619 0
419 0 FT931-8701 0
419 0 FT932-10614 0
419 0 FT932-10620 0
419 0 FT932-11383 0
419 0 FT932-12673 0
419 0 FT932-12683 0
419 0 FT932-12709 0
419 0 FT932-13311 0
419 0 FT932-1577 0
419 0 FT932-15860 0
419 0 FT932-16172 0
419 0 FT932-16320 0
419 0 FT932-17475 0
419 0 FT932-19 0
419 0 FT932-2374 0
419 0 FT932-245 0
419 0 FT932-2600 0
419 0 FT932-284 0
419 0 FT932-3666 0
419 0 FT932-3979 0
419 0 FT932-5177 0
419 0 FT932-9069 0
419 0 FT932-9299 0
419 0 FT932-953 0
419 0 FT933-10999 0
419 0 FT933-11043 0
419 0 FT933-11596 0
419 0 FT933-11646 0
419 0 FT933-11703 0
419 0 FT933-11795 0
419 0 FT933-12057 0
419 0 FT933-12791 0
419 0 FT933-14385 0
419 0 FT933-15433 0
419 0 FT933-2003 0
419 0 FT933-2962 0
419 0 FT933-3512 0
419 0 FT933-3813 0
419 0 FT933-6452 0
419 0 FT933-7070 0
419 0 FT933-7213 0
419 0 FT933-7856 0
419 0 FT933-8032 0
419 0 FT933-8210 0
419 0 FT933-9726 0
419 0 FT933-9912 0
419 0 FT934-1165 0
419 0 FT934-12209 0
419 0 FT934-12533 0
419 0 FT934-12567 0
419 0 FT934-12734 0
419 0 FT934-12836 0
419 0 FT934-13207 0
419 0 FT934-13558 0
419 0 FT934-13778 0
419 0 FT934-13924 0
419 0 FT934-14091 0
419 0 FT934-14109 0
419 0 FT934-14152 0
419 0 FT934-15537 0
419 0 FT934-16182 0
419 0 FT934-16500 0
419 0 FT934-16728 0
419 0 FT934-17265 0
419 0 FT934-3294 0
419 0 FT934-3776 0
419 0 FT934-3790 0
419 0 FT934-380 0
419 0 FT934-3910 0
419 0 FT934-4881 0
419 0 FT934-4995 0
419 0 FT934-6626 0
419 0 FT934-8386 0
419 0 FT934-8712 0
419 0 FT934-9663 0
419 0 FT941-10819 0
419 0 FT941-12527 0
419 0 FT941-12806 0
419 0 FT941-13348 0
419 0 FT941-13616 0
419 0 FT941-13663 0
419 0 FT941-14307 0
419 0 FT941-15223 0
419 0 FT941-17057 0
419 0 FT941-1999 0
419 0 FT941-2276 0
419 0 FT941-3465 0
419 0 FT941-3856 0
419 0 FT941-5688 0
419 0 FT941-5690 0
419 0 FT941-5695 0
419 0 FT941-5907 0
419 0 FT941-5980 0
419 0 FT941-6116 0
419 0 FT941-6348 0
419 0 FT941-6642 0
419 0 FT941-7041 0
419 0 FT941-721 0
419 0 FT941-7947 0
419 0 FT941-8534 0
419 0 FT942-11815 0
419 0 FT942-11965 0
419 0 FT942-12757 0
419 0 FT942-13191 0
419 0 FT942-13513 0
419 0 FT942-14305 0
419 0 FT942-14444 0
419 0 FT942-14587 0
419 0 FT942-14889 0
419 0 FT942-14942 0
419 0 FT942-15622 0
419 0 FT942-15714 0
419 0 FT942-16 0
419 0 FT942-16074 0
419 0 FT942-16297 0
419 0 FT942-1810 0
419 0 FT942-1896 0
419 0 FT942-2037 0
419 0 FT942-293 0
419 0 FT942-3339 0
419 0 FT942-3355 0
419 0 FT942-5262 0
419 0 FT942-7407 0
419 0 FT942-9116 0
419 0 FT942-9121 0
419 0 FT942-9896 0
419 0 FT943-103 0
419 0 FT943-10865 0
419 0 FT943-11130 0
419 0 FT943-12100 0
419 0 FT943-12883 0
419 0 FT943-14248 0
419 0 FT943-14351 0
419 0 FT943-14601 0
419 0 FT943-14654 0
419 0 FT943-14873 0
419 0 FT943-14874 0
419 0 FT943-2086 0
419 0 FT943-2183 0
419 0 FT943-2485 0
419 0 FT943-5535 0
419 0 FT943-6186 0
419 0 FT943-6321 0
419 0 FT943-7417 0
419 0 FT943-79 0
419 0 FT943-9645 0
419 0 FT943-9738 0
419 0 FT944-10817 0
419 0 FT944-11505 0
419 0 FT944-12053 0
419 0 FT944-12300 0
419 0 FT944-13686 0
419 0 FT944-13687 0
419 0 FT944-13692 0
419 0 FT944-13693 0
419 0 FT944-13728 0
419 0 FT944-1375 0
419 0 FT944-14404 0
419 0 FT944-15030 0
419 0 FT944-15305 0
419 0 FT944-15665 0
419 0 FT944-15801 0
419 0 FT944-16047 0
419 0 FT944-1611 0
419 0 FT944-16132 0
419 0 FT944-16346 0
419 0 FT944-16367 0
419 0 FT944-16745 0
419 0 FT944-16746 0
419 0 FT944-16942 0
419 0 FT944-18126 1
419 0 FT944-2248 0
419 0 FT944-2250 0
419 0 FT944-2255 0
419 0 FT944-2256 0
419 0 FT944-2262 0
419 0 FT944-2263 0
419 0 FT944-2265 0
419 0 FT944-2267 0
419 0 FT944-2403 0
419 0 FT944-2565 0
419 0 FT944-2616 0
419 0 FT944-2689 0
419 0 FT944-2691 0
419 0 FT944-2696 0
419 0 FT944-2697 0
419 0 FT944-2703 0
419 0 FT944-2704 0
419 0 FT944-2706 0
419 0 FT944-2708 0
419 0 FT944-3643 0
419 0 FT944-4753 0
419 0 FT944-5354 0
419 0 FT944-5741 0
419 0 FT944-5938 0
419 0 FT944-6739 0
419 0 FT944-6863 0
419 0 FT944-6872 0
419 0 FT944-6876 0
419 0 FT944-7170 0
419 0 FT944-9628 0
419 0 LA010189-0087 0
419 0 LA010290-0026 0
419 0 LA010390-0064 0
419 0 LA010390-0124 0
419 0 LA010490-0040 0
419 0 LA010490-0157 0
419 0 LA010690-0071 0
419 0 LA010790-0053 0
419 0 LA010790-0110 0
419 0 LA010889-0035 0
419 0 LA010990-0036 0
419 0 LA011089-0046 0
419 0 LA011090-0112 0
419 0 LA011290-0042 0
419 0 LA011490-0076 0
419 0 LA011589-0005 0
419 0 LA011589-0114 0
419 0 LA011690-0058 0
419 0 LA011690-0111 0
419 0 LA011989-0141 0
419 0 LA011990-0135 0
419 0 LA012189-0134 0
419 0 LA012289-0104 0
419 0 LA012289-0165 0
419 0 LA012290-0089 0
419 0 LA012389-0042 0
419 0 LA012690-0008 0
419 0 LA012790-0056 0
419 0 LA012889-0073 0
419 0 LA012889-0074 0
419 0 LA012990-0014 0
419 0 LA012990-0045 0
419 0 LA012990-0054 0
419 0 LA013089-0005 0
419 0 LA020189-0108 0
419 0 LA020190-0022 0
419 0 LA020290-0136 0
419 0 LA020390-0086 0
419 0 LA020390-0126 0
419 0 LA020490-0090 0
419 0 LA020490-0157 0
419 0 LA020589-0007 0
419 0 LA020590-0032 0
419 0 LA020790-0128 0
419 0 LA020990-0128 0
419 0 LA021190-0010 0
419 0 LA021190-0219 0
419 0 LA021289-0190 0
419 0 LA021490-0019 0
419 0 LA021789-0173 0
419 0 LA021790-0156 0
419 0 LA021890-0063 0
419 0 LA021890-0145 0
419 0 LA021890-0185 0
419 0 LA021989-0054 0
419 0 LA021990-0062 0
419 0 LA022089-0023 0
419 0 LA022189-0096 0
419 0 LA022290-0195 0
419 0 LA022290-0243 0
419 0 LA022389-0074 0
419 0 LA022589-0084 0
419 0 LA022589-0133 0
419 0 LA022690-0051 0
419 0 LA030290-0103 0
419 0 LA030490-0047 0
419 0 LA030690-0054 0
419 0 LA030790-0101 0
419 0 LA030990-0063 0
419 0 LA031189-0060 0
419 0 LA031190-0046 0
419 0 LA031289-0074 0
419 0 LA031289-0127 0
419 0 LA031590-0049 0
419 0 LA031989-0096 0
419 0 LA031990-0030 0
419 0 LA032090-0113 0
419 0 LA032389-0050 0
419 0 LA032389-0081 0
419 0 LA032390-0167 0
419 0 LA032490-0156 0
419 0 LA032589-0075 0
419 0 LA032890-0089 0
419 0 LA033090-0156 0
419 0 LA040189-0018 0
419 0 LA040190-0046 0
419 0 LA040190-0243 0
419 0 LA040289-0018 0
419 0 LA040289-0037 0
419 0 LA040289-0213 0
419 0 LA040290-0108 0
419 0 LA040389-0078 0
419 0 LA040489-0138 0
419 0 LA040490-0117 0
419 0 LA040689-0080 0
419 0 LA040890-0151 0
419 0 LA040890-0156 1
419 0 LA040989-0222 0
419 0 LA041089-0033 0
419 0 LA041089-0074 0
419 0 LA041290-0129 0
419 0 LA041489-0009 0
419 0 LA041489-0096 0
419 0 LA041589-0032 0
419 0 LA041590-0063 0
419 0 LA041590-0168 0
419 0 LA041790-0040 0
419 0 LA041790-0068 0
419 0 LA041890-0035 0
419 0 LA041989-0041 0
419 0 LA041989-0042 0
419 0 LA041990-0026 0
419 0 LA041990-0036 0
419 0 LA042090-0020 0
419 0 LA042190-0012 0
419 0 LA042290-0106 0
419 0 LA042290-0129 0
419 0 LA042389-0094 0
419 0 LA042389-0130 0
419 0 LA042389-0145 0
419 0 LA042690-0060 0
419 0 LA042690-0199 0
419 0 LA042789-0034 0
419 0 LA042789-0104 0
419 0 LA042789-0121 0
419 0 LA042990-0021 0
419 0 LA043089-0106 0
419 0 LA043089-0160 0
419 0 LA043090-0081 0
419 0 LA050289-0124 0
419 0 LA050489-0107 0
419 0 LA050490-0087 0
419 0 LA050490-0088 0
419 0 LA050690-0086 0
419 0 LA051089-0002 0
419 0 LA051189-0034 0
419 0 LA051190-0041 0
419 0 LA051289-0015 0
419 0 LA051289-0077 0
419 0 LA051389-0139 0
419 0 LA051390-0101 0
419 0 LA051390-0172 0
419 0 LA051390-0200 0
419 0 LA052090-0094 0
419 0 LA052290-0063 0
419 0 LA052489-0080 0
419 0 LA052590-0157 0
419 0 LA052689-0025 0
419 0 LA052689-0110 0
419 0 LA052790-0227 0
419 0 LA052889-0077 0
419 0 LA052990-0071 0
419 0 LA053090-0029 0
419 0 LA053090-0085 0
419 0 LA053189-0083 0
419 0 LA053190-0135 0
419 0 LA053190-0200 0
419 0 LA060189-0075 0
419 0 LA060290-0083 0
419 0 LA060489-0111 0
419 0 LA060490-0088 0
419 0 LA060689-0035 0
419 0 LA060789-0150 0
419 0 LA060790-0032 0
419 0 LA060889-0154 0
419 0 LA060889-0171 0
419 0 LA061090-0126 0
419 0 LA061189-0064 0
419 0 LA061190-0082 0
419 0 LA061489-0118 0
419 0 LA061490-0132 0
419 0 LA061490-0185 0
419 0 LA061690-0038 0
419 0 LA061790-0141 0
419 0 LA061889-0180 0
419 0 LA061990-0140 0
419 0 LA062189-0108 0
419 0 LA062190-0077 0
419 0 LA062190-0079 0
419 0 LA062190-0187 0
419 0 LA062389-0073 0
419 0 LA062490-0176 0
419 0 LA062789-0092 0
419 0 LA062890-0186 0
419 0 LA062989-0089 0
419 0 LA070190-0129 0
419 0 LA070289-0052 0
419 0 LA070289-0106 0
419 0 LA070289-0110 0
419 0 LA070690-0056 0
419 0 LA070690-0141 0
419 0 LA070890-0197 0
419 0 LA071289-0079 0
419 0 LA071290-0157 0
419 0 LA071290-0196 0
419 0 LA071389-0010 0
419 0 LA071389-0044 0
419 0 LA071390-0025 0
419 0 LA071590-0101 0
419 0 LA071689-0103 0
419 0 LA071690-0133 0
419 0 LA071790-0163 0
419 0 LA071990-0114 0
419 0 LA071990-0159 0
419 0 LA072090-0027 0
419 0 LA072090-0133 0
419 0 LA072290-0050 0
419 0 LA072389-0036 0
419 0 LA072389-0196 0
419 0 LA072490-0132 0
419 0 LA072590-0022 0
419 0 LA072590-0088 0
419 0 LA072690-0071 0
419 0 LA072789-0101 0
419 0 LA072789-0166 0
419 0 LA072889-0159 0
419 0 LA072990-0056 0
419 0 LA080190-0067 0
419 0 LA080290-0075 0
419 0 LA080290-0192 0
419 0 LA080290-0243 0
419 0 LA080390-0036 0
419 0 LA080590-0065 0
419 0 LA080590-0135 0
419 0 LA080590-0142 0
419 0 LA080690-0048 0
419 0 LA080990-0015 0
419 0 LA080990-0089 0
419 0 LA081289-0033 0
419 0 LA081290-0070 0
419 0 LA081290-0087 0
419 0 LA081290-0151 0
419 0 LA081489-0073 0
419 0 LA081589-0075 0
419 0 LA081590-0017 0
419 0 LA081590-0114 0
419 0 LA081689-0111 0
419 0 LA081889-0139 0
419 0 LA081990-0056 0
419 0 LA081990-0097 0
419 0 LA081990-0220 0
419 0 LA082289-0099 0
419 0 LA082289-0130 0
419 0 LA082389-0065 0
419 0 LA082390-0088 0
419 0 LA082590-0102 0
419 0 LA082690-0036 0
419 0 LA082690-0231 0
419 0 LA082789-0208 0
419 0 LA082990-0128 0
419 0 LA083190-0038 0
419 0 LA083190-0040 0
419 0 LA083190-0129 0
419 0 LA090189-0104 0
419 0 LA090290-0090 0
419 0 LA090290-0098 0
419 0 LA090389-0154 0
419 0 LA090390-0060 0
419 0 LA090390-0083 0
419 0 LA090489-0013 0
419 0 LA090689-0127 0
419 0 LA090690-0016 0
419 0 LA090690-0036 0
419 0 LA090690-0118 0
419 0 LA090989-0038 0
419 0 LA090989-0075 0
419 0 LA091090-0068 0
419 0 LA091189-0111 0
419 0 LA091289-0115 0
419 0 LA091290-0180 0
419 0 LA091489-0127 0
419 0 LA091690-0067 0
419 0 LA091789-0193 0
419 0 LA091990-0091 0
419 0 LA092089-0130 0
419 0 LA092090-0062 0
419 0 LA092189-0080 0
419 0 LA092189-0130 0
419 0 LA092389-0105 0
419 0 LA092390-0076 0
419 0 LA092390-0109 0
419 0 LA092390-0194 0
419 0 LA092489-0104 0
419 0 LA092590-0172 0
419 0 LA092590-0196 0
419 0 LA092690-0073 0
419 0 LA092890-0057 0
419 0 LA092989-0185 0
419 0 LA093090-0039 0
419 0 LA093090-0069 0
419 0 LA093090-0122 0
419 0 LA093090-0173 0
419 0 LA093090-0238 0
419 0 LA093090-0239 0
419 0 LA100189-0124 0
419 0 LA100189-0175 0
419 0 LA100189-0186 0
419 0 LA100289-0080 0
419 0 LA100290-0057 0
419 0 LA100390-0015 0
419 0 LA100489-0041 0
419 0 LA100490-0065 0
419 0 LA100590-0036 0
419 0 LA100690-0038 0
419 0 LA100790-0045 0
419 0 LA100889-0164 0
419 0 LA100890-0050 0
419 0 LA100989-0084 0
419 0 LA101090-0024 0
419 0 LA101090-0153 0
419 0 LA101189-0085 0
419 0 LA101490-0196 0
419 0 LA101589-0193 0
419 0 LA101889-0067 0
419 0 LA101890-0054 0
419 0 LA101890-0082 0
419 0 LA101890-0115 0
419 0 LA101890-0199 0
419 0 LA101890-0200 0
419 0 LA101989-0088 0
419 0 LA101989-0183 0
419 0 LA101990-0099 0
419 0 LA102089-0174 0
419 0 LA102089-0176 0
419 0 LA102090-0118 0
419 0 LA102090-0131 0
419 0 LA102090-0144 0
419 0 LA102090-0162 0
419 0 LA102189-0053 0
419 0 LA102189-0172 0
419 0 LA102190-0058 0
419 0 LA102190-0103 0
419 0 LA102190-0246 0
419 0 LA102289-0079 0
419 0 LA102289-0094 0
419 0 LA102289-0105 0
419 0 LA102289-0139 0
419 0 LA102290-0015 0
419 0 LA102290-0033 0
419 0 LA102290-0048 0
419 0 LA102290-0049 0
419 0 LA102389-0100 0
419 0 LA102489-0006 0
419 0 LA102490-0035 0
419 0 LA102589-0042 0
419 0 LA102590-0087 0
419 0 LA102689-0112 0
419 0 LA102689-0121 0
419 0 LA102690-0062 0
419 0 LA102789-0001 0
419 0 LA102789-0074 0
419 0 LA103190-0001 0
419 0 LA110289-0060 0
419 0 LA110289-0154 0
419 0 LA110389-0006 0
419 0 LA110389-0105 0
419 0 LA110489-0143 0
419 0 LA110490-0042 0
419 0 LA110490-0118 0
419 0 LA110490-0173 0
419 0 LA110789-0075 0
419 0 LA110989-0149 0
419 0 LA111189-0111 0
419 0 LA111290-0060 0
419 0 LA111590-0163 0
419 0 LA111590-0201 0
419 0 LA111689-0110 0
419 0 LA111690-0022 0
419 0 LA111789-0032 0
419 0 LA111789-0119 0
419 0 LA111789-0121 0
419 0 LA111789-0137 0
419 0 LA111790-0121 0
419 0 LA111889-0076 0
419 0 LA111890-0085 0
419 0 LA111890-0187 0
419 0 LA111989-0169 0
419 0 LA111990-0006 0
419 0 LA111990-0041 0
419 0 LA111990-0080 0
419 0 LA111990-0095 0
419 0 LA112090-0003 0
419 0 LA112090-0133 0
419 0 LA112189-0099 0
419 0 LA112190-0130 0
419 0 LA112289-0001 0
419 0 LA112289-0016 0
419 0 LA112290-0078 0
419 0 LA112290-0132 0
419 0 LA112290-0221 0
419 0 LA112290-0233 0
419 0 LA112389-0077 0
419 0 LA112389-0102 0
419 0 LA112390-0045 0
419 0 LA112390-0123 0
419 0 LA112489-0106 0
419 0 LA112489-0111 0
419 0 LA112489-0132 0
419 0 LA112489-0146 0
419 0 LA112589-0114 0
419 0 LA112789-0087 0
419 0 LA112890-0104 0
419 0 LA112989-0070 0
419 0 LA112990-0093 0
419 0 LA112990-0211 0
419 0 LA113090-0072 0
419 0 LA120189-0117 0
419 0 LA120189-0137 0
419 0 LA120189-0159 0
419 0 LA120590-0042 0
419 0 LA120690-0223 0
419 0 LA120789-0121 0
419 0 LA120789-0133 0
419 0 LA120790-0053 0
419 0 LA120990-0193 0
419 0 LA121089-0007 0
419 0 LA121290-0138 0
419 0 LA121489-0032 0
419 0 LA121490-0139 0
419 0 LA121690-0069 0
419 0 LA121690-0227 0
419 0 LA121889-0072 0
419 0 LA122089-0002 0
419 0 LA122089-0064 0
419 0 LA122189-0121 0
419 0 LA122289-0018 0
419 0 LA122290-0121 0
419 0 LA122389-0118 0
419 0 LA122390-0119 0
419 0 LA122489-0017 0
419 0 LA122489-0047 0
419 0 LA122489-0158 0
419 0 LA122490-0072 0
419 0 LA123090-0081 0
419 0 LA123190-0106 0
