407 0 FBIS3-10216 0
407 0 FBIS3-14832 0
407 0 FBIS3-16551 0
407 0 FBIS3-16631 0
407 0 FBIS3-16684 0
407 0 FBIS3-16769 0
407 0 FBIS3-16770 0
407 0 FBIS3-16858 0
407 0 FBIS3-16893 0
407 0 FBIS3-1818 0
407 0 FBIS3-1991 0
407 0 FBIS3-20524 0
407 0 FBIS3-207 0
407 0 FBIS3-20797 0
407 0 FBIS3-21300 0
407 0 FBIS3-22119 0
407 0 FBIS3-22142 0
407 0 FBIS3-22160 0
407 0 FBIS3-22266 0
407 0 FBIS3-22267 0
407 0 FBIS3-22268 1
407 0 FBIS3-22307 0
407 0 FBIS3-22312 0
407 0 FBIS3-22324 0
407 0 FBIS3-22368 1
407 0 FBIS3-22393 0
407 0 FBIS3-22394 0
407 0 FBIS3-22395 0
407 0 FBIS3-22396 0
407 0 FBIS3-22397 0
407 0 FBIS3-22398 0
407 0 FBIS3-22417 0
407 0 FBIS3-2408 0
407 0 FBIS3-24145 0
407 0 FBIS3-2516 0
407 0 FBIS3-2576 0
407 0 FBIS3-25846 0
407 0 FBIS3-25866 0
407 0 FBIS3-25968 0
407 0 FBIS3-26049 0
407 0 FBIS3-26050 0
407 0 FBIS3-26365 1
407 0 FBIS3-26379 0
407 0 FBIS3-26404 0
407 0 FBIS3-26405 0
407 0 FBIS3-26865 0
407 0 FBIS3-27048 0
407 0 FBIS3-2719 0
407 0 FBIS3-27520 0
407 0 FBIS3-2764 0
407 0 FBIS3-2843 0
407 0 FBIS3-29180 0
407 0 FBIS3-3016 0
407 0 FBIS3-3079 0
407 0 FBIS3-3140 0
407 0 FBIS3-32035 0
407 0 FBIS3-3306 0
407 0 FBIS3-3453 0
407 0 FBIS3-3491 0
407 0 FBIS3-35705 0
407 0 FBIS3-3571 0
407 0 FBIS3-3572 0
407 0 FBIS3-35723 0
407 0 FBIS3-3573 0
407 0 FBIS3-35742 0
407 0 FBIS3-35793 0
407 0 FBIS3-35810 0
407 0 FBIS3-35883 0
407 0 FBIS3-3611 0
407 0 FBIS3-3612 0
407 0 FBIS3-36182 0
407 0 FBIS3-36287 0
407 0 FBIS3-36339 0
407 0 FBIS3-36371 0
407 0 FBIS3-36398 0
407 0 FBIS3-36440 0
407 0 FBIS3-36458 0
407 0 FBIS3-36523 0
407 0 FBIS3-36561 0
407 0 FBIS3-36624 0
407 0 FBIS3-36634 0
407 0 FBIS3-3695 0
407 0 FBIS3-3780 0
407 0 FBIS3-3888 0
407 0 FBIS3-3890 0
407 0 FBIS3-3896 0
407 0 FBIS3-3947 0
407 0 FBIS3-40087 0
407 0 FBIS3-40091 0
407 0 FBIS3-40194 0
407 0 FBIS3-4026 0
407 0 FBIS3-40265 0
407 0 FBIS3-4027 0
407 0 FBIS3-40497 0
407 0 FBIS3-40705 0
407 0 FBIS3-40736 0
407 0 FBIS3-40769 0
407 0 FBIS3-41430 1
407 0 FBIS3-41446 0
407 0 FBIS3-41506 0
407 0 FBIS3-41512 0
407 0 FBIS3-41518 0
407 0 FBIS3-41523 0
407 0 FBIS3-41569 0
407 0 FBIS3-41592 1
407 0 FBIS3-41620 0
407 0 FBIS3-4209 0
407 0 FBIS3-42399 0
407 0 FBIS3-42400 0
407 0 FBIS3-42459 0
407 0 FBIS3-42596 0
407 0 FBIS3-42601 0
407 0 FBIS3-42766 0
407 0 FBIS3-42811 0
407 0 FBIS3-42932 0
407 0 FBIS3-43142 0
407 0 FBIS3-43196 0
407 0 FBIS3-43567 0
407 0 FBIS3-43570 0
407 0 FBIS3-43571 0
407 0 FBIS3-43665 0
407 0 FBIS3-43736 0
407 0 FBIS3-43807 0
407 0 FBIS3-44290 0
407 0 FBIS3-44343 0
407 0 FBIS3-44514 0
407 0 FBIS3-44735 0
407 0 FBIS3-4475 0
407 0 FBIS3-4480 0
407 0 FBIS3-45118 0
407 0 FBIS3-45200 0
407 0 FBIS3-45417 0
407 0 FBIS3-45422 0
407 0 FBIS3-45996 0
407 0 FBIS3-46118 0
407 0 FBIS3-46614 0
407 0 FBIS3-46993 0
407 0 FBIS3-48478 0
407 0 FBIS3-48483 0
407 0 FBIS3-49035 0
407 0 FBIS3-51112 0
407 0 FBIS3-53047 0
407 0 FBIS3-53791 0
407 0 FBIS3-54439 0
407 0 FBIS3-55570 0
407 0 FBIS3-55850 0
407 0 FBIS3-59303 0
407 0 FBIS3-59382 0
407 0 FBIS3-59624 0
407 0 FBIS3-59752 0
407 0 FBIS3-59837 0
407 0 FBIS3-60255 0
407 0 FBIS3-60256 0
407 0 FBIS3-60336 0
407 0 FBIS3-61068 0
407 0 FBIS3-61335 0
407 0 FBIS3-61336 0
407 0 FBIS3-960 0
407 0 FBIS4-11145 0
407 0 FBIS4-11284 0
407 0 FBIS4-1529 0
407 0 FBIS4-1546 0
407 0 FBIS4-16406 0
407 0 FBIS4-166 0
407 0 FBIS4-16605 0
407 0 FBIS4-16712 0
407 0 FBIS4-16722 0
407 0 FBIS4-1799 0
407 0 FBIS4-1829 0
407 0 FBIS4-1830 0
407 0 FBIS4-1838 0
407 0 FBIS4-1843 0
407 0 FBIS4-1844 0
407 0 FBIS4-1858 0
407 0 FBIS4-1860 0
407 0 FBIS4-1861 0
407 0 FBIS4-20346 0
407 0 FBIS4-20396 0
407 0 FBIS4-2042 0
407 0 FBIS4-2052 0
407 0 FBIS4-20757 0
407 0 FBIS4-2115 0
407 0 FBIS4-21358 0
407 0 FBIS4-21361 0
407 0 FBIS4-21362 0
407 0 FBIS4-21372 0
407 0 FBIS4-21383 0
407 0 FBIS4-21421 1
407 0 FBIS4-21422 0
407 0 FBIS4-21429 0
407 0 FBIS4-21436 0
407 0 FBIS4-21437 0
407 0 FBIS4-21438 0
407 0 FBIS4-21439 0
407 0 FBIS4-21442 0
407 0 FBIS4-21703 0
407 0 FBIS4-21716 0
407 0 FBIS4-2203 0
407 0 FBIS4-2216 1
407 0 FBIS4-22339 0
407 0 FBIS4-22629 0
407 0 FBIS4-23383 0
407 0 FBIS4-2439 0
407 0 FBIS4-24390 0
407 0 FBIS4-24471 0
407 0 FBIS4-24500 0
407 0 FBIS4-24822 0
407 0 FBIS4-24823 0
407 0 FBIS4-25068 0
407 0 FBIS4-25261 0
407 0 FBIS4-2549 0
407 0 FBIS4-2550 0
407 0 FBIS4-25606 0
407 0 FBIS4-25717 0
407 0 FBIS4-25719 0
407 0 FBIS4-26002 0
407 0 FBIS4-26070 0
407 0 FBIS4-26071 0
407 0 FBIS4-26668 0
407 0 FBIS4-26899 0
407 0 FBIS4-27004 0
407 0 FBIS4-27085 0
407 0 FBIS4-2734 0
407 0 FBIS4-28009 0
407 0 FBIS4-28017 0
407 0 FBIS4-2986 0
407 0 FBIS4-30835 0
407 0 FBIS4-33179 0
407 0 FBIS4-3493 0
407 0 FBIS4-35380 0
407 0 FBIS4-38772 0
407 0 FBIS4-39176 0
407 0 FBIS4-39626 0
407 0 FBIS4-404 0
407 0 FBIS4-4067 0
407 0 FBIS4-4124 0
407 0 FBIS4-41505 0
407 0 FBIS4-4186 0
407 0 FBIS4-41901 0
407 0 FBIS4-44504 0
407 0 FBIS4-44914 0
407 0 FBIS4-45041 0
407 0 FBIS4-45603 0
407 0 FBIS4-45617 0
407 0 FBIS4-45624 0
407 0 FBIS4-45736 1
407 0 FBIS4-45753 0
407 0 FBIS4-45823 0
407 0 FBIS4-45824 0
407 0 FBIS4-45880 0
407 0 FBIS4-46469 0
407 0 FBIS4-46649 0
407 0 FBIS4-46931 0
407 0 FBIS4-46935 0
407 0 FBIS4-47008 0
407 0 FBIS4-47239 0
407 0 FBIS4-47728 0
407 0 FBIS4-47782 0
407 0 FBIS4-49021 0
407 0 FBIS4-49108 0
407 0 FBIS4-49527 0
407 0 FBIS4-49610 0
407 0 FBIS4-49613 0
407 0 FBIS4-49686 0
407 0 FBIS4-50068 0
407 0 FBIS4-50136 0
407 0 FBIS4-50149 0
407 0 FBIS4-50195 0
407 0 FBIS4-50314 0
407 0 FBIS4-50393 0
407 0 FBIS4-50484 0
407 0 FBIS4-50901 0
407 0 FBIS4-51226 0
407 0 FBIS4-51434 0
407 0 FBIS4-51595 0
407 0 FBIS4-52284 0
407 0 FBIS4-53 0
407 0 FBIS4-56389 0
407 0 FBIS4-5658 0
407 0 FBIS4-57433 0
407 0 FBIS4-57629 0
407 0 FBIS4-58121 0
407 0 FBIS4-60257 0
407 0 FBIS4-61069 0
407 0 FBIS4-61085 0
407 0 FBIS4-61359 0
407 0 FBIS4-61648 0
407 0 FBIS4-62056 0
407 0 FBIS4-62066 0
407 0 FBIS4-62200 0
407 0 FBIS4-62238 0
407 0 FBIS4-66161 0
407 0 FBIS4-66308 0
407 0 FBIS4-66827 0
407 0 FBIS4-67355 0
407 0 FBIS4-67356 0
407 0 FBIS4-67357 0
407 0 FBIS4-67407 0
407 0 FBIS4-67416 0
407 0 FBIS4-67464 0
407 0 FBIS4-67468 0
407 0 FBIS4-67482 0
407 0 FBIS4-67488 0
407 0 FBIS4-67540 0
407 0 FBIS4-67549 0
407 0 FBIS4-67551 0
407 0 FBIS4-68275 0
407 0 FBIS4-68349 0
407 0 FBIS4-68719 0
407 0 FBIS4-68774 0
407 0 FBIS4-68782 0
407 0 FBIS4-68784 0
407 0 FBIS4-68893 0
407 0 FBIS4-7063 0
407 0 FBIS4-9354 0
407 0 FBIS4-939 0
407 0 FR940104-0-00034 0
407 0 FR940104-0-00051 0
407 0 FR940104-0-00061 0
407 0 FR940104-1-00049 0
407 0 FR940104-2-00005 0
407 0 FR940104-2-00006 0
407 0 FR940104-2-00012 0
407 0 FR940106-1-00046 0
407 0 FR940106-1-00049 0
407 0 FR940106-1-00051 0
407 0 FR940106-1-00057 0
407 0 FR940106-1-00072 0
407 0 FR940106-1-00086 0
407 0 FR940106-1-00102 0
407 0 FR940106-1-00116 0
407 0 FR940106-2-00007 0
407 0 FR940106-2-00027 0
407 0 FR940106-2-00028 0
407 0 FR940106-2-00092 0
407 0 FR940110-1-00007 0
407 0 FR940111-0-00019 0
407 0 FR940111-0-00023 0
407 0 FR940111-2-00027 0
407 0 FR940111-2-00039 0
407 0 FR940111-2-00040 0
407 0 FR940111-2-00066 0
407 0 FR940111-2-00067 0
407 0 FR940112-1-00044 0
407 0 FR940112-2-00101 0
407 0 FR940112-2-00115 0
407 0 FR940114-2-00009 0
407 0 FR940114-2-00011 0
407 0 FR940114-2-00023 0
407 0 FR940114-2-00096 0
407 0 FR940114-2-00168 0
407 0 FR940118-1-00026 0
407 0 FR940118-2-00125 0
407 0 FR940119-1-00018 0
407 0 FR940119-1-00022 0
407 0 FR940119-1-00026 0
407 0 FR940119-1-00043 0
407 0 FR940119-1-00050 0
407 0 FR940119-1-00051 0
407 0 FR940119-1-00053 0
407 0 FR940119-1-00054 0
407 0 FR940124-0-00017 0
407 0 FR940124-0-00018 0
407 0 FR940124-0-00019 0
407 0 FR940124-0-00020 0
407 0 FR940124-0-00021 0
407 0 FR940124-0-00022 0
407 0 FR940124-2-00005 0
407 0 FR940124-2-00008 0
407 0 FR940124-2-00025 0
407 0 FR940127-1-00026 0
407 0 FR940127-1-00040 0
407 0 FR940127-1-00056 0
407 0 FR940127-1-00058 0
407 0 FR940127-1-00059 0
407 0 FR940202-0-00106 0
407 0 FR940202-0-00116 0
407 0 FR940202-0-00117 0
407 0 FR940202-0-00119 0
407 0 FR940202-0-00121 0
407 0 FR940202-0-00123 0
407 0 FR940202-1-00038 0
407 0 FR940202-1-00041 0
407 0 FR940202-1-00051 0
407 0 FR940202-2-00021 0
407 0 FR940203-0-00058 0
407 0 FR940203-0-00066 0
407 0 FR940203-0-00067 0
407 0 FR940203-0-00077 0
407 0 FR940203-0-00097 0
407 0 FR940203-2-00026 0
407 0 FR940203-2-00038 0
407 0 FR940203-2-00040 0
407 0 FR940204-0-00049 0
407 0 FR940204-0-00051 0
407 0 FR940204-0-00057 0
407 0 FR940204-0-00064 0
407 0 FR940204-1-00069 0
407 0 FR940204-1-00072 0
407 0 FR940204-1-00073 0
407 0 FR940204-2-00095 0
407 0 FR940207-0-00030 0
407 0 FR940208-0-00084 0
407 0 FR940208-0-00093 0
407 0 FR940208-0-00100 0
407 0 FR940208-0-00110 0
407 0 FR940208-0-00124 0
407 0 FR940216-0-00021 0
407 0 FR940216-0-00030 0
407 0 FR940216-2-00033 0
407 0 FR940216-2-00036 0
407 0 FR940217-1-00037 0
407 0 FR940217-1-00063 0
407 0 FR940217-1-00066 0
407 0 FR940217-1-00068 0
407 0 FR940222-2-00057 0
407 0 FR940224-1-00050 0
407 0 FR940224-1-00060 0
407 0 FR940224-2-00099 0
407 0 FR940228-2-00003 0
407 0 FR940302-0-00027 0
407 0 FR940302-0-00030 0
407 0 FR940302-0-00033 0
407 0 FR940302-0-00034 0
407 0 FR940302-2-00003 0
407 0 FR940303-2-00008 0
407 0 FR940303-2-00009 0
407 0 FR940303-2-00017 0
407 0 FR940303-2-00019 0
407 0 FR940303-2-00020 0
407 0 FR940303-2-00091 0
407 0 FR940303-2-00101 0
407 0 FR940314-1-00033 0
407 0 FR940314-1-00034 0
407 0 FR940314-2-00014 0
407 0 FR940314-2-00015 0
407 0 FR940314-2-00017 0
407 0 FR940314-2-00018 0
407 0 FR940317-1-00045 0
407 0 FR940317-1-00194 0
407 0 FR940317-1-00210 0
407 0 FR940317-1-00213 0
407 0 FR940323-0-00087 0
407 0 FR940324-1-00022 0
407 0 FR940324-1-00023 0
407 0 FR940324-2-00029 0
407 0 FR940325-1-00049 0
407 0 FR940325-1-00057 0
407 0 FR940325-2-00002 0
407 0 FR940325-2-00003 0
407 0 FR940325-2-00117 0
407 0 FR940325-2-00249 0
407 0 FR940328-1-00049 0
407 0 FR940328-1-00057 0
407 0 FR940404-1-00045 0
407 0 FR940404-1-00048 0
407 0 FR940404-1-00049 0
407 0 FR940404-1-00051 0
407 0 FR940404-2-00003 0
407 0 FR940405-2-00004 0
407 0 FR940407-0-00013 0
407 0 FR940407-1-00079 0
407 0 FR940413-0-00058 0
407 0 FR940413-0-00061 0
407 0 FR940413-2-00041 0
407 0 FR940414-0-00073 0
407 0 FR940414-0-00074 0
407 0 FR940414-1-00076 0
407 0 FR940414-2-00003 0
407 0 FR940414-2-00006 0
407 0 FR940418-1-00037 0
407 0 FR940419-1-00020 0
407 0 FR940419-1-00036 0
407 0 FR940419-1-00037 0
407 0 FR940419-1-00047 0
407 0 FR940428-2-00144 0
407 0 FR940428-2-00145 0
407 0 FR940428-2-00154 0
407 0 FR940429-0-00130 0
407 0 FR940429-2-00020 0
407 0 FR940504-0-00057 0
407 0 FR940504-2-00061 0
407 0 FR940505-1-00033 0
407 0 FR940505-2-00006 0
407 0 FR940505-2-00076 0
407 0 FR940506-2-00109 0
407 0 FR940511-0-00027 0
407 0 FR940511-0-00031 0
407 0 FR940511-0-00037 0
407 0 FR940511-0-00040 0
407 0 FR940511-0-00043 0
407 0 FR940511-0-00048 0
407 0 FR940511-0-00061 0
407 0 FR940511-0-00062 0
407 0 FR940511-1-00106 0
407 0 FR940513-2-00118 0
407 0 FR940513-2-00119 0
407 0 FR940513-2-00126 0
407 0 FR940516-0-00095 0
407 0 FR940516-2-00008 0
407 0 FR940523-0-00045 0
407 0 FR940526-0-00051 0
407 0 FR940526-1-00014 0
407 0 FR940526-2-00029 0
407 0 FR940526-2-00060 0
407 0 FR940526-2-00061 0
407 0 FR940602-1-00023 0
407 0 FR940603-0-00064 0
407 0 FR940603-0-00067 0
407 0 FR940603-0-00075 0
407 0 FR940603-0-00076 0
407 0 FR940603-0-00081 0
407 0 FR940603-0-00082 0
407 0 FR940603-0-00098 0
407 0 FR940603-0-00101 0
407 0 FR940603-0-00106 0
407 0 FR940603-0-00114 0
407 0 FR940603-1-00003 0
407 0 FR940603-1-00005 0
407 0 FR940603-1-00009 0
407 0 FR940603-1-00016 0
407 0 FR940603-2-00102 0
407 0 FR940607-2-00049 0
407 0 FR940607-2-00050 0
407 0 FR940607-2-00052 0
407 0 FR940610-0-00137 0
407 0 FR940610-2-00100 0
407 0 FR940613-0-00149 0
407 0 FR940613-2-00003 0
407 0 FR940613-2-00006 0
407 0 FR940616-0-00130 0
407 0 FR940617-2-00145 0
407 0 FR940620-1-00104 0
407 0 FR940622-0-00100 0
407 0 FR940627-0-00085 0
407 0 FR940627-2-00089 0
407 0 FR940628-0-00018 0
407 0 FR940628-0-00019 0
407 0 FR940628-0-00020 0
407 0 FR940630-1-00033 0
407 0 FR940706-2-00103 0
407 0 FR940707-2-00136 0
407 0 FR940707-2-00137 0
407 0 FR940711-1-00061 0
407 0 FR940711-2-00097 0
407 0 FR940711-2-00109 0
407 0 FR940712-1-00024 0
407 0 FR940712-1-00027 0
407 0 FR940712-1-00031 0
407 0 FR940712-1-00044 0
407 0 FR940713-1-00061 0
407 0 FR940713-1-00062 0
407 0 FR940713-2-00046 0
407 0 FR940713-2-00074 0
407 0 FR940719-1-00023 0
407 0 FR940719-1-00024 0
407 0 FR940719-1-00025 0
407 0 FR940719-1-00027 0
407 0 FR940719-1-00030 0
407 0 FR940720-0-00126 0
407 0 FR940720-0-00132 0
407 0 FR940720-0-00133 0
407 0 FR940720-1-00044 0
407 0 FR940720-1-00050 0
407 0 FR940720-1-00053 0
407 0 FR940720-1-00054 0
407 0 FR940720-2-00004 0
407 0 FR940720-2-00060 0
407 0 FR940721-2-00079 0
407 0 FR940721-2-00085 0
407 0 FR940721-2-00086 0
407 0 FR940722-0-00051 0
407 0 FR940722-0-00060 0
407 0 FR940725-1-00004 0
407 0 FR940725-2-00074 0
407 0 FR940725-2-00141 0
407 0 FR940727-0-00036 0
407 0 FR940728-1-00027 0
407 0 FR940728-2-00003 0
407 0 FR940728-2-00065 0
407 0 FR940802-0-00092 0
407 0 FR940802-0-00093 0
407 0 FR940802-0-00094 0
407 0 FR940802-0-00097 0
407 0 FR940802-2-00012 0
407 0 FR940803-1-00078 0
407 0 FR940803-1-00084 0
407 0 FR940803-1-00087 0
407 0 FR940803-2-00049 0
407 0 FR940803-2-00061 0
407 0 FR940804-1-00021 0
407 0 FR940804-1-00035 0
407 0 FR940804-1-00043 0
407 0 FR940804-1-00045 0
407 0 FR940804-1-00046 0
407 0 FR940804-1-00055 0
407 0 FR940805-2-00086 0
407 0 FR940810-0-00046 0
407 0 FR940810-0-00177 0
407 0 FR940810-2-00006 0
407 0 FR940810-2-00080 0
407 0 FR940810-2-00085 0
407 0 FR940816-1-00063 0
407 0 FR940816-1-00068 0
407 0 FR940816-1-00070 0
407 0 FR940816-1-00077 0
407 0 FR940816-1-00078 0
407 0 FR940816-1-00085 0
407 0 FR940817-2-00121 0
407 0 FR940819-2-00011 0
407 0 FR940825-2-00027 0
407 0 FR940830-1-00051 0
407 0 FR940830-1-00055 0
407 0 FR940831-2-00003 0
407 0 FR940831-2-00005 0
407 0 FR940831-2-00008 0
407 0 FR940902-1-00048 0
407 0 FR940902-1-00052 0
407 0 FR940902-1-00061 0
407 0 FR940902-1-00062 0
407 0 FR940902-1-00066 0
407 0 FR940902-1-00069 0
407 0 FR940902-1-00072 0
407 0 FR940906-0-00046 0
407 0 FR940906-0-00052 0
407 0 FR940906-1-00041 0
407 0 FR940907-1-00033 0
407 0 FR940912-1-00063 0
407 0 FR940912-1-00064 0
407 0 FR940912-1-00065 0
407 0 FR940912-2-00002 0
407 0 FR940912-2-00116 0
407 0 FR940913-2-00004 0
407 0 FR940913-2-00070 0
407 0 FR940919-0-00137 0
407 0 FR940919-0-00154 0
407 0 FR940919-2-00120 0
407 0 FR940920-2-00066 0
407 0 FR940920-2-00089 0
407 0 FR940922-0-00030 0
407 0 FR940922-1-00041 0
407 0 FR940922-2-00126 0
407 0 FR940926-0-00051 0
407 0 FR940926-0-00052 0
407 0 FR940926-0-00060 0
407 0 FR940926-1-00019 0
407 0 FR940927-0-00109 0
407 0 FR940927-0-00111 0
407 0 FR940930-0-00126 0
407 0 FR940930-2-00140 0
407 0 FR941003-0-00035 0
407 0 FR941003-0-00103 0
407 0 FR941004-1-00065 0
407 0 FR941004-2-00105 0
407 0 FR941004-2-00106 0
407 0 FR941004-2-00116 0
407 0 FR941005-2-00006 0
407 0 FR941005-2-00089 0
407 0 FR941005-2-00090 0
407 0 FR941006-0-00079 0
407 0 FR941006-2-00009 0
407 0 FR941006-2-00015 0
407 0 FR941006-2-00071 0
407 0 FR941006-2-00103 0
407 0 FR941007-0-00078 0
407 0 FR941012-0-00131 0
407 0 FR941012-2-00089 0
407 0 FR941012-2-00106 0
407 0 FR941013-0-00051 0
407 0 FR941019-2-00099 0
407 0 FR941021-1-00073 0
407 0 FR941021-1-00074 0
407 0 FR941021-1-00075 0
407 0 FR941021-1-00076 0
407 0 FR941021-2-00003 0
407 0 FR941025-1-00043 0
407 0 FR941026-2-00030 0
407 0 FR941026-2-00031 0
407 0 FR941026-2-00032 0
407 0 FR941026-2-00033 0
407 0 FR941026-2-00036 0
407 0 FR941026-2-00069 0
407 0 FR941028-0-00079 0
407 0 FR941028-2-00090 0
407 0 FR941031-0-00035 0
407 0 FR941031-2-00008 0
407 0 FR941103-0-00128 0
407 0 FR941103-0-00133 0
407 0 FR941103-0-00136 0
407 0 FR941103-0-00138 0
407 0 FR941103-0-00141 0
407 0 FR941103-0-00142 0
407 0 FR941103-0-00143 0
407 0 FR941103-0-00148 0
407 0 FR941103-0-00150 0
407 0 FR941103-0-00151 0
407 0 FR941103-0-00152 0
407 0 FR941103-0-00153 0
407 0 FR941103-0-00154 0
407 0 FR941103-1-00016 0
407 0 FR941103-1-00017 0
407 0 FR941103-1-00019 0
407 0 FR941104-1-00043 0
407 0 FR941104-1-00053 0
407 0 FR941104-1-00058 0
407 0 FR941104-2-00062 0
407 0 FR941104-2-00069 0
407 0 FR941107-2-00064 0
407 0 FR941107-2-00108 0
407 0 FR941107-2-00109 0
407 0 FR941110-0-00277 0
407 0 FR941110-0-00299 0
407 0 FR941110-0-00308 0
407 0 FR941116-0-00157 0
407 0 FR941116-2-00002 0
407 0 FR941116-2-00007 0
407 0 FR941117-2-00158 0
407 0 FR941122-0-00050 0
407 0 FR941122-0-00054 0
407 0 FR941122-0-00062 0
407 0 FR941122-0-00065 0
407 0 FR941122-0-00066 0
407 0 FR941122-0-00071 0
407 0 FR941122-0-00076 0
407 0 FR941122-0-00077 0
407 0 FR941122-0-00087 0
407 0 FR941122-0-00091 0
407 0 FR941122-1-00065 0
407 0 FR941122-2-00013 0
407 0 FR941125-2-00122 0
407 0 FR941128-2-00006 0
407 0 FR941130-0-00123 0
407 0 FR941130-2-00066 0
407 0 FR941202-0-00159 0
407 0 FR941205-0-00119 0
407 0 FR941206-1-00134 0
407 0 FR941207-1-00023 0
407 0 FR941207-2-00005 0
407 0 FR941207-2-00007 0
407 0 FR941207-2-00043 0
407 0 FR941207-2-00048 0
407 0 FR941212-0-00137 0
407 0 FR941212-1-00070 0
407 0 FR941212-1-00071 0
407 0 FR941213-2-00005 0
407 0 FR941213-2-00047 0
407 0 FR941213-2-00079 0
407 0 FR941213-2-00081 0
407 0 FR941216-2-00102 0
407 0 FR941219-0-00030 0
407 0 FR941219-0-00036 0
407 0 FR941219-1-00046 0
407 0 FR941219-1-00050 0
407 0 FR941219-2-00096 0
407 0 FR941219-2-00097 0
407 0 FR941219-2-00181 0
407 0 FR941220-0-00058 0
407 0 FR941220-2-00027 0
407 0 FR941220-2-00036 0
407 0 FR941221-2-00003 0
407 0 FR941221-2-00023 0
407 0 FR941221-2-00058 0
407 0 FR941221-2-00059 0
407 0 FR941221-2-00062 0
407 0 FR941221-2-00064 0
407 0 FR941221-2-00066 0
407 0 FR941222-0-00115 0
407 0 FR941222-1-00012 0
407 0 FR941222-1-00020 0
407 0 FR941222-2-00061 0
407 0 FR941227-2-00107 0
407 0 FR941230-0-00084 0
407 0 FR941230-0-00119 0
407 0 FR941230-0-00123 0
407 0 FR941230-2-00003 0
407 0 FT911-1597 0
407 0 FT911-1689 0
407 0 FT911-2339 0
407 0 FT911-2382 0
407 0 FT911-886 0
407 0 FT921-10137 0
407 0 FT921-10191 0
407 0 FT921-13700 0
407 0 FT921-14493 0
407 0 FT921-14695 0
407 0 FT921-14802 0
407 0 FT921-15360 0
407 0 FT921-15691 0
407 0 FT921-15880 0
407 0 FT921-15885 0
407 0 FT921-15886 1
407 0 FT921-15901 1
407 0 FT921-16106 0
407 0 FT921-2048 0
407 0 FT921-3082 0
407 0 FT921-3176 0
407 0 FT921-3331 0
407 0 FT921-3578 0
407 0 FT921-3798 0
407 0 FT921-3940 0
407 0 FT921-4090 0
407 0 FT921-4922 0
407 0 FT921-5044 0
407 0 FT921-5280 0
407 0 FT921-5897 0
407 0 FT921-6318 0
407 0 FT921-6867 0
407 0 FT921-7262 0
407 0 FT921-7422 0
407 0 FT921-7811 0
407 0 FT921-8213 0
407 0 FT921-9144 0
407 0 FT921-9373 0
407 0 FT921-9467 0
407 0 FT921-9471 0
407 0 FT921-9722 0
407 0 FT921-9813 0
407 0 FT921-9891 0
407 0 FT922-11367 0
407 0 FT922-11390 0
407 0 FT922-12690 0
407 0 FT922-12851 0
407 0 FT922-13310 0
407 0 FT922-13419 0
407 0 FT922-13471 0
407 0 FT922-13694 0
407 0 FT922-13711 0
407 0 FT922-2986 0
407 0 FT922-4424 0
407 0 FT922-5198 0
407 0 FT922-5482 0
407 0 FT922-5702 0
407 0 FT922-63 0
407 0 FT922-7402 0
407 0 FT922-7427 0
407 0 FT922-811 0
407 0 FT922-8413 0
407 0 FT922-8555 0
407 0 FT922-8911 0
407 0 FT922-9068 0
407 0 FT922-9362 0
407 0 FT923-12663 0
407 0 FT923-13857 0
407 0 FT923-14977 0
407 0 FT923-1580 0
407 0 FT923-1802 0
407 0 FT923-1974 1
407 0 FT923-3386 0
407 0 FT923-3580 0
407 0 FT923-4655 0
407 0 FT923-6621 0
407 0 FT923-7064 0
407 0 FT923-7654 0
407 0 FT923-7743 0
407 0 FT923-7882 0
407 0 FT923-7979 0
407 0 FT923-8035 0
407 0 FT923-8127 0
407 0 FT923-8709 0
407 0 FT923-8766 0
407 0 FT923-9411 0
407 0 FT924-1076 0
407 0 FT924-1080 0
407 0 FT924-12996 0
407 0 FT924-1439 0
407 0 FT924-1494 0
407 0 FT924-185 0
407 0 FT924-3940 0
407 0 FT924-526 0
407 0 FT924-5404 0
407 0 FT924-6290 0
407 0 FT924-6293 0
407 0 FT924-7230 0
407 0 FT924-8705 0
407 0 FT924-8995 0
407 0 FT931-10146 0
407 0 FT931-10373 0
407 0 FT931-10850 0
407 0 FT931-11688 0
407 0 FT931-12606 0
407 0 FT931-15449 0
407 0 FT931-15777 0
407 0 FT931-16228 0
407 0 FT931-16433 0
407 0 FT931-16591 0
407 0 FT931-2359 0
407 0 FT931-2579 0
407 0 FT931-3885 0
407 0 FT931-5333 0
407 0 FT931-6078 0
407 0 FT931-7615 0
407 0 FT932-11363 0
407 0 FT932-11533 0
407 0 FT932-11936 0
407 0 FT932-12731 0
407 0 FT932-1291 0
407 0 FT932-14022 0
407 0 FT932-14093 0
407 0 FT932-14246 0
407 0 FT932-15359 0
407 0 FT932-15628 0
407 0 FT932-16047 0
407 0 FT932-16493 1
407 0 FT932-2527 0
407 0 FT932-3665 0
407 0 FT932-3834 0
407 0 FT932-5104 0
407 0 FT932-5619 0
407 0 FT932-7114 0
407 0 FT932-723 0
407 0 FT932-7459 1
407 0 FT932-7655 0
407 0 FT932-8017 0
407 0 FT932-9648 0
407 0 FT933-10263 0
407 0 FT933-10485 0
407 0 FT933-11767 0
407 0 FT933-11869 0
407 0 FT933-12178 0
407 0 FT933-13829 0
407 0 FT933-13991 0
407 0 FT933-14995 0
407 0 FT933-16303 0
407 0 FT933-16523 0
407 0 FT933-2616 0
407 0 FT933-3608 0
407 0 FT933-4692 0
407 0 FT933-4759 0
407 0 FT933-4912 0
407 0 FT933-507 0
407 0 FT933-6233 0
407 0 FT933-6692 0
407 0 FT933-6866 0
407 0 FT933-7286 0
407 0 FT933-7467 0
407 0 FT933-8030 0
407 0 FT933-9026 0
407 0 FT933-9187 0
407 0 FT933-9396 0
407 0 FT934-11009 0
407 0 FT934-12420 0
407 0 FT934-13179 0
407 0 FT934-13421 0
407 0 FT934-14149 0
407 0 FT934-14644 0
407 0 FT934-1507 0
407 0 FT934-16947 0
407 0 FT934-17466 0
407 0 FT934-2755 1
407 0 FT934-4117 0
407 0 FT934-4177 0
407 0 FT934-4910 0
407 0 FT934-5306 0
407 0 FT934-7088 0
407 0 FT934-7141 0
407 0 FT934-7913 0
407 0 FT934-7973 0
407 0 FT934-8207 0
407 0 FT934-9265 0
407 0 FT934-9359 0
407 0 FT934-9884 0
407 0 FT941-11631 0
407 0 FT941-11860 0
407 0 FT941-12230 0
407 0 FT941-14920 0
407 0 FT941-16480 0
407 0 FT941-17187 0
407 0 FT941-17339 0
407 0 FT941-1761 0
407 0 FT941-2966 0
407 0 FT941-4753 0
407 0 FT941-5449 0
407 0 FT941-5520 0
407 0 FT941-5673 0
407 0 FT941-731 0
407 0 FT941-8814 0
407 0 FT942-10465 0
407 0 FT942-16221 0
407 0 FT942-17458 0
407 0 FT942-17525 0
407 0 FT942-4663 0
407 0 FT942-5019 0
407 0 FT942-5171 0
407 0 FT942-5210 0
407 0 FT942-5239 0
407 0 FT942-8104 0
407 0 FT942-8489 0
407 0 FT943-10126 0
407 0 FT943-11829 0
407 0 FT943-1263 0
407 0 FT943-1306 0
407 0 FT943-1307 0
407 0 FT943-13804 0
407 0 FT943-14727 0
407 0 FT943-16335 0
407 0 FT943-16673 0
407 0 FT943-16717 0
407 0 FT943-2972 0
407 0 FT943-4128 0
407 0 FT943-6371 0
407 0 FT943-6372 0
407 0 FT943-6374 0
407 0 FT943-6591 0
407 0 FT943-6592 0
407 0 FT943-6594 0
407 0 FT943-6733 0
407 0 FT943-6736 0
407 0 FT943-69 0
407 0 FT943-696 0
407 0 FT944-11458 0
407 0 FT944-11473 1
407 0 FT944-12298 0
407 0 FT944-1367 0
407 0 FT944-13811 0
407 0 FT944-13865 0
407 0 FT944-2988 0
407 0 FT944-4612 0
407 0 FT944-610 0
407 0 FT944-6735 0
407 0 FT944-8559 0
407 0 LA010189-0002 0
407 0 LA010189-0009 0
407 0 LA010189-0032 0
407 0 LA010189-0048 0
407 0 LA010189-0052 0
407 0 LA010590-0066 0
407 0 LA010690-0067 0
407 0 LA010790-0168 0
407 0 LA010889-0078 0
407 0 LA011090-0088 0
407 0 LA011190-0123 0
407 0 LA011289-0110 0
407 0 LA011289-0120 0
407 0 LA011289-0149 0
407 0 LA011389-0030 0
407 0 LA011490-0067 1
407 0 LA011490-0164 0
407 0 LA011589-0005 0
407 0 LA011990-0103 0
407 0 LA012189-0114 0
407 0 LA012489-0067 0
407 0 LA012490-0016 0
407 0 LA012590-0107 0
407 0 LA012989-0070 0
407 0 LA012990-0006 0
407 0 LA012990-0130 0
407 0 LA013190-0023 0
407 0 LA020190-0050 0
407 0 LA020289-0163 0
407 0 LA020390-0094 0
407 0 LA020390-0124 0
407 0 LA020490-0012 0
407 0 LA020790-0083 0
407 0 LA020790-0157 0
407 0 LA021289-0181 0
407 0 LA021589-0058 0
407 0 LA021790-0156 0
407 0 LA021889-0058 0
407 0 LA021890-0042 0
407 0 LA021890-0043 0
407 0 LA021890-0065 1
407 0 LA021990-0046 0
407 0 LA022090-0048 0
407 0 LA022090-0138 0
407 0 LA022189-0029 0
407 0 LA022190-0125 0
407 0 LA022389-0029 0
407 0 LA022390-0074 0
407 0 LA022590-0027 0
407 0 LA022590-0028 0
407 0 LA022590-0117 0
407 0 LA022690-0066 0
407 0 LA022790-0073 0
407 0 LA030190-0148 0
407 0 LA030190-0179 0
407 0 LA030289-0054 0
407 0 LA030289-0071 0
407 0 LA030289-0092 0
407 0 LA030289-0117 0
407 0 LA030290-0059 0
407 0 LA030290-0081 0
407 0 LA030290-0151 0
407 0 LA030490-0084 0
407 0 LA030589-0045 0
407 0 LA030590-0114 0
407 0 LA030789-0013 0
407 0 LA030790-0046 0
407 0 LA030990-0080 0
407 0 LA031190-0094 0
407 0 LA031289-0138 0
407 0 LA031689-0197 0
407 0 LA031690-0124 0
407 0 LA031789-0108 0
407 0 LA032189-0069 0
407 0 LA032190-0067 0
407 0 LA032590-0057 0
407 0 LA032689-0069 0
407 0 LA032689-0196 1
407 0 LA033090-0084 1
407 0 LA033189-0160 0
407 0 LA033190-0155 0
407 0 LA040190-0028 0
407 0 LA040190-0209 0
407 0 LA040289-0010 0
407 0 LA040289-0047 0
407 0 LA040289-0211 0
407 0 LA040489-0014 0
407 0 LA040690-0171 0
407 0 LA040790-0101 0
407 0 LA040889-0073 0
407 0 LA040890-0069 0
407 0 LA040890-0070 0
407 0 LA040890-0130 0
407 0 LA040890-0150 0
407 0 LA040890-0151 0
407 0 LA040890-0156 0
407 0 LA040890-0171 0
407 0 LA040890-0185 0
407 0 LA040890-0186 0
407 0 LA040890-0187 0
407 0 LA040890-0248 0
407 0 LA040989-0217 0
407 0 LA040990-0037 0
407 0 LA040990-0145 0
407 0 LA041089-0061 0
407 0 LA041190-0004 0
407 0 LA041190-0062 0
407 0 LA041289-0049 0
407 0 LA041389-0022 0
407 0 LA041389-0025 0
407 0 LA041390-0055 0
407 0 LA041489-0001 0
407 0 LA041489-0071 0
407 0 LA041489-0143 0
407 0 LA041590-0153 0
407 0 LA041590-0211 0
407 0 LA041689-0033 0
407 0 LA041689-0048 0
407 0 LA041690-0084 0
407 0 LA041889-0116 0
407 0 LA041989-0088 0
407 0 LA041990-0006 0
407 0 LA041990-0018 0
407 0 LA041990-0066 0
407 0 LA041990-0092 0
407 0 LA042089-0006 0
407 0 LA042290-0017 1
407 0 LA042290-0101 1
407 0 LA042690-0126 0
407 0 LA042890-0164 0
407 0 LA043090-0034 0
407 0 LA050189-0001 0
407 0 LA050189-0016 1
407 0 LA050190-0200 0
407 0 LA050290-0049 0
407 0 LA050489-0070 1
407 0 LA050690-0206 0
407 0 LA050789-0166 0
407 0 LA050790-0006 0
407 0 LA051090-0128 0
407 0 LA051290-0079 0
407 0 LA051790-0142 0
407 0 LA051989-0171 0
407 0 LA051990-0043 1
407 0 LA052189-0090 0
407 0 LA052289-0007 0
407 0 LA052289-0050 0
407 0 LA052889-0189 0
407 0 LA053190-0097 0
407 0 LA060190-0079 0
407 0 LA060390-0100 0
407 0 LA060390-0131 0
407 0 LA060390-0172 0
407 0 LA060390-0198 0
407 0 LA060490-0042 0
407 0 LA060689-0018 0
407 0 LA060790-0053 0
407 0 LA060790-0110 0
407 0 LA060989-0187 0
407 0 LA061390-0077 0
407 0 LA061790-0082 0
407 0 LA061990-0140 0
407 0 LA062089-0013 0
407 0 LA062090-0097 0
407 0 LA062189-0059 0
407 0 LA062289-0036 0
407 0 LA062490-0004 1
407 0 LA062689-0068 0
407 0 LA062989-0013 1
407 0 LA070789-0156 0
407 0 LA071090-0064 0
407 0 LA071190-0055 0
407 0 LA071389-0138 0
407 0 LA071489-0003 0
407 0 LA071489-0031 0
407 0 LA071489-0040 0
407 0 LA071490-0059 0
407 0 LA071589-0056 0
407 0 LA071590-0178 0
407 0 LA071690-0033 0
407 0 LA071790-0048 0
407 0 LA071790-0077 0
407 0 LA071790-0085 0
407 0 LA071990-0073 0
407 0 LA071990-0074 0
407 0 LA071990-0079 0
407 0 LA072090-0034 0
407 0 LA072289-0117 0
407 0 LA072290-0086 0
407 0 LA072290-0173 0
407 0 LA072390-0073 0
407 0 LA072590-0125 0
407 0 LA072690-0070 0
407 0 LA072990-0149 0
407 0 LA073089-0110 0
407 0 LA073089-0118 0
407 0 LA073090-0137 0
407 0 LA080289-0056 0
407 0 LA080590-0037 0
407 0 LA080590-0065 1
407 0 LA080590-0136 0
407 0 LA080689-0107 0
407 0 LA080690-0029 0
407 0 LA080990-0034 0
407 0 LA081089-0030 0
407 0 LA081289-0110 0
407 0 LA081290-0090 0
407 0 LA081290-0121 0
407 0 LA081390-0042 0
407 0 LA081590-0049 0
407 0 LA081690-0137 0
407 0 LA081790-0078 0
407 0 LA082089-0049 0
407 0 LA082090-0058 1
407 0 LA082289-0021 0
407 0 LA082290-0075 0
407 0 LA082290-0131 0
407 0 LA082389-0093 0
407 0 LA082390-0001 0
407 0 LA082390-0080 0
407 0 LA082490-0075 0
407 0 LA082690-0054 0
407 0 LA082690-0129 0
407 0 LA082890-0086 0
407 0 LA083189-0120 0
407 0 LA090190-0099 0
407 0 LA090789-0114 0
407 0 LA090990-0035 0
407 0 LA091089-0031 0
407 0 LA091389-0134 0
407 0 LA091489-0151 0
407 0 LA091490-0062 0
407 0 LA091490-0085 0
407 0 LA091589-0043 0
407 0 LA091690-0023 0
407 0 LA091690-0058 0
407 0 LA091789-0201 0
407 0 LA091790-0062 0
407 0 LA091989-0003 0
407 0 LA091989-0127 0
407 0 LA092390-0049 0
407 0 LA092390-0199 0
407 0 LA092690-0080 0
407 0 LA092890-0186 0
407 0 LA093090-0060 0
407 0 LA100189-0051 1
407 0 LA100189-0102 0
407 0 LA100289-0048 0
407 0 LA100590-0068 0
407 0 LA100789-0110 0
407 0 LA100790-0175 0
407 0 LA100790-0209 0
407 0 LA100890-0120 0
407 0 LA101090-0050 0
407 0 LA101190-0142 0
407 0 LA101389-0054 0
407 0 LA101490-0011 0
407 0 LA101490-0070 0
407 0 LA101490-0086 0
407 0 LA101490-0087 0
407 0 LA101490-0161 0
407 0 LA101589-0093 0
407 0 LA101590-0069 0
407 0 LA101790-0085 0
407 0 LA101889-0078 0
407 0 LA101989-0151 0
407 0 LA101990-0052 0
407 0 LA102089-0182 0
407 0 LA102189-0073 0
407 0 LA102190-0082 0
407 0 LA102389-0013 0
407 0 LA102590-0105 0
407 0 LA102590-0193 0
407 0 LA102689-0204 0
407 0 LA102789-0180 0
407 0 LA103189-0004 0
407 0 LA110189-0082 0
407 0 LA110190-0006 0
407 0 LA110690-0108 0
407 0 LA111190-0043 0
407 0 LA111589-0120 0
407 0 LA111590-0032 0
407 0 LA111590-0208 0
407 0 LA111689-0062 0
407 0 LA111989-0072 0
407 0 LA111989-0079 0
407 0 LA111989-0091 0
407 0 LA111989-0110 0
407 0 LA111990-0051 0
407 0 LA112189-0037 0
407 0 LA112289-0025 0
407 0 LA112290-0228 0
407 0 LA112690-0061 0
407 0 LA112890-0062 0
407 0 LA113089-0055 0
407 0 LA120289-0025 0
407 0 LA120290-0047 0
407 0 LA120290-0119 0
407 0 LA120789-0100 0
407 0 LA120989-0002 0
407 0 LA120989-0114 0
407 0 LA120990-0084 0
407 0 LA120990-0191 0
407 0 LA121089-0007 1
407 0 LA121089-0033 0
407 0 LA121089-0204 0
407 0 LA121490-0038 0
407 0 LA121690-0103 0
407 0 LA121890-0117 0
407 0 LA122390-0067 0
407 0 LA122589-0051 0
407 0 LA122689-0012 0
407 0 LA122690-0005 0
407 0 LA122690-0053 0
407 0 LA122789-0074 0
407 0 LA122790-0033 0
407 0 LA122790-0075 0
407 0 LA122889-0031 0
407 0 LA123090-0034 0
