427 0 FBIS3-10000 0
427 0 FBIS3-10875 0
427 0 FBIS3-12296 0
427 0 FBIS3-132 0
427 0 FBIS3-13208 0
427 0 FBIS3-13226 0
427 0 FBIS3-1338 0
427 0 FBIS3-14263 0
427 0 FBIS3-14832 0
427 0 FBIS3-16582 0
427 0 FBIS3-16769 0
427 0 FBIS3-17422 0
427 0 FBIS3-1747 0
427 0 FBIS3-18862 0
427 0 FBIS3-1941 0
427 0 FBIS3-19693 0
427 0 FBIS3-2008 0
427 0 FBIS3-20441 0
427 0 FBIS3-20442 0
427 0 FBIS3-20491 0
427 0 FBIS3-20796 0
427 0 FBIS3-20797 0
427 0 FBIS3-20970 0
427 0 FBIS3-21115 0
427 0 FBIS3-21138 0
427 0 FBIS3-21189 0
427 0 FBIS3-21193 0
427 0 FBIS3-21198 0
427 0 FBIS3-21199 0
427 0 FBIS3-21203 0
427 0 FBIS3-21268 0
427 0 FBIS3-21441 0
427 0 FBIS3-21514 0
427 0 FBIS3-21866 0
427 0 FBIS3-22119 0
427 0 FBIS3-22449 0
427 0 FBIS3-22509 0
427 0 FBIS3-22510 0
427 0 FBIS3-22586 0
427 0 FBIS3-22597 0
427 0 FBIS3-22639 0
427 0 FBIS3-22772 0
427 0 FBIS3-23 0
427 0 FBIS3-23201 0
427 0 FBIS3-23328 0
427 0 FBIS3-23561 0
427 0 FBIS3-23735 0
427 0 FBIS3-24028 0
427 0 FBIS3-24088 0
427 0 FBIS3-24453 0
427 0 FBIS3-24576 0
427 0 FBIS3-24610 0
427 0 FBIS3-24611 0
427 0 FBIS3-24619 0
427 0 FBIS3-24648 0
427 0 FBIS3-24653 0
427 0 FBIS3-24670 0
427 0 FBIS3-24678 0
427 0 FBIS3-2469 0
427 0 FBIS3-25695 0
427 0 FBIS3-25902 0
427 0 FBIS3-26006 0
427 0 FBIS3-27468 0
427 0 FBIS3-27515 0
427 0 FBIS3-28374 0
427 0 FBIS3-28379 0
427 0 FBIS3-28745 0
427 0 FBIS3-28843 0
427 0 FBIS3-28974 0
427 0 FBIS3-28975 0
427 0 FBIS3-28976 0
427 0 FBIS3-28982 0
427 0 FBIS3-29 0
427 0 FBIS3-29024 0
427 0 FBIS3-29029 0
427 0 FBIS3-29283 0
427 0 FBIS3-29369 0
427 0 FBIS3-29498 0
427 0 FBIS3-30042 0
427 0 FBIS3-30075 0
427 0 FBIS3-30533 0
427 0 FBIS3-32193 0
427 0 FBIS3-32560 0
427 0 FBIS3-33991 0
427 0 FBIS3-34933 0
427 0 FBIS3-35 0
427 0 FBIS3-35101 0
427 0 FBIS3-35195 0
427 0 FBIS3-36078 0
427 0 FBIS3-37947 0
427 0 FBIS3-38170 0
427 0 FBIS3-3924 0
427 0 FBIS3-39296 0
427 0 FBIS3-39358 0
427 0 FBIS3-39390 0
427 0 FBIS3-3979 0
427 0 FBIS3-40087 0
427 0 FBIS3-40130 0
427 0 FBIS3-40194 0
427 0 FBIS3-40388 0
427 0 FBIS3-40495 0
427 0 FBIS3-40497 0
427 0 FBIS3-40545 0
427 0 FBIS3-40726 0
427 0 FBIS3-40893 0
427 0 FBIS3-41060 0
427 0 FBIS3-41061 0
427 0 FBIS3-41253 0
427 0 FBIS3-4147 0
427 0 FBIS3-41499 0
427 0 FBIS3-41571 0
427 0 FBIS3-41586 0
427 0 FBIS3-41666 0
427 0 FBIS3-41868 0
427 0 FBIS3-41905 0
427 0 FBIS3-41924 0
427 0 FBIS3-41940 0
427 0 FBIS3-41982 0
427 0 FBIS3-42393 0
427 0 FBIS3-42399 0
427 0 FBIS3-42459 0
427 0 FBIS3-42596 0
427 0 FBIS3-42798 0
427 0 FBIS3-42811 0
427 0 FBIS3-42940 0
427 0 FBIS3-42984 0
427 0 FBIS3-42996 0
427 0 FBIS3-43004 0
427 0 FBIS3-43034 0
427 0 FBIS3-43042 0
427 0 FBIS3-43046 0
427 0 FBIS3-43047 0
427 0 FBIS3-43065 1
427 0 FBIS3-43166 0
427 0 FBIS3-43220 0
427 0 FBIS3-43602 0
427 0 FBIS3-44437 0
427 0 FBIS3-44604 0
427 0 FBIS3-45645 0
427 0 FBIS3-45707 0
427 0 FBIS3-46291 0
427 0 FBIS3-46422 0
427 0 FBIS3-46635 0
427 0 FBIS3-47025 0
427 0 FBIS3-47890 0
427 0 FBIS3-47901 0
427 0 FBIS3-48338 0
427 0 FBIS3-5006 0
427 0 FBIS3-50510 0
427 0 FBIS3-51343 0
427 0 FBIS3-51398 0
427 0 FBIS3-53791 0
427 0 FBIS3-54229 0
427 0 FBIS3-5445 0
427 0 FBIS3-54461 0
427 0 FBIS3-56208 0
427 0 FBIS3-5642 0
427 0 FBIS3-57963 0
427 0 FBIS3-58 0
427 0 FBIS3-58114 0
427 0 FBIS3-58837 0
427 0 FBIS3-5890 0
427 0 FBIS3-58927 0
427 0 FBIS3-59264 0
427 0 FBIS3-59382 0
427 0 FBIS3-59491 0
427 0 FBIS3-59599 0
427 0 FBIS3-59629 0
427 0 FBIS3-59659 0
427 0 FBIS3-59722 0
427 0 FBIS3-59756 0
427 0 FBIS3-59759 0
427 0 FBIS3-59791 0
427 0 FBIS3-5985 0
427 0 FBIS3-60336 0
427 0 FBIS3-60385 1
427 0 FBIS3-60730 0
427 0 FBIS3-61180 0
427 0 FBIS3-61192 0
427 0 FBIS3-61204 0
427 0 FBIS3-61335 0
427 0 FBIS3-61336 0
427 0 FBIS3-61516 0
427 0 FBIS3-61519 0
427 0 FBIS3-61530 0
427 0 FBIS3-61574 0
427 0 FBIS3-6482 0
427 0 FBIS3-668 0
427 0 FBIS3-669 0
427 0 FBIS3-67 0
427 0 FBIS3-7027 0
427 0 FBIS3-7114 0
427 0 FBIS3-7342 0
427 0 FBIS3-7684 0
427 0 FBIS3-7916 0
427 0 FBIS3-8673 0
427 0 FBIS3-9142 0
427 0 FBIS3-926 0
427 0 FBIS4-1003 0
427 0 FBIS4-10326 0
427 0 FBIS4-11284 0
427 0 FBIS4-1141 0
427 0 FBIS4-12448 0
427 0 FBIS4-12992 0
427 0 FBIS4-13262 0
427 0 FBIS4-1440 0
427 0 FBIS4-17586 0
427 0 FBIS4-17832 0
427 0 FBIS4-19 0
427 0 FBIS4-20301 0
427 0 FBIS4-20326 0
427 0 FBIS4-20465 0
427 0 FBIS4-20473 0
427 0 FBIS4-20504 0
427 0 FBIS4-20531 0
427 0 FBIS4-20569 0
427 0 FBIS4-20617 0
427 0 FBIS4-20623 0
427 0 FBIS4-20651 0
427 0 FBIS4-20682 0
427 0 FBIS4-20688 0
427 0 FBIS4-20741 0
427 0 FBIS4-20832 0
427 0 FBIS4-2115 0
427 0 FBIS4-21383 0
427 0 FBIS4-21487 0
427 0 FBIS4-21531 0
427 0 FBIS4-21574 0
427 0 FBIS4-21623 0
427 0 FBIS4-21998 0
427 0 FBIS4-22152 0
427 0 FBIS4-22220 0
427 0 FBIS4-22223 0
427 0 FBIS4-22339 0
427 0 FBIS4-22629 0
427 0 FBIS4-22763 0
427 0 FBIS4-22862 0
427 0 FBIS4-22928 0
427 0 FBIS4-22963 0
427 0 FBIS4-22989 0
427 0 FBIS4-23057 0
427 0 FBIS4-23060 0
427 0 FBIS4-23084 0
427 0 FBIS4-23114 0
427 0 FBIS4-23131 0
427 0 FBIS4-25085 0
427 0 FBIS4-25379 0
427 0 FBIS4-25445 0
427 0 FBIS4-25482 0
427 0 FBIS4-25510 0
427 0 FBIS4-25699 0
427 0 FBIS4-26014 0
427 0 FBIS4-26610 0
427 0 FBIS4-26676 0
427 0 FBIS4-26677 0
427 0 FBIS4-26680 0
427 0 FBIS4-27455 0
427 0 FBIS4-27472 0
427 0 FBIS4-27749 0
427 0 FBIS4-27788 0
427 0 FBIS4-27974 0
427 0 FBIS4-28298 0
427 0 FBIS4-28712 0
427 0 FBIS4-29 0
427 0 FBIS4-29632 0
427 0 FBIS4-29774 0
427 0 FBIS4-33870 0
427 0 FBIS4-35380 0
427 0 FBIS4-36049 0
427 0 FBIS4-36600 0
427 0 FBIS4-3719 0
427 0 FBIS4-37349 0
427 0 FBIS4-38673 0
427 0 FBIS4-42 0
427 0 FBIS4-43233 0
427 0 FBIS4-44612 0
427 0 FBIS4-44661 0
427 0 FBIS4-44781 0
427 0 FBIS4-44877 0
427 0 FBIS4-44892 0
427 0 FBIS4-44912 0
427 0 FBIS4-44915 0
427 0 FBIS4-44916 0
427 0 FBIS4-44962 0
427 0 FBIS4-45041 0
427 0 FBIS4-45046 0
427 0 FBIS4-45133 0
427 0 FBIS4-45311 0
427 0 FBIS4-45377 0
427 0 FBIS4-45664 0
427 0 FBIS4-45720 0
427 0 FBIS4-45812 0
427 0 FBIS4-45958 0
427 0 FBIS4-45959 0
427 0 FBIS4-46483 0
427 0 FBIS4-46621 0
427 0 FBIS4-46656 0
427 0 FBIS4-46702 0
427 0 FBIS4-46879 0
427 0 FBIS4-47014 0
427 0 FBIS4-47401 0
427 0 FBIS4-47414 0
427 0 FBIS4-47421 0
427 0 FBIS4-47476 0
427 0 FBIS4-47488 0
427 0 FBIS4-47496 0
427 0 FBIS4-47585 0
427 0 FBIS4-47592 0
427 0 FBIS4-47609 0
427 0 FBIS4-47613 0
427 0 FBIS4-47629 0
427 0 FBIS4-49021 0
427 0 FBIS4-49251 0
427 0 FBIS4-49386 0
427 0 FBIS4-49414 0
427 0 FBIS4-49776 0
427 0 FBIS4-50011 0
427 0 FBIS4-50181 0
427 0 FBIS4-50452 0
427 0 FBIS4-51602 0
427 0 FBIS4-51794 0
427 0 FBIS4-52040 0
427 0 FBIS4-52044 0
427 0 FBIS4-52136 0
427 0 FBIS4-52159 0
427 0 FBIS4-52303 0
427 0 FBIS4-52717 0
427 0 FBIS4-52928 0
427 0 FBIS4-52956 0
427 0 FBIS4-53078 0
427 0 FBIS4-53138 0
427 0 FBIS4-53281 0
427 0 FBIS4-53433 0
427 0 FBIS4-53455 0
427 0 FBIS4-53862 0
427 0 FBIS4-54007 0
427 0 FBIS4-55052 0
427 0 FBIS4-55912 0
427 0 FBIS4-57220 0
427 0 FBIS4-58615 0
427 0 FBIS4-59687 0
427 0 FBIS4-60312 0
427 0 FBIS4-60508 0
427 0 FBIS4-6086 0
427 0 FBIS4-63557 0
427 0 FBIS4-64233 0
427 0 FBIS4-64403 0
427 0 FBIS4-65400 0
427 0 FBIS4-65499 0
427 0 FBIS4-65725 0
427 0 FBIS4-66159 0
427 0 FBIS4-66192 0
427 0 FBIS4-66193 0
427 0 FBIS4-66218 0
427 0 FBIS4-66219 0
427 0 FBIS4-66276 0
427 0 FBIS4-66298 0
427 0 FBIS4-66484 0
427 0 FBIS4-66615 0
427 0 FBIS4-66759 0
427 0 FBIS4-66827 0
427 0 FBIS4-66838 0
427 0 FBIS4-66916 0
427 0 FBIS4-66983 0
427 0 FBIS4-67206 0
427 0 FBIS4-67398 0
427 0 FBIS4-67542 0
427 0 FBIS4-67745 0
427 0 FBIS4-67877 0
427 0 FBIS4-68220 0
427 0 FBIS4-68225 0
427 0 FBIS4-68275 0
427 0 FBIS4-68349 0
427 0 FBIS4-68471 0
427 0 FBIS4-68508 0
427 0 FBIS4-68522 0
427 0 FBIS4-68547 0
427 0 FBIS4-68721 0
427 0 FBIS4-68772 0
427 0 FBIS4-68827 0
427 0 FBIS4-68846 0
427 0 FBIS4-68848 0
427 0 FBIS4-68852 0
427 0 FBIS4-68864 0
427 0 FBIS4-68866 0
427 0 FBIS4-68879 0
427 0 FBIS4-68880 0
427 0 FBIS4-68881 0
427 0 FBIS4-68884 0
427 0 FBIS4-7006 0
427 0 FBIS4-7692 0
427 0 FBIS4-8067 0
427 0 FBIS4-9681 0
427 0 FBIS4-9736 0
427 0 FBIS4-9754 0
427 0 FR940104-0-00033 0
427 0 FR940104-2-00085 0
427 0 FR940104-2-00086 0
427 0 FR940104-2-00087 0
427 0 FR940105-2-00109 0
427 0 FR940106-2-00110 0
427 0 FR940106-2-00143 0
427 0 FR940112-2-00137 0
427 0 FR940119-2-00006 0
427 0 FR940119-2-00020 0
427 0 FR940119-2-00067 0
427 0 FR940124-1-00010 0
427 0 FR940125-2-00027 0
427 0 FR940126-2-00098 0
427 0 FR940127-2-00018 0
427 0 FR940127-2-00178 0
427 0 FR940128-2-00238 0
427 0 FR940128-2-00242 0
427 0 FR940202-0-00032 0
427 0 FR940202-2-00072 0
427 0 FR940202-2-00110 0
427 0 FR940202-2-00119 0
427 0 FR940202-2-00139 0
427 0 FR940203-0-00084 0
427 0 FR940203-1-00010 0
427 0 FR940203-1-00069 0
427 0 FR940207-2-00199 0
427 0 FR940207-2-00209 0
427 0 FR940208-2-00135 0
427 0 FR940216-0-00080 0
427 0 FR940216-0-00099 0
427 0 FR940216-0-00251 0
427 0 FR940216-0-00252 0
427 0 FR940216-2-00036 0
427 0 FR940216-2-00049 0
427 0 FR940222-2-00101 0
427 0 FR940223-2-00118 0
427 0 FR940223-2-00145 0
427 0 FR940228-1-00028 0
427 0 FR940228-2-00122 0
427 0 FR940302-0-00024 0
427 0 FR940302-2-00082 0
427 0 FR940302-2-00109 0
427 0 FR940303-2-00213 0
427 0 FR940304-1-00072 0
427 0 FR940304-1-00087 0
427 0 FR940304-1-00088 0
427 0 FR940304-1-00164 0
427 0 FR940304-2-00135 0
427 0 FR940314-1-00041 0
427 0 FR940317-1-00069 0
427 0 FR940317-1-00133 0
427 0 FR940317-2-00063 0
427 0 FR940317-2-00124 0
427 0 FR940318-0-00170 0
427 0 FR940318-0-00173 0
427 0 FR940318-0-00185 0
427 0 FR940318-0-00205 0
427 0 FR940318-0-00213 0
427 0 FR940318-2-00058 0
427 0 FR940318-2-00107 1
427 0 FR940318-2-00272 0
427 0 FR940318-2-00277 0
427 0 FR940323-0-00023 0
427 0 FR940323-2-00169 0
427 0 FR940324-2-00151 0
427 0 FR940324-2-00153 0
427 0 FR940405-1-00041 0
427 0 FR940405-1-00045 0
427 0 FR940405-1-00054 0
427 0 FR940405-1-00066 0
427 0 FR940405-1-00067 0
427 0 FR940405-1-00074 0
427 0 FR940405-1-00098 0
427 0 FR940405-1-00102 0
427 0 FR940405-1-00128 0
427 0 FR940405-1-00142 0
427 0 FR940406-2-00139 0
427 0 FR940406-2-00140 0
427 0 FR940412-0-00010 0
427 0 FR940412-2-00174 0
427 0 FR940413-2-00079 0
427 0 FR940413-2-00130 0
427 0 FR940414-1-00014 0
427 0 FR940414-2-00071 0
427 0 FR940414-2-00073 0
427 0 FR940414-2-00162 0
427 0 FR940425-1-00003 0
427 0 FR940426-2-00112 0
427 0 FR940426-2-00114 0
427 0 FR940503-2-00031 0
427 0 FR940503-2-00038 0
427 0 FR940503-2-00152 0
427 0 FR940504-1-00065 0
427 0 FR940504-2-00033 0
427 0 FR940504-2-00102 0
427 0 FR940505-2-00148 0
427 0 FR940505-2-00153 0
427 0 FR940505-2-00154 0
427 0 FR940506-2-00022 0
427 0 FR940506-2-00165 0
427 0 FR940511-2-00196 0
427 0 FR940512-2-00050 0
427 0 FR940512-2-00158 0
427 0 FR940513-0-00178 0
427 0 FR940513-1-00069 0
427 0 FR940516-0-00008 0
427 0 FR940516-1-00068 0
427 0 FR940516-1-00120 0
427 0 FR940523-2-00066 0
427 0 FR940523-2-00139 0
427 0 FR940524-2-00112 0
427 0 FR940525-0-00031 0
427 0 FR940525-1-00086 0
427 0 FR940525-2-00202 0
427 0 FR940526-2-00005 0
427 0 FR940527-0-00082 0
427 0 FR940527-0-00146 0
427 0 FR940527-1-00237 0
427 0 FR940527-2-00103 0
427 0 FR940527-2-00123 0
427 0 FR940527-2-00191 0
427 0 FR940602-1-00026 0
427 0 FR940602-1-00044 0
427 0 FR940602-1-00061 0
427 0 FR940602-1-00075 0
427 0 FR940602-2-00038 0
427 0 FR940602-2-00149 0
427 0 FR940603-2-00148 0
427 0 FR940606-1-00040 0
427 0 FR940606-2-00109 0
427 0 FR940607-2-00137 0
427 0 FR940610-2-00023 0
427 0 FR940610-2-00201 0
427 0 FR940610-2-00239 0
427 0 FR940613-0-00039 0
427 0 FR940613-2-00067 0
427 0 FR940613-2-00105 0
427 0 FR940616-1-00017 0
427 0 FR940616-2-00105 0
427 0 FR940616-2-00150 0
427 0 FR940617-0-00090 0
427 0 FR940617-0-00091 0
427 0 FR940617-1-00066 0
427 0 FR940617-1-00069 0
427 0 FR940622-1-00020 0
427 0 FR940622-1-00022 0
427 0 FR940622-2-00075 0
427 0 FR940627-0-00171 0
427 0 FR940627-0-00255 0
427 0 FR940628-2-00114 0
427 0 FR940705-0-00037 0
427 0 FR940705-0-00038 0
427 0 FR940705-0-00040 0
427 0 FR940705-0-00041 0
427 0 FR940705-0-00042 0
427 0 FR940705-0-00043 0
427 0 FR940705-0-00044 0
427 0 FR940705-0-00045 0
427 0 FR940705-0-00046 0
427 0 FR940705-2-00043 0
427 0 FR940706-2-00126 0
427 0 FR940711-2-00084 0
427 0 FR940711-2-00085 0
427 0 FR940711-2-00170 0
427 0 FR940720-0-00065 0
427 0 FR940720-0-00093 0
427 0 FR940720-0-00094 0
427 0 FR940721-1-00083 0
427 0 FR940721-1-00085 0
427 0 FR940721-1-00092 0
427 0 FR940727-1-00049 0
427 0 FR940728-2-00130 0
427 0 FR940802-1-00015 0
427 0 FR940802-2-00011 0
427 0 FR940803-2-00017 0
427 0 FR940803-2-00061 0
427 0 FR940810-0-00018 0
427 0 FR940810-0-00066 0
427 0 FR940810-0-00074 0
427 0 FR940810-0-00186 0
427 0 FR940810-0-00269 0
427 0 FR940810-2-00025 0
427 0 FR940812-2-00229 0
427 0 FR940816-2-00071 0
427 0 FR940817-2-00082 0
427 0 FR940817-2-00213 0
427 0 FR940817-2-00230 0
427 0 FR940822-0-00067 0
427 0 FR940822-0-00077 0
427 0 FR940825-1-00028 0
427 0 FR940825-2-00086 0
427 0 FR940831-1-00024 0
427 0 FR940831-2-00107 0
427 0 FR940831-2-00125 0
427 0 FR940831-2-00166 0
427 0 FR940902-1-00048 0
427 0 FR940906-2-00104 1
427 0 FR940907-0-00028 0
427 0 FR940920-1-00116 0
427 0 FR940921-0-00137 0
427 0 FR940921-2-00028 0
427 0 FR940922-2-00124 0
427 0 FR940927-0-00113 0
427 0 FR940928-0-00049 0
427 0 FR940928-0-00050 0
427 0 FR940928-0-00056 0
427 0 FR940930-0-00120 0
427 0 FR941004-1-00014 0
427 0 FR941004-1-00059 0
427 0 FR941006-2-00132 0
427 0 FR941007-1-00014 0
427 0 FR941011-2-00024 0
427 0 FR941012-0-00030 0
427 0 FR941012-2-00106 0
427 0 FR941019-1-00064 0
427 0 FR941019-2-00006 0
427 0 FR941019-2-00019 0
427 0 FR941020-0-00067 0
427 0 FR941020-2-00040 0
427 0 FR941026-2-00082 0
427 0 FR941028-2-00156 0
427 0 FR941028-2-00162 0
427 0 FR941028-2-00165 0
427 0 FR941028-2-00175 0
427 0 FR941028-2-00198 0
427 0 FR941028-2-00212 0
427 0 FR941028-2-00214 0
427 0 FR941028-2-00218 0
427 0 FR941028-2-00223 0
427 0 FR941102-0-00081 0
427 0 FR941102-1-00119 0
427 0 FR941116-2-00082 0
427 0 FR941117-0-00105 0
427 0 FR941117-0-00154 0
427 0 FR941117-2-00158 0
427 0 FR941125-1-00012 0
427 0 FR941125-1-00033 0
427 0 FR941130-0-00123 0
427 0 FR941202-0-00015 0
427 0 FR941202-2-00200 0
427 0 FR941205-0-00123 0
427 0 FR941205-0-00125 0
427 0 FR941205-0-00127 0
427 0 FR941205-0-00131 0
427 0 FR941205-2-00030 0
427 0 FR941205-2-00034 0
427 0 FR941206-1-00073 0
427 0 FR941207-2-00068 0
427 0 FR941212-0-00090 0
427 0 FR941213-0-00084 0
427 0 FR941219-2-00173 0
427 0 FR941219-2-00177 0
427 0 FR941220-0-00018 0
427 0 FR941220-2-00086 0
427 0 FR941221-2-00021 0
427 0 FR941221-2-00054 0
427 0 FR941221-2-00104 0
427 0 FR941222-1-00072 0
427 0 FR941230-0-00119 0
427 0 FR941230-0-00123 0
427 0 FT911-2327 0
427 0 FT911-383 0
427 0 FT911-5185 0
427 0 FT911-864 0
427 0 FT921-10298 0
427 0 FT921-10884 0
427 0 FT921-1147 0
427 0 FT921-11791 0
427 0 FT921-12752 0
427 0 FT921-12940 0
427 0 FT921-12952 0
427 0 FT921-13023 0
427 0 FT921-13175 0
427 0 FT921-15363 0
427 0 FT921-15910 0
427 0 FT921-16530 0
427 0 FT921-16538 0
427 0 FT921-2351 0
427 0 FT921-2803 0
427 0 FT921-2827 0
427 0 FT921-310 0
427 0 FT921-4035 0
427 0 FT921-4374 0
427 0 FT921-4821 0
427 0 FT921-603 0
427 0 FT921-6850 0
427 0 FT921-7107 0
427 0 FT921-8131 0
427 0 FT921-8423 0
427 0 FT921-9138 0
427 0 FT921-9395 0
427 0 FT921-9775 0
427 0 FT922-14119 0
427 0 FT922-14367 0
427 0 FT922-1674 0
427 0 FT922-2509 0
427 0 FT922-2958 0
427 0 FT922-299 0
427 0 FT922-5107 0
427 0 FT922-5219 0
427 0 FT922-7694 0
427 0 FT922-7914 0
427 0 FT922-8029 0
427 0 FT923-11241 0
427 0 FT923-12008 0
427 0 FT923-12411 0
427 0 FT923-12757 0
427 0 FT923-14588 0
427 0 FT923-1520 0
427 0 FT923-186 0
427 0 FT923-2516 0
427 0 FT923-4963 0
427 0 FT923-5183 0
427 0 FT923-528 0
427 0 FT923-6643 0
427 0 FT923-8401 0
427 0 FT924-10420 0
427 0 FT924-11138 0
427 0 FT924-11200 0
427 0 FT924-11252 0
427 0 FT924-11987 0
427 0 FT924-13865 0
427 0 FT924-14861 0
427 0 FT924-15322 0
427 0 FT924-15737 0
427 0 FT924-223 0
427 0 FT924-310 0
427 0 FT924-405 0
427 0 FT924-409 0
427 0 FT924-4099 0
427 0 FT924-5525 0
427 0 FT924-5592 0
427 0 FT924-7440 0
427 0 FT924-7791 0
427 0 FT924-7808 0
427 0 FT924-8027 0
427 0 FT924-8967 0
427 0 FT924-928 0
427 0 FT924-9810 0
427 0 FT931-11096 0
427 0 FT931-13287 0
427 0 FT931-1394 0
427 0 FT931-14147 0
427 0 FT931-14384 0
427 0 FT931-14388 0
427 0 FT931-17030 0
427 0 FT931-1810 0
427 0 FT931-2252 0
427 0 FT931-2766 0
427 0 FT931-2935 0
427 0 FT931-3052 0
427 0 FT931-614 0
427 0 FT931-6595 0
427 0 FT931-6671 0
427 0 FT931-8190 0
427 0 FT931-8311 0
427 0 FT931-8656 0
427 0 FT932-10043 0
427 0 FT932-11006 0
427 0 FT932-11310 0
427 0 FT932-12827 0
427 0 FT932-13420 0
427 0 FT932-2360 0
427 0 FT932-3097 0
427 0 FT932-3618 0
427 0 FT932-623 0
427 0 FT932-6901 0
427 0 FT932-9676 0
427 0 FT933-1019 0
427 0 FT933-10912 0
427 0 FT933-10934 0
427 0 FT933-10945 0
427 0 FT933-11260 0
427 0 FT933-11586 0
427 0 FT933-11842 0
427 0 FT933-12146 0
427 0 FT933-13344 0
427 0 FT933-14332 0
427 0 FT933-14768 0
427 0 FT933-14799 0
427 0 FT933-16569 0
427 0 FT933-16918 0
427 0 FT933-2180 0
427 0 FT933-2956 0
427 0 FT933-3359 0
427 0 FT933-338 0
427 0 FT933-4238 0
427 0 FT933-880 0
427 0 FT933-8806 0
427 0 FT933-9147 0
427 0 FT933-95 0
427 0 FT934-10378 0
427 0 FT934-10915 0
427 0 FT934-11565 0
427 0 FT934-1164 0
427 0 FT934-11785 0
427 0 FT934-11787 0
427 0 FT934-12484 0
427 0 FT934-13152 0
427 0 FT934-13536 0
427 0 FT934-13568 0
427 0 FT934-13607 0
427 0 FT934-14520 1
427 0 FT934-15411 0
427 0 FT934-16572 0
427 0 FT934-2752 0
427 0 FT934-3352 0
427 0 FT934-3400 0
427 0 FT934-347 0
427 0 FT934-3479 0
427 0 FT934-3699 0
427 0 FT934-3944 0
427 0 FT934-7040 0
427 0 FT934-7637 0
427 0 FT934-8087 0
427 0 FT934-8374 0
427 0 FT934-8659 0
427 0 FT934-9662 0
427 0 FT941-10275 0
427 0 FT941-1251 0
427 0 FT941-13140 0
427 0 FT941-13523 0
427 0 FT941-13857 0
427 0 FT941-13882 0
427 0 FT941-14163 0
427 0 FT941-1421 0
427 0 FT941-14251 0
427 0 FT941-14331 0
427 0 FT941-15404 0
427 0 FT941-15802 0
427 0 FT941-16575 0
427 0 FT941-17489 0
427 0 FT941-3449 0
427 0 FT941-3838 0
427 0 FT941-4250 0
427 0 FT941-4764 0
427 0 FT941-5220 0
427 0 FT941-841 0
427 0 FT941-9686 0
427 0 FT941-9739 0
427 0 FT942-12126 0
427 0 FT942-129 0
427 0 FT942-13259 0
427 0 FT942-13595 0
427 0 FT942-13604 0
427 0 FT942-1404 0
427 0 FT942-16637 0
427 0 FT942-16911 0
427 0 FT942-17260 0
427 0 FT942-180 0
427 0 FT942-2231 0
427 0 FT942-2372 0
427 0 FT942-2485 0
427 0 FT942-2809 0
427 0 FT942-3674 0
427 0 FT942-3942 0
427 0 FT942-5212 0
427 0 FT942-7709 0
427 0 FT942-8109 0
427 0 FT942-8447 1
427 0 FT942-9704 1
427 0 FT942-972 0
427 0 FT943-10909 0
427 0 FT943-11207 1
427 0 FT943-1140 0
427 0 FT943-12875 0
427 0 FT943-13127 0
427 0 FT943-13583 0
427 0 FT943-13820 0
427 0 FT943-15 0
427 0 FT943-15336 0
427 0 FT943-16085 0
427 0 FT943-16551 0
427 0 FT943-2273 0
427 0 FT943-304 0
427 0 FT943-3577 0
427 0 FT943-37 0
427 0 FT943-3781 0
427 0 FT943-5730 0
427 0 FT943-5735 0
427 0 FT943-5899 0
427 0 FT943-6186 0
427 0 FT943-6424 0
427 0 FT943-8776 0
427 0 FT943-8798 0
427 0 FT943-9389 0
427 0 FT943-9473 0
427 0 FT943-9808 0
427 0 FT944-10202 0
427 0 FT944-10387 0
427 0 FT944-10873 0
427 0 FT944-10934 0
427 0 FT944-11154 0
427 0 FT944-1140 0
427 0 FT944-11474 0
427 0 FT944-1293 0
427 0 FT944-13536 0
427 0 FT944-15303 0
427 0 FT944-15383 0
427 0 FT944-15804 0
427 0 FT944-15805 0
427 0 FT944-15922 0
427 0 FT944-16024 0
427 0 FT944-16100 0
427 0 FT944-16223 0
427 0 FT944-17165 0
427 0 FT944-17306 0
427 0 FT944-2248 0
427 0 FT944-2249 0
427 0 FT944-2250 0
427 0 FT944-2254 0
427 0 FT944-2256 0
427 0 FT944-2262 0
427 0 FT944-2263 0
427 0 FT944-2267 0
427 0 FT944-2689 0
427 0 FT944-2690 0
427 0 FT944-2691 0
427 0 FT944-2697 0
427 0 FT944-2703 0
427 0 FT944-2704 0
427 0 FT944-2708 0
427 0 FT944-2833 0
427 0 FT944-2869 0
427 0 FT944-2940 0
427 0 FT944-2962 0
427 0 FT944-2982 0
427 0 FT944-2983 0
427 0 FT944-2987 0
427 0 FT944-3521 0
427 0 FT944-4700 0
427 0 FT944-517 0
427 0 FT944-5674 0
427 0 FT944-5675 0
427 0 FT944-6606 0
427 0 FT944-6607 0
427 0 FT944-8991 0
427 0 FT944-9163 0
427 0 LA010189-0065 0
427 0 LA010189-0071 0
427 0 LA010289-0021 1
427 0 LA010390-0133 0
427 0 LA010490-0128 0
427 0 LA010589-0139 0
427 0 LA010590-0064 0
427 0 LA010590-0181 0
427 0 LA010690-0079 0
427 0 LA010990-0036 0
427 0 LA011290-0202 0
427 0 LA011389-0090 1
427 0 LA011589-0005 0
427 0 LA011790-0106 1
427 0 LA012089-0018 0
427 0 LA012090-0003 0
427 0 LA012190-0012 0
427 0 LA012190-0026 0
427 0 LA012190-0051 0
427 0 LA012389-0006 0
427 0 LA012489-0059 0
427 0 LA012490-0058 0
427 0 LA012690-0063 0
427 0 LA012789-0047 0
427 0 LA012789-0118 0
427 0 LA012890-0011 0
427 0 LA012890-0125 0
427 0 LA012989-0123 0
427 0 LA012989-0155 0
427 0 LA012990-0059 0
427 0 LA020189-0071 0
427 0 LA020490-0109 0
427 0 LA020490-0133 0
427 0 LA020589-0007 0
427 0 LA020590-0044 0
427 0 LA020689-0027 0
427 0 LA020689-0067 0
427 0 LA020889-0116 0
427 0 LA020890-0018 0
427 0 LA020989-0195 0
427 0 LA020990-0112 0
427 0 LA021190-0006 0
427 0 LA021290-0060 0
427 0 LA021689-0010 0
427 0 LA021890-0040 0
427 0 LA021890-0152 0
427 0 LA021989-0064 0
427 0 LA022090-0118 0
427 0 LA022190-0001 0
427 0 LA022590-0216 0
427 0 LA022590-0220 0
427 0 LA022689-0007 0
427 0 LA022689-0012 0
427 0 LA022689-0014 0
427 0 LA022689-0083 0
427 0 LA022689-0105 0
427 0 LA022689-0106 0
427 0 LA022689-0107 0
427 0 LA022689-0112 0
427 0 LA022689-0136 0
427 0 LA022689-0154 0
427 0 LA022689-0223 0
427 0 LA022689-0224 0
427 0 LA022690-0044 0
427 0 LA022789-0015 0
427 0 LA022789-0083 1
427 0 LA022890-0174 0
427 0 LA030190-0177 0
427 0 LA030289-0123 1
427 0 LA030290-0067 0
427 0 LA030390-0001 0
427 0 LA030489-0032 0
427 0 LA030489-0115 0
427 0 LA030490-0017 0
427 0 LA030490-0131 0
427 0 LA030789-0060 0
427 0 LA030790-0003 0
427 0 LA031390-0042 0
427 0 LA031390-0097 0
427 0 LA031890-0247 0
427 0 LA031989-0066 0
427 0 LA031990-0050 0
427 0 LA032190-0164 0
427 0 LA032489-0068 0
427 0 LA032590-0155 0
427 0 LA032689-0066 0
427 0 LA032790-0012 0
427 0 LA032790-0040 0
427 0 LA032889-0039 0
427 0 LA032890-0047 0
427 0 LA032890-0102 0
427 0 LA033189-0011 0
427 0 LA040190-0146 0
427 0 LA040289-0049 0
427 0 LA040490-0008 0
427 0 LA040989-0121 0
427 0 LA041089-0031 0
427 0 LA041190-0013 0
427 0 LA041190-0151 0
427 0 LA041289-0022 0
427 0 LA041289-0116 0
427 0 LA041489-0041 0
427 0 LA041490-0051 0
427 0 LA041690-0041 0
427 0 LA041789-0061 0
427 0 LA042089-0188 0
427 0 LA042389-0080 0
427 0 LA042690-0139 0
427 0 LA042990-0141 0
427 0 LA042990-0188 0
427 0 LA043089-0098 0
427 0 LA043089-0106 0
427 0 LA050190-0030 0
427 0 LA050190-0198 0
427 0 LA050289-0098 0
427 0 LA050290-0059 0
427 0 LA050489-0180 0
427 0 LA050790-0059 0
427 0 LA050889-0006 0
427 0 LA050990-0134 0
427 0 LA051090-0166 0
427 0 LA051190-0135 0
427 0 LA051190-0177 1
427 0 LA051789-0093 0
427 0 LA051790-0150 0
427 0 LA051990-0047 0
427 0 LA052190-0047 0
427 0 LA052290-0188 0
427 0 LA052389-0135 0
427 0 LA052890-0021 0
427 0 LA052989-0031 0
427 0 LA053089-0003 0
427 0 LA053089-0093 0
427 0 LA053090-0104 0
427 0 LA060790-0032 0
427 0 LA060790-0141 0
427 0 LA060889-0176 0
427 0 LA060989-0154 0
427 0 LA061090-0077 0
427 0 LA061389-0026 0
427 0 LA061489-0058 0
427 0 LA061590-0078 0
427 0 LA061590-0135 0
427 0 LA061789-0134 0
427 0 LA061889-0112 0
427 0 LA061890-0044 0
427 0 LA062089-0002 0
427 0 LA062090-0022 0
427 0 LA062190-0054 1
427 0 LA062390-0072 0
427 0 LA062490-0231 0
427 0 LA062589-0143 0
427 0 LA062589-0154 0
427 0 LA062790-0100 0
427 0 LA062890-0004 0
427 0 LA062890-0167 0
427 0 LA062990-0168 0
427 0 LA063089-0127 0
427 0 LA070190-0208 0
427 0 LA070589-0014 0
427 0 LA070590-0168 0
427 0 LA070590-0199 0
427 0 LA070690-0074 0
427 0 LA070789-0060 0
427 0 LA070890-0133 0
427 0 LA070990-0119 0
427 0 LA071189-0112 0
427 0 LA071490-0118 0
427 0 LA071589-0005 0
427 0 LA071590-0215 0
427 0 LA071789-0043 0
427 0 LA071889-0106 0
427 0 LA072089-0002 0
427 0 LA072089-0018 0
427 0 LA072190-0011 0
427 0 LA072190-0159 0
427 0 LA072289-0076 0
427 0 LA072290-0208 0
427 0 LA072389-0036 0
427 0 LA072390-0058 0
427 0 LA072590-0085 0
427 0 LA072590-0145 0
427 0 LA072689-0062 0
427 0 LA072690-0027 0
427 0 LA072690-0134 0
427 0 LA072790-0067 0
427 0 LA072890-0148 0
427 0 LA072990-0173 0
427 0 LA080190-0001 0
427 0 LA080290-0088 0
427 0 LA080590-0238 0
427 0 LA080590-0260 0
427 0 LA080689-0057 0
427 0 LA080690-0002 0
427 0 LA080789-0114 0
427 0 LA080790-0118 0
427 0 LA080989-0058 0
427 0 LA081290-0040 0
427 0 LA081389-0197 0
427 0 LA081390-0075 0
427 0 LA081490-0030 0
427 0 LA081590-0100 0
427 0 LA081689-0119 0
427 0 LA082089-0061 1
427 0 LA082289-0139 1
427 0 LA082389-0065 0
427 0 LA082589-0002 0
427 0 LA082690-0182 0
427 0 LA082889-0040 1
427 0 LA082889-0088 0
427 0 LA082889-0097 0
427 0 LA082989-0079 0
427 0 LA083190-0156 0
427 0 LA090189-0006 0
427 0 LA090590-0118 0
427 0 LA090690-0163 0
427 0 LA090690-0251 0
427 0 LA090789-0196 0
427 0 LA091089-0004 1
427 0 LA091190-0041 0
427 0 LA091490-0190 0
427 0 LA091689-0143 0
427 0 LA091789-0054 0
427 0 LA091890-0053 0
427 0 LA092090-0188 0
427 0 LA092189-0001 0
427 0 LA092189-0053 0
427 0 LA092189-0124 0
427 0 LA092290-0183 0
427 0 LA092390-0133 0
427 0 LA092390-0141 0
427 0 LA092489-0069 0
427 0 LA092489-0134 0
427 0 LA092689-0133 0
427 0 LA092690-0138 0
427 0 LA092790-0122 0
427 0 LA092889-0071 0
427 0 LA092890-0091 0
427 0 LA100189-0140 0
427 0 LA100390-0102 0
427 0 LA100589-0017 0
427 0 LA100590-0006 0
427 0 LA100590-0015 0
427 0 LA100689-0099 0
427 0 LA100889-0165 0
427 0 LA100889-0224 0
427 0 LA101089-0076 0
427 0 LA101090-0146 0
427 0 LA101289-0100 0
427 0 LA101290-0053 0
427 0 LA101290-0088 0
427 0 LA101389-0005 0
427 0 LA101390-0004 0
427 0 LA101589-0020 0
427 0 LA101789-0055 0
427 0 LA101789-0063 0
427 0 LA101790-0105 0
427 0 LA101889-0067 0
427 0 LA101889-0096 0
427 0 LA101989-0134 0
427 0 LA101990-0024 0
427 0 LA101990-0120 0
427 0 LA102089-0054 0
427 0 LA102089-0056 0
427 0 LA102089-0165 0
427 0 LA102089-0174 0
427 0 LA102090-0116 0
427 0 LA102289-0043 0
427 0 LA102289-0094 0
427 0 LA102389-0067 0
427 0 LA102389-0100 0
427 0 LA102489-0029 0
427 0 LA102689-0121 0
427 0 LA102789-0074 0
427 0 LA102889-0055 0
427 0 LA102889-0148 0
427 0 LA103089-0062 0
427 0 LA110490-0055 0
427 0 LA110490-0091 0
427 0 LA110590-0024 0
427 0 LA110590-0076 0
427 0 LA110689-0103 0
427 0 LA110789-0048 0
427 0 LA110789-0125 0
427 0 LA110789-0138 0
427 0 LA110790-0145 0
427 0 LA110889-0029 0
427 0 LA110989-0110 0
427 0 LA111089-0089 0
427 0 LA111089-0107 0
427 0 LA111090-0173 0
427 0 LA111189-0053 0
427 0 LA111189-0151 0
427 0 LA111290-0092 0
427 0 LA111389-0018 0
427 0 LA111390-0089 0
427 0 LA111390-0135 0
427 0 LA111689-0054 0
427 0 LA111990-0034 0
427 0 LA111990-0055 0
427 0 LA112090-0157 0
427 0 LA112190-0166 0
427 0 LA112289-0067 0
427 0 LA112389-0111 0
427 0 LA112390-0084 0
427 0 LA112590-0080 0
427 0 LA112990-0145 0
427 0 LA113090-0111 0
427 0 LA120189-0128 0
427 0 LA120190-0092 0
427 0 LA120190-0116 0
427 0 LA120289-0159 0
427 0 LA120290-0039 0
427 0 LA120290-0040 0
427 0 LA120290-0046 0
427 0 LA120290-0096 0
427 0 LA120290-0137 0
427 0 LA120290-0213 0
427 0 LA120389-0022 0
427 0 LA120389-0052 0
427 0 LA120389-0054 0
427 0 LA120389-0064 0
427 0 LA120389-0069 0
427 0 LA120389-0071 0
427 0 LA120389-0077 0
427 0 LA120389-0098 0
427 0 LA120389-0120 0
427 0 LA120389-0121 0
427 0 LA120390-0065 0
427 0 LA120390-0126 0
427 0 LA120490-0021 0
427 0 LA120490-0083 0
427 0 LA120589-0079 0
427 0 LA120590-0110 0
427 0 LA120690-0173 0
427 0 LA120790-0151 0
427 0 LA120790-0179 0
427 0 LA120890-0048 0
427 0 LA121089-0225 0
427 0 LA121089-0235 0
427 0 LA121190-0079 0
427 0 LA121190-0160 0
427 0 LA121590-0066 0
427 0 LA121590-0131 0
427 0 LA121889-0073 1
427 0 LA122289-0186 0
427 0 LA122389-0029 0
427 0 LA122389-0056 0
427 0 LA122490-0040 0
427 0 LA122590-0033 0
427 0 LA122689-0070 0
427 0 LA122790-0089 0
427 0 LA122790-0126 0
427 0 LA122790-0164 0
427 0 LA122790-0217 0
427 0 LA122889-0007 0
427 0 LA122890-0011 0
427 0 LA122890-0050 0
427 0 LA122990-0024 0
427 0 LA123089-0051 0
427 0 LA123089-0117 0
427 0 LA123089-0125 0
427 0 LA123090-0017 0
427 0 LA123090-0038 0
427 0 LA123090-0079 0
427 0 LA123090-0133 0
427 0 LA123090-0162 0
427 0 LA123090-0172 0
427 0 LA123090-0174 0
427 0 LA123090-0176 0
427 0 LA123189-0025 0
427 0 LA123189-0035 0
427 0 LA123189-0049 0
427 0 LA123189-0053 0
427 0 LA123189-0055 0
427 0 LA123189-0065 0
427 0 LA123189-0066 0
427 0 LA123189-0068 0
427 0 LA123189-0086 0
427 0 LA123189-0109 0
427 0 LA123189-0112 0
427 0 LA123189-0153 0
427 0 LA123190-0013 0
427 0 LA123190-0016 0
427 0 LA123190-0040 0
427 0 LA123190-0042 0
427 0 LA123190-0099 0
427 0 LA123190-0112 0
427 0 LA123190-0123 0
427 0 LA123190-0127 0
427 0 LA123190-0133 0
