444 0 FBIS3-10225 0
444 0 FBIS3-10291 0
444 0 FBIS3-10408 0
444 0 FBIS3-10855 0
444 0 FBIS3-11088 0
444 0 FBIS3-11245 0
444 0 FBIS3-11246 0
444 0 FBIS3-11439 0
444 0 FBIS3-11462 0
444 0 FBIS3-11521 0
444 0 FBIS3-11873 0
444 0 FBIS3-132 0
444 0 FBIS3-14832 0
444 0 FBIS3-17555 0
444 0 FBIS3-1790 0
444 0 FBIS3-20646 0
444 0 FBIS3-20670 0
444 0 FBIS3-20796 0
444 0 FBIS3-20934 0
444 0 FBIS3-20948 0
444 0 FBIS3-20985 0
444 0 FBIS3-21006 0
444 0 FBIS3-21029 0
444 0 FBIS3-21049 0
444 0 FBIS3-21064 0
444 0 FBIS3-21081 0
444 0 FBIS3-21115 0
444 0 FBIS3-21137 0
444 0 FBIS3-21144 0
444 0 FBIS3-21159 0
444 0 FBIS3-21198 0
444 0 FBIS3-21200 0
444 0 FBIS3-21201 0
444 0 FBIS3-21204 0
444 0 FBIS3-21228 0
444 0 FBIS3-21229 0
444 0 FBIS3-21235 0
444 0 FBIS3-21249 0
444 0 FBIS3-21263 0
444 0 FBIS3-21264 0
444 0 FBIS3-21265 0
444 0 FBIS3-21266 0
444 0 FBIS3-21267 0
444 0 FBIS3-21300 0
444 0 FBIS3-22119 0
444 0 FBIS3-22151 0
444 0 FBIS3-22196 0
444 0 FBIS3-22198 0
444 0 FBIS3-22270 0
444 0 FBIS3-22272 0
444 0 FBIS3-22290 0
444 0 FBIS3-22330 0
444 0 FBIS3-22348 0
444 0 FBIS3-22350 0
444 0 FBIS3-22362 0
444 0 FBIS3-22363 0
444 0 FBIS3-22369 0
444 0 FBIS3-22374 0
444 0 FBIS3-22375 0
444 0 FBIS3-22410 0
444 0 FBIS3-22418 0
444 0 FBIS3-22422 0
444 0 FBIS3-22435 0
444 0 FBIS3-23499 0
444 0 FBIS3-23502 0
444 0 FBIS3-23561 0
444 0 FBIS3-23574 0
444 0 FBIS3-23619 0
444 0 FBIS3-23631 0
444 0 FBIS3-23751 0
444 0 FBIS3-24469 0
444 0 FBIS3-24516 0
444 0 FBIS3-24537 0
444 0 FBIS3-24543 0
444 0 FBIS3-24556 0
444 0 FBIS3-24601 0
444 0 FBIS3-24607 0
444 0 FBIS3-24682 0
444 0 FBIS3-24952 0
444 0 FBIS3-2516 0
444 0 FBIS3-25695 0
444 0 FBIS3-26226 0
444 0 FBIS3-26227 0
444 0 FBIS3-26918 0
444 0 FBIS3-27013 0
444 0 FBIS3-31843 0
444 0 FBIS3-32327 0
444 0 FBIS3-3332 0
444 0 FBIS3-33991 0
444 0 FBIS3-3408 0
444 0 FBIS3-35 0
444 0 FBIS3-3582 0
444 0 FBIS3-37947 0
444 0 FBIS3-39015 0
444 0 FBIS3-3943 0
444 0 FBIS3-39751 0
444 0 FBIS3-39937 0
444 0 FBIS3-40203 0
444 0 FBIS3-40334 0
444 0 FBIS3-40339 0
444 0 FBIS3-40345 0
444 0 FBIS3-40423 0
444 0 FBIS3-40425 0
444 0 FBIS3-40435 0
444 0 FBIS3-40440 0
444 0 FBIS3-40479 0
444 0 FBIS3-40486 0
444 0 FBIS3-40497 0
444 0 FBIS3-40500 0
444 0 FBIS3-40502 0
444 0 FBIS3-40503 0
444 0 FBIS3-40504 0
444 0 FBIS3-40507 0
444 0 FBIS3-40517 0
444 0 FBIS3-40540 0
444 0 FBIS3-40548 0
444 0 FBIS3-40549 0
444 0 FBIS3-40552 0
444 0 FBIS3-41459 0
444 0 FBIS3-41491 0
444 0 FBIS3-41494 0
444 0 FBIS3-41495 0
444 0 FBIS3-41511 0
444 0 FBIS3-41522 0
444 0 FBIS3-41537 0
444 0 FBIS3-41542 0
444 0 FBIS3-41546 0
444 0 FBIS3-41573 0
444 0 FBIS3-41575 0
444 0 FBIS3-41584 0
444 0 FBIS3-41600 0
444 0 FBIS3-41605 0
444 0 FBIS3-41611 0
444 0 FBIS3-41625 0
444 0 FBIS3-41637 0
444 0 FBIS3-41659 0
444 0 FBIS3-41740 0
444 0 FBIS3-41909 0
444 0 FBIS3-42008 0
444 0 FBIS3-42104 0
444 0 FBIS3-42400 0
444 0 FBIS3-42405 0
444 0 FBIS3-42418 0
444 0 FBIS3-42596 0
444 0 FBIS3-42629 0
444 0 FBIS3-42726 0
444 0 FBIS3-42845 0
444 0 FBIS3-42980 0
444 0 FBIS3-42984 0
444 0 FBIS3-42993 0
444 0 FBIS3-43000 0
444 0 FBIS3-43002 0
444 0 FBIS3-43018 0
444 0 FBIS3-43022 0
444 0 FBIS3-43031 0
444 0 FBIS3-43038 0
444 0 FBIS3-43040 0
444 0 FBIS3-43054 0
444 0 FBIS3-43063 0
444 0 FBIS3-43068 0
444 0 FBIS3-43072 0
444 0 FBIS3-43142 0
444 0 FBIS3-43166 0
444 0 FBIS3-43186 0
444 0 FBIS3-43196 0
444 0 FBIS3-43203 0
444 0 FBIS3-43220 0
444 0 FBIS3-45783 0
444 0 FBIS3-45937 0
444 0 FBIS3-46314 0
444 0 FBIS3-46614 0
444 0 FBIS3-47036 0
444 0 FBIS3-47551 0
444 0 FBIS3-48010 0
444 0 FBIS3-50178 0
444 0 FBIS3-50510 0
444 0 FBIS3-51121 0
444 0 FBIS3-51397 0
444 0 FBIS3-51889 0
444 0 FBIS3-57917 0
444 0 FBIS3-59222 0
444 0 FBIS3-59549 0
444 0 FBIS3-59571 0
444 0 FBIS3-59625 0
444 0 FBIS3-59626 0
444 0 FBIS3-59627 0
444 0 FBIS3-59704 0
444 0 FBIS3-59706 0
444 0 FBIS3-59709 0
444 0 FBIS3-59728 0
444 0 FBIS3-59750 0
444 0 FBIS3-59751 0
444 0 FBIS3-59755 0
444 0 FBIS3-59757 0
444 0 FBIS3-59764 0
444 0 FBIS3-59773 0
444 0 FBIS3-59774 0
444 0 FBIS3-59775 0
444 0 FBIS3-59779 0
444 0 FBIS3-59780 0
444 0 FBIS3-59800 0
444 0 FBIS3-60 0
444 0 FBIS3-60227 0
444 0 FBIS3-60232 0
444 0 FBIS3-60233 0
444 0 FBIS3-60249 0
444 0 FBIS3-60260 0
444 0 FBIS3-60309 0
444 0 FBIS3-60315 0
444 0 FBIS3-60340 0
444 0 FBIS3-60346 0
444 0 FBIS3-60353 0
444 0 FBIS3-60569 0
444 0 FBIS3-60612 0
444 0 FBIS3-61257 0
444 0 FBIS3-61293 0
444 0 FBIS3-61335 0
444 0 FBIS3-61336 0
444 0 FBIS3-61447 0
444 0 FBIS3-61502 0
444 0 FBIS3-61531 0
444 0 FBIS3-61555 0
444 0 FBIS3-61568 0
444 0 FBIS3-67 0
444 0 FBIS3-72 0
444 0 FBIS3-9005 0
444 0 FBIS3-9651 0
444 0 FBIS4-10130 0
444 0 FBIS4-11314 0
444 0 FBIS4-11326 0
444 0 FBIS4-16406 0
444 0 FBIS4-1671 0
444 0 FBIS4-1830 0
444 0 FBIS4-1843 0
444 0 FBIS4-18595 0
444 0 FBIS4-19 0
444 0 FBIS4-20352 0
444 0 FBIS4-20437 0
444 0 FBIS4-20473 0
444 0 FBIS4-20504 0
444 0 FBIS4-20520 0
444 0 FBIS4-20537 0
444 0 FBIS4-20565 0
444 0 FBIS4-20566 0
444 0 FBIS4-20569 0
444 0 FBIS4-20582 0
444 0 FBIS4-20598 0
444 0 FBIS4-20600 0
444 0 FBIS4-20603 0
444 0 FBIS4-20613 0
444 0 FBIS4-20638 0
444 0 FBIS4-20651 0
444 0 FBIS4-20655 0
444 0 FBIS4-20661 0
444 0 FBIS4-20672 0
444 0 FBIS4-20673 0
444 0 FBIS4-20679 0
444 0 FBIS4-20682 0
444 0 FBIS4-20684 0
444 0 FBIS4-21 0
444 0 FBIS4-21377 0
444 0 FBIS4-21383 0
444 0 FBIS4-21390 0
444 0 FBIS4-21391 0
444 0 FBIS4-21392 0
444 0 FBIS4-21394 0
444 0 FBIS4-21397 0
444 0 FBIS4-21403 0
444 0 FBIS4-21421 0
444 0 FBIS4-21427 0
444 0 FBIS4-21450 0
444 0 FBIS4-21457 0
444 0 FBIS4-21463 0
444 0 FBIS4-21484 0
444 0 FBIS4-21485 0
444 0 FBIS4-21488 0
444 0 FBIS4-21550 0
444 0 FBIS4-2204 0
444 0 FBIS4-2216 0
444 0 FBIS4-22173 0
444 0 FBIS4-22339 0
444 0 FBIS4-22484 0
444 0 FBIS4-22629 0
444 0 FBIS4-22701 0
444 0 FBIS4-22819 0
444 0 FBIS4-22835 0
444 0 FBIS4-22840 0
444 0 FBIS4-22927 0
444 0 FBIS4-22940 0
444 0 FBIS4-22949 0
444 0 FBIS4-22959 0
444 0 FBIS4-22992 0
444 0 FBIS4-22996 0
444 0 FBIS4-23020 0
444 0 FBIS4-23021 0
444 0 FBIS4-23022 0
444 0 FBIS4-23047 0
444 0 FBIS4-23054 0
444 0 FBIS4-23061 0
444 0 FBIS4-24441 0
444 0 FBIS4-24825 0
444 0 FBIS4-24960 0
444 0 FBIS4-25030 0
444 0 FBIS4-25085 0
444 0 FBIS4-25133 0
444 0 FBIS4-25172 0
444 0 FBIS4-25249 0
444 0 FBIS4-2545 0
444 0 FBIS4-25595 0
444 0 FBIS4-26002 0
444 0 FBIS4-26053 0
444 0 FBIS4-26402 0
444 0 FBIS4-26750 0
444 0 FBIS4-26984 0
444 0 FBIS4-27085 0
444 0 FBIS4-2734 0
444 0 FBIS4-28161 0
444 0 FBIS4-28206 0
444 0 FBIS4-28717 0
444 0 FBIS4-29090 0
444 0 FBIS4-29476 0
444 0 FBIS4-29695 0
444 0 FBIS4-29958 0
444 0 FBIS4-3000 0
444 0 FBIS4-30416 0
444 0 FBIS4-31787 0
444 0 FBIS4-32778 0
444 0 FBIS4-32781 0
444 0 FBIS4-32790 0
444 0 FBIS4-335 0
444 0 FBIS4-34195 0
444 0 FBIS4-34207 0
444 0 FBIS4-36520 0
444 0 FBIS4-38 0
444 0 FBIS4-40028 0
444 0 FBIS4-42 0
444 0 FBIS4-42070 0
444 0 FBIS4-44225 0
444 0 FBIS4-44539 0
444 0 FBIS4-44571 0
444 0 FBIS4-44661 0
444 0 FBIS4-44663 0
444 0 FBIS4-44668 0
444 0 FBIS4-44703 0
444 0 FBIS4-44732 0
444 0 FBIS4-44772 0
444 0 FBIS4-44773 0
444 0 FBIS4-44815 0
444 0 FBIS4-44816 0
444 0 FBIS4-44833 0
444 0 FBIS4-44856 0
444 0 FBIS4-44864 0
444 0 FBIS4-44891 0
444 0 FBIS4-44893 0
444 0 FBIS4-44906 0
444 0 FBIS4-44907 0
444 0 FBIS4-44914 0
444 0 FBIS4-44915 0
444 0 FBIS4-44916 0
444 0 FBIS4-44917 0
444 0 FBIS4-45041 0
444 0 FBIS4-45602 0
444 0 FBIS4-45645 0
444 0 FBIS4-45649 0
444 0 FBIS4-45660 0
444 0 FBIS4-45666 0
444 0 FBIS4-45706 0
444 0 FBIS4-45707 0
444 0 FBIS4-45737 0
444 0 FBIS4-45739 0
444 0 FBIS4-45746 0
444 0 FBIS4-45754 0
444 0 FBIS4-45756 0
444 0 FBIS4-45757 0
444 0 FBIS4-45781 0
444 0 FBIS4-45797 0
444 0 FBIS4-45798 0
444 0 FBIS4-45799 0
444 0 FBIS4-45800 0
444 0 FBIS4-45804 0
444 0 FBIS4-45807 0
444 0 FBIS4-45820 0
444 0 FBIS4-45821 0
444 0 FBIS4-45829 0
444 0 FBIS4-46469 0
444 0 FBIS4-46578 0
444 0 FBIS4-46766 0
444 0 FBIS4-46801 0
444 0 FBIS4-46889 0
444 0 FBIS4-46930 0
444 0 FBIS4-46935 0
444 0 FBIS4-46954 0
444 0 FBIS4-47024 0
444 0 FBIS4-47265 0
444 0 FBIS4-47280 0
444 0 FBIS4-47303 0
444 0 FBIS4-47330 0
444 0 FBIS4-47331 0
444 0 FBIS4-47351 0
444 0 FBIS4-47467 0
444 0 FBIS4-47594 0
444 0 FBIS4-47609 0
444 0 FBIS4-47629 0
444 0 FBIS4-49930 0
444 0 FBIS4-50452 0
444 0 FBIS4-50955 0
444 0 FBIS4-51169 0
444 0 FBIS4-52030 0
444 0 FBIS4-52285 0
444 0 FBIS4-52587 0
444 0 FBIS4-52602 0
444 0 FBIS4-52825 0
444 0 FBIS4-53868 0
444 0 FBIS4-54002 0
444 0 FBIS4-54523 0
444 0 FBIS4-55803 0
444 0 FBIS4-56263 0
444 0 FBIS4-56568 0
444 0 FBIS4-60562 0
444 0 FBIS4-61161 0
444 0 FBIS4-66201 0
444 0 FBIS4-66210 0
444 0 FBIS4-66411 0
444 0 FBIS4-66414 0
444 0 FBIS4-66415 0
444 0 FBIS4-66424 0
444 0 FBIS4-66445 0
444 0 FBIS4-66455 0
444 0 FBIS4-66457 0
444 0 FBIS4-66460 0
444 0 FBIS4-66484 0
444 0 FBIS4-67400 0
444 0 FBIS4-67404 0
444 0 FBIS4-67456 0
444 0 FBIS4-67464 0
444 0 FBIS4-67514 0
444 0 FBIS4-67530 0
444 0 FBIS4-67534 0
444 0 FBIS4-67535 0
444 0 FBIS4-67538 0
444 0 FBIS4-67542 0
444 0 FBIS4-67552 0
444 0 FBIS4-67567 0
444 0 FBIS4-67594 0
444 0 FBIS4-67652 0
444 0 FBIS4-68219 0
444 0 FBIS4-68220 0
444 0 FBIS4-68349 0
444 0 FBIS4-68397 0
444 0 FBIS4-68494 0
444 0 FBIS4-68890 0
444 0 FBIS4-9354 0
444 0 FR940104-0-00059 0
444 0 FR940104-0-00064 0
444 0 FR940104-0-00067 0
444 0 FR940104-1-00004 0
444 0 FR940104-2-00022 0
444 0 FR940105-2-00109 0
444 0 FR940106-1-00017 0
444 0 FR940106-1-00019 0
444 0 FR940106-1-00020 0
444 0 FR940106-1-00021 0
444 0 FR940106-1-00036 0
444 0 FR940110-0-00028 0
444 0 FR940110-1-00021 0
444 0 FR940111-2-00063 0
444 0 FR940112-0-00117 0
444 0 FR940112-0-00118 0
444 0 FR940112-0-00127 0
444 0 FR940112-0-00132 0
444 0 FR940112-2-00037 0
444 0 FR940112-2-00099 0
444 0 FR940118-0-00028 0
444 0 FR940118-1-00003 0
444 0 FR940118-2-00052 0
444 0 FR940118-2-00055 0
444 0 FR940118-2-00065 0
444 0 FR940118-2-00066 0
444 0 FR940118-2-00067 0
444 0 FR940118-2-00122 0
444 0 FR940119-1-00033 0
444 0 FR940119-2-00047 0
444 0 FR940119-2-00048 0
444 0 FR940128-1-00019 0
444 0 FR940128-1-00039 0
444 0 FR940128-1-00041 0
444 0 FR940128-1-00048 0
444 0 FR940128-1-00055 0
444 0 FR940128-1-00106 0
444 0 FR940128-1-00107 0
444 0 FR940128-1-00120 0
444 0 FR940128-1-00130 0
444 0 FR940128-1-00136 0
444 0 FR940202-2-00101 0
444 0 FR940202-2-00102 0
444 0 FR940202-2-00105 0
444 0 FR940202-2-00106 0
444 0 FR940202-2-00116 0
444 0 FR940202-2-00117 0
444 0 FR940202-2-00126 0
444 0 FR940203-0-00084 0
444 0 FR940203-2-00030 0
444 0 FR940204-0-00061 0
444 0 FR940204-1-00053 0
444 0 FR940204-1-00070 0
444 0 FR940204-2-00116 0
444 0 FR940208-0-00058 0
444 0 FR940208-0-00081 0
444 0 FR940208-0-00116 0
444 0 FR940208-1-00012 0
444 0 FR940214-0-00009 0
444 0 FR940214-1-00003 0
444 0 FR940214-1-00038 0
444 0 FR940216-0-00069 0
444 0 FR940216-0-00083 0
444 0 FR940216-0-00134 0
444 0 FR940216-0-00199 0
444 0 FR940217-1-00037 0
444 0 FR940223-0-00054 0
444 0 FR940223-1-00012 0
444 0 FR940223-1-00013 0
444 0 FR940223-1-00014 0
444 0 FR940223-1-00015 0
444 0 FR940223-1-00017 0
444 0 FR940223-1-00019 0
444 0 FR940223-1-00024 0
444 0 FR940223-1-00032 0
444 0 FR940223-1-00057 0
444 0 FR940223-1-00063 0
444 0 FR940223-2-00037 0
444 0 FR940223-2-00084 0
444 0 FR940224-1-00027 0
444 0 FR940228-2-00003 0
444 0 FR940302-2-00082 0
444 0 FR940303-2-00091 0
444 0 FR940304-0-00116 0
444 0 FR940304-0-00125 0
444 0 FR940317-2-00024 0
444 0 FR940317-2-00038 0
444 0 FR940317-2-00100 0
444 0 FR940318-0-00111 0
444 0 FR940318-0-00118 0
444 0 FR940318-0-00119 0
444 0 FR940318-0-00120 0
444 0 FR940318-0-00123 0
444 0 FR940318-0-00131 0
444 0 FR940318-0-00140 0
444 0 FR940318-0-00143 0
444 0 FR940318-0-00144 0
444 0 FR940318-0-00150 0
444 0 FR940318-0-00159 0
444 0 FR940318-0-00164 0
444 0 FR940318-0-00165 0
444 0 FR940318-0-00166 0
444 0 FR940318-0-00167 0
444 0 FR940318-0-00175 0
444 0 FR940318-0-00176 0
444 0 FR940318-0-00179 0
444 0 FR940318-0-00181 0
444 0 FR940318-0-00185 0
444 0 FR940318-0-00186 0
444 0 FR940318-0-00194 0
444 0 FR940318-0-00196 0
444 0 FR940318-0-00197 0
444 0 FR940318-0-00198 0
444 0 FR940318-0-00199 0
444 0 FR940318-0-00200 0
444 0 FR940318-0-00201 0
444 0 FR940318-0-00202 0
444 0 FR940318-0-00203 0
444 0 FR940318-0-00204 0
444 0 FR940318-0-00205 0
444 0 FR940318-0-00206 0
444 0 FR940318-0-00211 0
444 0 FR940318-0-00216 0
444 0 FR940318-0-00223 0
444 0 FR940318-0-00224 0
444 0 FR940318-0-00225 0
444 0 FR940318-0-00235 0
444 0 FR940318-1-00012 0
444 0 FR940318-2-00185 0
444 0 FR940323-2-00063 0
444 0 FR940323-2-00068 0
444 0 FR940323-2-00153 0
444 0 FR940324-0-00013 0
444 0 FR940324-2-00042 0
444 0 FR940325-0-00045 0
444 0 FR940328-2-00050 0
444 0 FR940404-2-00006 0
444 0 FR940404-2-00028 0
444 0 FR940405-0-00043 0
444 0 FR940405-1-00035 0
444 0 FR940405-1-00056 0
444 0 FR940405-1-00058 0
444 0 FR940405-1-00081 0
444 0 FR940405-1-00121 0
444 0 FR940405-1-00133 0
444 0 FR940405-1-00137 0
444 0 FR940405-1-00138 0
444 0 FR940405-1-00139 0
444 0 FR940405-1-00140 0
444 0 FR940405-1-00141 0
444 0 FR940405-1-00143 0
444 0 FR940405-1-00144 0
444 0 FR940406-2-00054 0
444 0 FR940406-2-00068 0
444 0 FR940407-0-00013 0
444 0 FR940407-0-00072 0
444 0 FR940407-2-00142 0
444 0 FR940412-1-00025 0
444 0 FR940413-2-00041 0
444 0 FR940414-0-00028 0
444 0 FR940414-0-00037 0
444 0 FR940414-1-00049 0
444 0 FR940414-1-00050 0
444 0 FR940414-1-00051 0
444 0 FR940414-1-00060 0
444 0 FR940414-1-00091 0
444 0 FR940414-1-00095 0
444 0 FR940418-0-00025 0
444 0 FR940418-1-00024 0
444 0 FR940418-2-00076 0
444 0 FR940418-2-00079 0
444 0 FR940419-2-00102 0
444 0 FR940425-0-00031 0
444 0 FR940425-1-00003 0
444 0 FR940425-2-00029 0
444 0 FR940428-2-00021 0
444 0 FR940428-2-00103 0
444 0 FR940503-1-00062 0
444 0 FR940503-1-00069 0
444 0 FR940503-1-00070 0
444 0 FR940503-2-00118 0
444 0 FR940504-2-00032 0
444 0 FR940505-1-00246 0
444 0 FR940505-1-00331 0
444 0 FR940505-1-00332 0
444 0 FR940505-1-00333 0
444 0 FR940505-1-00343 0
444 0 FR940505-1-00347 0
444 0 FR940505-1-00361 0
444 0 FR940505-1-00362 0
444 0 FR940505-1-00363 0
444 0 FR940505-1-00364 0
444 0 FR940505-1-00374 0
444 0 FR940505-1-00393 0
444 0 FR940505-1-00395 0
444 0 FR940505-1-00423 0
444 0 FR940505-1-00426 0
444 0 FR940505-1-00428 0
444 0 FR940505-1-00434 0
444 0 FR940505-1-00493 0
444 0 FR940506-2-00061 0
444 0 FR940506-2-00072 0
444 0 FR940506-2-00080 0
444 0 FR940511-1-00078 0
444 0 FR940511-1-00080 0
444 0 FR940511-1-00081 0
444 0 FR940511-1-00084 0
444 0 FR940511-1-00086 0
444 0 FR940511-1-00089 0
444 0 FR940511-1-00091 0
444 0 FR940511-1-00096 0
444 0 FR940511-2-00022 0
444 0 FR940512-0-00033 0
444 0 FR940512-1-00016 0
444 0 FR940512-1-00018 0
444 0 FR940512-2-00052 0
444 0 FR940513-1-00112 0
444 0 FR940513-2-00021 0
444 0 FR940516-1-00044 0
444 0 FR940516-1-00045 0
444 0 FR940516-1-00046 0
444 0 FR940516-1-00047 0
444 0 FR940516-1-00048 0
444 0 FR940516-1-00049 0
444 0 FR940516-1-00054 0
444 0 FR940516-2-00043 0
444 0 FR940523-0-00039 0
444 0 FR940523-0-00043 0
444 0 FR940523-0-00045 0
444 0 FR940523-1-00004 0
444 0 FR940523-1-00005 0
444 0 FR940523-1-00006 0
444 0 FR940523-1-00008 0
444 0 FR940523-2-00044 0
444 0 FR940524-1-00045 0
444 0 FR940524-2-00031 0
444 0 FR940524-2-00032 0
444 0 FR940525-0-00015 0
444 0 FR940525-1-00002 0
444 0 FR940525-2-00031 0
444 0 FR940525-2-00032 0
444 0 FR940526-2-00119 0
444 0 FR940527-0-00059 0
444 0 FR940527-2-00060 0
444 0 FR940527-2-00063 0
444 0 FR940602-1-00086 0
444 0 FR940602-2-00027 0
444 0 FR940602-2-00038 0
444 0 FR940603-1-00007 0
444 0 FR940603-2-00017 0
444 0 FR940606-1-00019 0
444 0 FR940606-1-00020 0
444 0 FR940606-1-00024 0
444 0 FR940606-1-00030 0
444 0 FR940606-1-00035 0
444 0 FR940606-1-00036 0
444 0 FR940606-1-00037 0
444 0 FR940606-1-00038 0
444 0 FR940606-1-00039 0
444 0 FR940606-1-00040 0
444 0 FR940606-1-00045 0
444 0 FR940606-1-00046 0
444 0 FR940606-1-00050 0
444 0 FR940606-1-00052 0
444 0 FR940606-1-00056 0
444 0 FR940607-0-00049 0
444 0 FR940607-0-00054 0
444 0 FR940607-2-00016 0
444 0 FR940610-0-00029 0
444 0 FR940610-1-00073 0
444 0 FR940610-1-00075 0
444 0 FR940610-1-00084 0
444 0 FR940610-2-00239 0
444 0 FR940613-0-00013 0
444 0 FR940617-0-00070 0
444 0 FR940617-0-00085 0
444 0 FR940617-1-00105 0
444 0 FR940617-2-00029 0
444 0 FR940617-2-00061 0
444 0 FR940617-2-00094 0
444 0 FR940620-1-00013 0
444 0 FR940620-2-00038 0
444 0 FR940621-0-00031 0
444 0 FR940621-2-00024 0
444 0 FR940621-2-00120 0
444 0 FR940622-2-00043 0
444 0 FR940622-2-00044 0
444 0 FR940622-2-00045 0
444 0 FR940627-0-00148 0
444 0 FR940627-0-00188 0
444 0 FR940627-2-00015 0
444 0 FR940627-2-00090 0
444 0 FR940628-0-00011 0
444 0 FR940628-0-00016 0
444 0 FR940628-2-00007 0
444 0 FR940630-1-00046 0
444 0 FR940630-2-00031 0
444 0 FR940705-0-00069 0
444 0 FR940705-2-00061 0
444 0 FR940705-2-00154 0
444 0 FR940705-2-00159 0
444 0 FR940705-2-00194 0
444 0 FR940705-2-00196 0
444 0 FR940705-2-00197 0
444 0 FR940705-2-00199 0
444 0 FR940705-2-00209 0
444 0 FR940705-2-00210 0
444 0 FR940705-2-00214 0
444 0 FR940705-2-00230 0
444 0 FR940705-2-00236 0
444 0 FR940705-2-00243 0
444 0 FR940706-2-00046 0
444 0 FR940706-2-00126 0
444 0 FR940711-0-00028 0
444 0 FR940711-2-00055 0
444 0 FR940712-2-00007 0
444 0 FR940713-2-00046 0
444 0 FR940719-2-00089 0
444 0 FR940720-2-00012 0
444 0 FR940720-2-00032 0
444 0 FR940721-0-00055 0
444 0 FR940721-0-00056 0
444 0 FR940721-2-00030 0
444 0 FR940721-2-00091 0
444 0 FR940722-2-00054 0
444 0 FR940722-2-00056 0
444 0 FR940725-2-00141 0
444 0 FR940727-0-00023 0
444 0 FR940727-0-00063 0
444 0 FR940727-1-00039 0
444 0 FR940727-1-00043 0
444 0 FR940727-1-00047 0
444 0 FR940727-1-00048 0
444 0 FR940727-2-00018 0
444 0 FR940727-2-00104 0
444 0 FR940728-0-00057 0
444 0 FR940728-1-00059 0
444 0 FR940728-2-00050 0
444 0 FR940728-2-00060 0
444 0 FR940728-2-00110 0
444 0 FR940802-0-00044 0
444 0 FR940802-2-00106 0
444 0 FR940802-2-00108 0
444 0 FR940802-2-00109 0
444 0 FR940802-2-00116 0
444 0 FR940803-1-00035 0
444 0 FR940803-2-00061 0
444 0 FR940804-0-00015 0
444 0 FR940804-0-00028 0
444 0 FR940804-1-00057 0
444 0 FR940805-2-00013 0
444 0 FR940805-2-00016 0
444 0 FR940805-2-00024 0
444 0 FR940810-0-00106 0
444 0 FR940810-0-00115 0
444 0 FR940810-2-00025 0
444 0 FR940810-2-00037 0
444 0 FR940810-2-00057 0
444 0 FR940810-2-00099 0
444 0 FR940811-0-00039 0
444 0 FR940811-0-00040 0
444 0 FR940811-2-00065 0
444 0 FR940811-2-00066 0
444 0 FR940812-2-00052 0
444 0 FR940812-2-00053 0
444 0 FR940812-2-00054 0
444 0 FR940817-0-00027 0
444 0 FR940817-1-00026 0
444 0 FR940817-2-00098 0
444 0 FR940817-2-00213 0
444 0 FR940817-2-00235 0
444 0 FR940817-2-00239 0
444 0 FR940817-2-00266 0
444 0 FR940817-2-00268 0
444 0 FR940817-2-00274 0
444 0 FR940819-0-00054 0
444 0 FR940819-0-00057 0
444 0 FR940819-0-00059 0
444 0 FR940819-0-00061 0
444 0 FR940822-0-00038 0
444 0 FR940822-0-00077 0
444 0 FR940822-1-00027 0
444 0 FR940822-1-00029 0
444 0 FR940822-1-00033 0
444 0 FR940822-2-00049 0
444 0 FR940826-0-00082 0
444 0 FR940826-0-00083 0
444 0 FR940826-0-00091 0
444 0 FR940826-0-00099 0
444 0 FR940826-0-00103 0
444 0 FR940830-1-00037 0
444 0 FR940830-1-00057 0
444 0 FR940830-2-00026 0
444 0 FR940831-2-00166 0
444 0 FR940902-1-00048 0
444 0 FR940906-0-00036 0
444 0 FR940907-0-00003 0
444 0 FR940913-0-00046 0
444 0 FR940913-0-00049 0
444 0 FR940913-2-00114 0
444 0 FR940913-2-00115 0
444 0 FR940916-1-00062 0
444 0 FR940919-0-00030 0
444 0 FR940919-0-00035 0
444 0 FR940919-0-00036 0
444 0 FR940919-0-00105 0
444 0 FR940919-1-00018 0
444 0 FR940919-2-00007 0
444 0 FR940919-2-00048 0
444 0 FR940920-2-00054 0
444 0 FR940920-2-00055 0
444 0 FR940920-2-00057 0
444 0 FR940920-2-00058 0
444 0 FR940920-2-00060 0
444 0 FR940920-2-00063 0
444 0 FR940920-2-00064 0
444 0 FR940921-2-00006 0
444 0 FR940921-2-00028 0
444 0 FR940926-1-00032 0
444 0 FR940926-1-00033 0
444 0 FR940926-1-00039 0
444 0 FR940927-2-00103 0
444 0 FR940927-2-00104 0
444 0 FR940927-2-00105 0
444 0 FR940928-0-00033 0
444 0 FR940928-1-00051 0
444 0 FR940928-2-00102 0
444 0 FR940928-2-00113 0
444 0 FR940930-0-00174 0
444 0 FR940930-1-00023 0
444 0 FR940930-1-00024 0
444 0 FR940930-1-00054 0
444 0 FR941003-0-00078 0
444 0 FR941004-1-00030 0
444 0 FR941005-0-00013 0
444 0 FR941005-0-00014 0
444 0 FR941005-0-00015 0
444 0 FR941005-0-00016 0
444 0 FR941005-0-00018 0
444 0 FR941005-1-00029 0
444 0 FR941006-1-00053 0
444 0 FR941012-0-00030 0
444 0 FR941012-1-00067 0
444 0 FR941012-1-00068 0
444 0 FR941021-2-00050 0
444 0 FR941025-0-00055 0
444 0 FR941026-2-00033 0
444 0 FR941027-2-00024 0
444 0 FR941028-1-00032 0
444 0 FR941028-1-00033 0
444 0 FR941028-1-00035 0
444 0 FR941028-1-00037 0
444 0 FR941028-2-00055 0
444 0 FR941028-2-00194 0
444 0 FR941028-2-00195 0
444 0 FR941028-2-00201 0
444 0 FR941028-2-00203 0
444 0 FR941028-2-00218 0
444 0 FR941102-1-00040 0
444 0 FR941102-1-00049 0
444 0 FR941102-1-00068 0
444 0 FR941102-1-00089 0
444 0 FR941102-1-00095 0
444 0 FR941102-1-00101 0
444 0 FR941102-1-00107 0
444 0 FR941102-1-00113 0
444 0 FR941102-1-00119 0
444 0 FR941103-0-00119 0
444 0 FR941107-2-00075 0
444 0 FR941107-2-00218 0
444 0 FR941107-2-00219 0
444 0 FR941107-2-00222 0
444 0 FR941107-2-00224 0
444 0 FR941110-1-00067 0
444 0 FR941110-1-00073 0
444 0 FR941110-1-00077 0
444 0 FR941110-1-00098 0
444 0 FR941110-1-00121 0
444 0 FR941110-2-00083 0
444 0 FR941116-2-00039 0
444 0 FR941117-0-00021 0
444 0 FR941121-1-00014 0
444 0 FR941121-1-00018 0
444 0 FR941121-2-00055 0
444 0 FR941125-1-00014 0
444 0 FR941125-2-00037 0
444 0 FR941128-1-00025 0
444 0 FR941128-2-00013 0
444 0 FR941130-0-00122 0
444 0 FR941130-0-00123 0
444 0 FR941130-2-00096 0
444 0 FR941202-0-00065 0
444 0 FR941202-0-00066 0
444 0 FR941202-0-00068 0
444 0 FR941202-0-00071 0
444 0 FR941202-0-00074 0
444 0 FR941202-0-00075 0
444 0 FR941202-0-00076 0
444 0 FR941202-0-00077 0
444 0 FR941202-0-00078 0
444 0 FR941202-0-00081 0
444 0 FR941202-0-00087 0
444 0 FR941202-0-00093 0
444 0 FR941202-0-00095 0
444 0 FR941202-2-00118 0
444 0 FR941206-0-00151 0
444 0 FR941206-1-00075 0
444 0 FR941206-1-00076 0
444 0 FR941206-1-00078 0
444 0 FR941206-1-00079 0
444 0 FR941206-1-00080 0
444 0 FR941206-2-00098 0
444 0 FR941206-2-00134 0
444 0 FR941207-2-00068 0
444 0 FR941216-0-00024 0
444 0 FR941216-1-00077 0
444 0 FR941216-1-00119 0
444 0 FR941216-1-00128 0
444 0 FR941216-1-00135 0
444 0 FR941216-1-00153 0
444 0 FR941216-2-00082 0
444 0 FR941216-2-00102 0
444 0 FR941220-0-00007 0
444 0 FR941220-0-00008 0
444 0 FR941220-0-00009 0
444 0 FR941220-0-00010 0
444 0 FR941221-1-00042 0
444 0 FR941221-2-00104 0
444 0 FR941222-0-00092 0
444 0 FR941222-1-00078 0
444 0 FR941227-2-00047 0
444 0 FR941230-0-00119 0
444 0 FT911-1953 0
444 0 FT911-2669 0
444 0 FT911-3417 0
444 0 FT911-4766 0
444 0 FT921-10140 0
444 0 FT921-10884 0
444 0 FT921-11550 0
444 0 FT921-11776 0
444 0 FT921-12696 0
444 0 FT921-13500 0
444 0 FT921-1541 0
444 0 FT921-15851 0
444 0 FT921-1613 0
444 0 FT921-3525 0
444 0 FT921-4211 0
444 0 FT921-4740 0
444 0 FT921-5492 0
444 0 FT921-5689 0
444 0 FT921-8131 0
444 0 FT921-814 0
444 0 FT921-834 0
444 0 FT921-8933 0
444 0 FT921-9705 0
444 0 FT922-10410 0
444 0 FT922-11536 0
444 0 FT922-11710 0
444 0 FT922-12575 0
444 0 FT922-1465 0
444 0 FT922-15074 0
444 0 FT922-2868 0
444 0 FT922-3162 0
444 0 FT922-4410 0
444 0 FT922-4533 0
444 0 FT922-4933 0
444 0 FT922-5089 0
444 0 FT922-6259 0
444 0 FT922-6643 0
444 0 FT922-6754 0
444 0 FT922-7132 0
444 0 FT922-7725 0
444 0 FT922-8303 0
444 0 FT922-8416 0
444 0 FT922-8560 0
444 0 FT922-8821 0
444 0 FT923-10119 0
444 0 FT923-10245 0
444 0 FT923-10246 0
444 0 FT923-10247 0
444 0 FT923-10248 0
444 0 FT923-10250 0
444 0 FT923-11863 0
444 0 FT923-12391 0
444 0 FT923-12524 0
444 0 FT923-13223 0
444 0 FT923-14423 0
444 0 FT923-15104 0
444 0 FT923-15228 0
444 0 FT923-15319 0
444 0 FT923-15446 0
444 0 FT923-3997 0
444 0 FT923-438 0
444 0 FT923-6171 0
444 0 FT923-6864 0
444 0 FT923-7422 0
444 0 FT924-10242 0
444 0 FT924-1034 0
444 0 FT924-11365 0
444 0 FT924-11669 0
444 0 FT924-12342 0
444 0 FT924-1805 0
444 0 FT924-3600 0
444 0 FT924-5592 0
444 0 FT924-5869 0
444 0 FT924-6480 0
444 0 FT924-7243 0
444 0 FT924-7245 0
444 0 FT924-7440 0
444 0 FT924-773 0
444 0 FT924-8554 0
444 0 FT924-9469 0
444 0 FT924-9626 0
444 0 FT931-13075 0
444 0 FT931-14947 0
444 0 FT931-16271 0
444 0 FT931-2137 0
444 0 FT931-2436 0
444 0 FT931-3052 0
444 0 FT931-3155 0
444 0 FT931-3440 0
444 0 FT931-4991 0
444 0 FT931-6368 0
444 0 FT931-8809 0
444 0 FT931-9491 0
444 0 FT932-10090 0
444 0 FT932-10728 0
444 0 FT932-10735 0
444 0 FT932-11512 0
444 0 FT932-1228 0
444 0 FT932-13981 0
444 0 FT932-14255 0
444 0 FT932-14264 0
444 0 FT932-14389 0
444 0 FT932-14459 0
444 0 FT932-15261 0
444 0 FT932-15870 0
444 0 FT932-16434 0
444 0 FT932-1902 0
444 0 FT932-2360 0
444 0 FT932-2384 0
444 0 FT932-2786 0
444 0 FT932-2791 0
444 0 FT932-4305 0
444 0 FT932-7109 0
444 0 FT932-7111 0
444 0 FT932-7119 0
444 0 FT932-7120 0
444 0 FT932-7125 0
444 0 FT932-7126 0
444 0 FT932-7128 0
444 0 FT932-8409 0
444 0 FT932-8424 0
444 0 FT932-8692 0
444 0 FT932-9577 0
444 0 FT933-10003 0
444 0 FT933-10469 0
444 0 FT933-10490 0
444 0 FT933-10682 0
444 0 FT933-10838 0
444 0 FT933-10841 0
444 0 FT933-11326 0
444 0 FT933-11571 0
444 0 FT933-11998 0
444 0 FT933-13095 0
444 0 FT933-13379 0
444 0 FT933-13992 0
444 0 FT933-14446 0
444 0 FT933-14536 0
444 0 FT933-15507 0
444 0 FT933-15756 0
444 0 FT933-16680 0
444 0 FT933-16942 0
444 0 FT933-1818 0
444 0 FT933-416 0
444 0 FT933-4547 0
444 0 FT933-4553 0
444 0 FT933-4856 0
444 0 FT933-5660 0
444 0 FT933-6038 0
444 0 FT933-6074 0
444 0 FT933-6487 0
444 0 FT933-6489 0
444 0 FT933-7424 0
444 0 FT933-7628 0
444 0 FT933-8040 0
444 0 FT933-8614 0
444 0 FT933-8839 0
444 0 FT933-9029 0
444 0 FT933-9030 0
444 0 FT933-9641 0
444 0 FT934-10441 0
444 0 FT934-11193 0
444 0 FT934-1149 0
444 0 FT934-14029 0
444 0 FT934-16505 0
444 0 FT934-16570 0
444 0 FT934-1701 0
444 0 FT934-1880 0
444 0 FT934-2474 0
444 0 FT934-3082 0
444 0 FT934-3768 0
444 0 FT934-3789 0
444 0 FT934-4117 0
444 0 FT934-5427 0
444 0 FT934-6398 0
444 0 FT934-713 0
444 0 FT934-7149 0
444 0 FT934-828 0
444 0 FT934-8544 0
444 0 FT934-9032 0
444 0 FT934-941 0
444 0 FT941-10041 0
444 0 FT941-10776 0
444 0 FT941-1094 0
444 0 FT941-1227 0
444 0 FT941-12455 0
444 0 FT941-12912 0
444 0 FT941-1325 0
444 0 FT941-13407 0
444 0 FT941-13539 0
444 0 FT941-15764 0
444 0 FT941-16254 0
444 0 FT941-16332 0
444 0 FT941-16881 0
444 0 FT941-3191 0
444 0 FT941-3464 0
444 0 FT941-4676 0
444 0 FT941-5538 0
444 0 FT941-718 0
444 0 FT941-7902 0
444 0 FT941-8699 0
444 0 FT941-9362 0
444 0 FT942-12501 0
444 0 FT942-12839 0
444 0 FT942-13073 0
444 0 FT942-14231 0
444 0 FT942-14848 0
444 0 FT942-15258 0
444 0 FT942-15553 0
444 0 FT942-15901 0
444 0 FT942-16 0
444 0 FT942-162 0
444 0 FT942-1673 0
444 0 FT942-1674 0
444 0 FT942-16777 0
444 0 FT942-17063 0
444 0 FT942-17235 0
444 0 FT942-1838 0
444 0 FT942-2804 0
444 0 FT942-4083 0
444 0 FT942-4166 0
444 0 FT942-4424 0
444 0 FT942-4480 0
444 0 FT942-5018 0
444 0 FT942-6569 0
444 0 FT942-6984 0
444 0 FT942-6997 0
444 0 FT942-6999 0
444 0 FT942-7847 0
444 0 FT942-809 0
444 0 FT942-8972 0
444 0 FT942-9101 0
444 0 FT942-9102 0
444 0 FT942-9104 0
444 0 FT942-9108 0
444 0 FT942-9109 0
444 0 FT942-9113 0
444 0 FT942-9122 0
444 0 FT943-10098 0
444 0 FT943-10562 0
444 0 FT943-10811 0
444 0 FT943-10865 0
444 0 FT943-11594 0
444 0 FT943-11606 0
444 0 FT943-12498 0
444 0 FT943-12883 0
444 0 FT943-13372 0
444 0 FT943-13392 0
444 0 FT943-13935 0
444 0 FT943-14507 0
444 0 FT943-14509 0
444 0 FT943-14510 0
444 0 FT943-150 0
444 0 FT943-15863 0
444 0 FT943-15869 0
444 0 FT943-16693 0
444 0 FT943-2086 0
444 0 FT943-3396 0
444 0 FT943-4348 0
444 0 FT943-4446 0
444 0 FT943-4578 0
444 0 FT943-5672 0
444 0 FT943-5717 0
444 0 FT943-7443 0
444 0 FT943-7474 0
444 0 FT943-7961 0
444 0 FT943-8487 0
444 0 FT943-9043 0
444 0 FT943-9227 0
444 0 FT943-947 0
444 0 FT943-9845 0
444 0 FT944-10466 0
444 0 FT944-11707 0
444 0 FT944-12342 0
444 0 FT944-13543 0
444 0 FT944-14093 0
444 0 FT944-14235 0
444 0 FT944-14778 0
444 0 FT944-16722 0
444 0 FT944-16735 0
444 0 FT944-17881 0
444 0 FT944-3005 0
444 0 FT944-3008 0
444 0 FT944-3009 0
444 0 FT944-3281 0
444 0 FT944-4746 0
444 0 FT944-581 0
444 0 FT944-5939 0
444 0 FT944-5942 0
444 0 FT944-6337 0
444 0 FT944-6346 0
444 0 FT944-6503 0
444 0 FT944-6598 0
444 0 FT944-7534 0
444 0 FT944-7540 0
444 0 FT944-8094 0
444 0 FT944-8186 0
444 0 FT944-8237 0
444 0 FT944-8260 0
444 0 FT944-8958 0
444 0 FT944-9349 0
444 0 FT944-9467 0
444 0 FT944-9667 0
444 0 LA010490-0010 0
444 0 LA010490-0011 0
444 0 LA010490-0012 0
444 0 LA010490-0013 0
444 0 LA010490-0014 0
444 0 LA010490-0015 0
444 0 LA010490-0016 0
444 0 LA010490-0017 0
444 0 LA010490-0018 0
444 0 LA010490-0019 0
444 0 LA010490-0020 0
444 0 LA010490-0021 0
444 0 LA010490-0022 0
444 0 LA010490-0023 0
444 0 LA010490-0024 0
444 0 LA010490-0025 0
444 0 LA010490-0026 0
444 0 LA010490-0027 0
444 0 LA010490-0028 0
444 0 LA010490-0029 0
444 0 LA010490-0030 0
444 0 LA010490-0031 0
444 0 LA010490-0032 0
444 0 LA010490-0033 0
444 0 LA010490-0034 0
444 0 LA010490-0035 0
444 0 LA010490-0036 0
444 0 LA010490-0037 0
444 0 LA010490-0038 0
444 0 LA010490-0039 0
444 0 LA010490-0040 0
444 0 LA010490-0041 0
444 0 LA010490-0042 0
444 0 LA010490-0043 0
444 0 LA010490-0044 0
444 0 LA010490-0045 0
444 0 LA010490-0046 0
444 0 LA010490-0047 0
444 0 LA010490-0048 0
444 0 LA010490-0049 0
444 0 LA010490-0050 0
444 0 LA010490-0051 0
444 0 LA010490-0052 0
444 0 LA010490-0053 0
444 0 LA010490-0054 0
444 0 LA010490-0055 0
444 0 LA010490-0056 0
444 0 LA010490-0057 0
444 0 LA010490-0058 0
444 0 LA010490-0059 0
444 0 LA010490-0060 0
444 0 LA010490-0061 0
444 0 LA010490-0062 0
444 0 LA010490-0063 0
444 0 LA010490-0064 0
444 0 LA010490-0065 0
444 0 LA010490-0066 0
444 0 LA010490-0067 0
444 0 LA010490-0068 0
444 0 LA010490-0069 0
444 0 LA010490-0070 0
444 0 LA010490-0071 0
444 0 LA010490-0072 0
444 0 LA010490-0073 0
444 0 LA010490-0074 0
444 0 LA010490-0075 0
444 0 LA010490-0076 0
444 0 LA010490-0077 0
444 0 LA010490-0078 0
444 0 LA010490-0079 0
444 0 LA010490-0080 0
444 0 LA010490-0081 0
444 0 LA010490-0082 0
444 0 LA010490-0083 0
444 0 LA010490-0084 0
444 0 LA010490-0085 0
444 0 LA010490-0086 0
444 0 LA010490-0087 0
444 0 LA010490-0088 0
444 0 LA010490-0089 0
444 0 LA010490-0090 0
444 0 LA010490-0091 0
444 0 LA010490-0092 0
444 0 LA010490-0093 0
444 0 LA010490-0094 0
444 0 LA010490-0095 0
444 0 LA010490-0096 0
444 0 LA010490-0097 0
444 0 LA010490-0098 0
444 0 LA010490-0099 0
444 0 LA010789-0132 0
444 0 LA011289-0173 0
444 0 LA011690-0129 0
444 0 LA011789-0106 0
444 0 LA011989-0133 0
444 0 LA011989-0197 0
444 0 LA012289-0176 0
444 0 LA012389-0006 0
444 0 LA012390-0029 0
444 0 LA012590-0156 0
444 0 LA012990-0089 0
444 0 LA020690-0093 0
444 0 LA020889-0116 0
444 0 LA020989-0195 0
444 0 LA021389-0067 0
444 0 LA021890-0171 0
444 0 LA021989-0083 0
444 0 LA022090-0110 0
444 0 LA022390-0050 0
444 0 LA022690-0042 0
444 0 LA022790-0002 0
444 0 LA030190-0026 0
444 0 LA030190-0151 0
444 0 LA030289-0092 0
444 0 LA030289-0142 0
444 0 LA030290-0081 0
444 0 LA030489-0118 0
444 0 LA030490-0017 0
444 0 LA030490-0113 0
444 0 LA030589-0054 0
444 0 LA030689-0003 0
444 0 LA030690-0001 0
444 0 LA030789-0064 0
444 0 LA030889-0102 0
444 0 LA030989-0072 0
444 0 LA031289-0047 0
444 0 LA031290-0072 0
444 0 LA031989-0189 0
444 0 LA031989-0263 0
444 0 LA032190-0099 0
444 0 LA032389-0050 0
444 0 LA032689-0032 0
444 0 LA032689-0061 0
444 0 LA032890-0124 0
444 0 LA033089-0119 0
444 0 LA040590-0097 0
444 0 LA040890-0152 0
444 0 LA040989-0121 0
444 0 LA041590-0153 0
444 0 LA041689-0113 0
444 0 LA041689-0209 0
444 0 LA041690-0084 0
444 0 LA042489-0048 0
444 0 LA042490-0080 0
444 0 LA042789-0133 0
444 0 LA043089-0201 0
444 0 LA051090-0086 0
444 0 LA051190-0042 0
444 0 LA051190-0097 0
444 0 LA051289-0112 0
444 0 LA052390-0057 0
444 0 LA052489-0045 0
444 0 LA052490-0169 0
444 0 LA052889-0112 0
444 0 LA052890-0025 0
444 0 LA053090-0111 0
444 0 LA053190-0260 0
444 0 LA060389-0146 0
444 0 LA060390-0007 0
444 0 LA060589-0052 0
444 0 LA060590-0124 0
444 0 LA060889-0013 0
444 0 LA060890-0028 0
444 0 LA061090-0044 0
444 0 LA061190-0060 0
444 0 LA061489-0012 0
444 0 LA061790-0153 0
444 0 LA061890-0044 0
444 0 LA062889-0089 0
444 0 LA062890-0004 0
444 0 LA062890-0167 0
444 0 LA063089-0143 0
444 0 LA071089-0051 0
444 0 LA071590-0215 0
444 0 LA071689-0024 0
444 0 LA072190-0160 0
444 0 LA080390-0068 0
444 0 LA082389-0057 0
444 0 LA082789-0015 0
444 0 LA083089-0120 0
444 0 LA090590-0118 0
444 0 LA090790-0136 0
444 0 LA090889-0156 0
444 0 LA090989-0073 0
444 0 LA091290-0178 0
444 0 LA091590-0093 0
444 0 LA091690-0060 0
444 0 LA091890-0063 0
444 0 LA092390-0194 0
444 0 LA092489-0096 0
444 0 LA092790-0210 0
444 0 LA093090-0178 0
444 0 LA100290-0022 0
444 0 LA101290-0004 0
444 0 LA101290-0007 0
444 0 LA101389-0119 0
444 0 LA101390-0116 0
444 0 LA101590-0002 0
444 0 LA101790-0003 0
444 0 LA101890-0175 0
444 0 LA101990-0058 0
444 0 LA110189-0126 0
444 0 LA110490-0196 0
444 0 LA110890-0070 0
444 0 LA110989-0161 0
444 0 LA110990-0081 0
444 0 LA111689-0032 0
444 0 LA112290-0071 0
444 0 LA112790-0125 0
444 0 LA120290-0107 0
444 0 LA120389-0074 0
444 0 LA120490-0100 0
444 0 LA120690-0196 0
444 0 LA121089-0225 0
444 0 LA121089-0235 0
444 0 LA121389-0103 0
444 0 LA121789-0126 0
444 0 LA122189-0065 0
444 0 LA122489-0217 0
444 0 LA122689-0070 0
444 0 LA122689-0076 0
