417 0 FBIS3-10019 0
417 0 FBIS3-10020 0
417 0 FBIS3-10063 0
417 0 FBIS3-10134 0
417 0 FBIS3-10135 0
417 0 FBIS3-10170 0
417 0 FBIS3-10229 0
417 0 FBIS3-10291 0
417 0 FBIS3-10359 0
417 0 FBIS3-10361 0
417 0 FBIS3-10383 0
417 0 FBIS3-10437 0
417 0 FBIS3-10468 0
417 0 FBIS3-10495 0
417 0 FBIS3-10505 0
417 0 FBIS3-10620 0
417 0 FBIS3-10653 0
417 0 FBIS3-10656 0
417 0 FBIS3-10837 0
417 0 FBIS3-10875 0
417 0 FBIS3-10963 0
417 0 FBIS3-11338 0
417 0 FBIS3-11339 0
417 0 FBIS3-11341 0
417 0 FBIS3-11520 0
417 0 FBIS3-11685 0
417 0 FBIS3-11686 0
417 0 FBIS3-11687 0
417 0 FBIS3-11694 0
417 0 FBIS3-11708 0
417 0 FBIS3-11710 0
417 0 FBIS3-11725 0
417 0 FBIS3-11748 0
417 0 FBIS3-11888 0
417 0 FBIS3-11928 0
417 0 FBIS3-11929 0
417 0 FBIS3-11986 0
417 0 FBIS3-1246 0
417 0 FBIS3-12599 0
417 0 FBIS3-13493 0
417 0 FBIS3-14 0
417 0 FBIS3-14751 0
417 0 FBIS3-14832 0
417 0 FBIS3-15015 0
417 0 FBIS3-1509 0
417 0 FBIS3-15151 0
417 0 FBIS3-16468 0
417 0 FBIS3-17392 0
417 0 FBIS3-1743 0
417 0 FBIS3-17527 0
417 0 FBIS3-1756 0
417 0 FBIS3-18050 0
417 0 FBIS3-18053 0
417 0 FBIS3-18354 0
417 0 FBIS3-184 0
417 0 FBIS3-18443 0
417 0 FBIS3-1846 0
417 0 FBIS3-18496 0
417 0 FBIS3-18546 0
417 0 FBIS3-18718 0
417 0 FBIS3-18743 0
417 0 FBIS3-18940 0
417 0 FBIS3-18943 0
417 0 FBIS3-19113 0
417 0 FBIS3-19284 0
417 0 FBIS3-19515 0
417 0 FBIS3-1991 0
417 0 FBIS3-20008 0
417 0 FBIS3-20025 0
417 0 FBIS3-2008 0
417 0 FBIS3-20520 0
417 0 FBIS3-20521 0
417 0 FBIS3-20524 0
417 0 FBIS3-20900 0
417 0 FBIS3-21132 0
417 0 FBIS3-21196 0
417 0 FBIS3-21668 0
417 0 FBIS3-22100 0
417 0 FBIS3-22119 0
417 0 FBIS3-22234 0
417 0 FBIS3-2241 0
417 0 FBIS3-2244 0
417 0 FBIS3-2293 0
417 0 FBIS3-23 0
417 0 FBIS3-23084 0
417 0 FBIS3-23514 0
417 0 FBIS3-23516 0
417 0 FBIS3-23525 0
417 0 FBIS3-23561 0
417 0 FBIS3-23597 0
417 0 FBIS3-23600 0
417 0 FBIS3-23658 0
417 0 FBIS3-23701 0
417 0 FBIS3-23718 0
417 0 FBIS3-23795 0
417 0 FBIS3-23809 0
417 0 FBIS3-23823 0
417 0 FBIS3-23841 0
417 0 FBIS3-23911 0
417 0 FBIS3-23945 0
417 0 FBIS3-23947 0
417 0 FBIS3-23978 0
417 0 FBIS3-24009 0
417 0 FBIS3-24017 0
417 0 FBIS3-24076 0
417 0 FBIS3-24088 0
417 0 FBIS3-24113 0
417 0 FBIS3-24121 0
417 0 FBIS3-24125 0
417 0 FBIS3-24145 0
417 0 FBIS3-24265 0
417 0 FBIS3-24342 0
417 0 FBIS3-24422 0
417 0 FBIS3-24440 0
417 0 FBIS3-24448 0
417 0 FBIS3-24485 0
417 0 FBIS3-24503 0
417 0 FBIS3-24559 0
417 0 FBIS3-24573 0
417 0 FBIS3-24977 0
417 0 FBIS3-25671 0
417 0 FBIS3-26060 0
417 0 FBIS3-26098 0
417 0 FBIS3-26127 0
417 0 FBIS3-26134 0
417 0 FBIS3-26223 0
417 0 FBIS3-26391 0
417 0 FBIS3-26435 0
417 0 FBIS3-26447 0
417 0 FBIS3-26477 0
417 0 FBIS3-26482 0
417 0 FBIS3-26567 0
417 0 FBIS3-26718 0
417 0 FBIS3-26729 0
417 0 FBIS3-26806 0
417 0 FBIS3-26835 0
417 0 FBIS3-26938 0
417 0 FBIS3-26945 0
417 0 FBIS3-26955 0
417 0 FBIS3-27004 0
417 0 FBIS3-27041 0
417 0 FBIS3-27267 0
417 0 FBIS3-27407 0
417 0 FBIS3-27520 0
417 0 FBIS3-27575 0
417 0 FBIS3-27823 0
417 0 FBIS3-27824 0
417 0 FBIS3-27972 0
417 0 FBIS3-2798 0
417 0 FBIS3-28050 0
417 0 FBIS3-2810 0
417 0 FBIS3-28150 0
417 0 FBIS3-28190 0
417 0 FBIS3-28204 0
417 0 FBIS3-28311 0
417 0 FBIS3-28508 0
417 0 FBIS3-28603 0
417 0 FBIS3-28755 0
417 0 FBIS3-28762 0
417 0 FBIS3-28777 0
417 0 FBIS3-28807 0
417 0 FBIS3-29 0
417 0 FBIS3-2913 0
417 0 FBIS3-29180 0
417 0 FBIS3-29211 0
417 0 FBIS3-2922 0
417 0 FBIS3-29313 0
417 0 FBIS3-2939 0
417 0 FBIS3-29448 0
417 0 FBIS3-29497 0
417 0 FBIS3-29895 0
417 0 FBIS3-30166 0
417 0 FBIS3-3061 0
417 0 FBIS3-3065 0
417 0 FBIS3-30726 0
417 0 FBIS3-30878 0
417 0 FBIS3-31672 0
417 0 FBIS3-31843 0
417 0 FBIS3-31851 0
417 0 FBIS3-32113 0
417 0 FBIS3-32155 0
417 0 FBIS3-32220 0
417 0 FBIS3-32230 0
417 0 FBIS3-32334 0
417 0 FBIS3-32409 0
417 0 FBIS3-32532 0
417 0 FBIS3-32536 0
417 0 FBIS3-32790 0
417 0 FBIS3-32893 0
417 0 FBIS3-32958 0
417 0 FBIS3-33042 0
417 0 FBIS3-33140 0
417 0 FBIS3-33220 0
417 0 FBIS3-33277 0
417 0 FBIS3-33372 0
417 0 FBIS3-33377 0
417 0 FBIS3-33406 0
417 0 FBIS3-33471 0
417 0 FBIS3-33515 0
417 0 FBIS3-33521 0
417 0 FBIS3-33540 0
417 0 FBIS3-33595 0
417 0 FBIS3-3464 0
417 0 FBIS3-35228 0
417 0 FBIS3-35264 0
417 0 FBIS3-35723 0
417 0 FBIS3-36336 1
417 0 FBIS3-36523 0
417 0 FBIS3-36818 0
417 0 FBIS3-36973 0
417 0 FBIS3-37037 0
417 0 FBIS3-37722 0
417 0 FBIS3-37923 0
417 0 FBIS3-3804 0
417 0 FBIS3-38148 0
417 0 FBIS3-38236 0
417 0 FBIS3-38416 0
417 0 FBIS3-38428 0
417 0 FBIS3-38630 0
417 0 FBIS3-38685 0
417 0 FBIS3-38791 0
417 0 FBIS3-38886 0
417 0 FBIS3-38938 0
417 0 FBIS3-3907 0
417 0 FBIS3-39122 0
417 0 FBIS3-39216 0
417 0 FBIS3-39591 0
417 0 FBIS3-39751 0
417 0 FBIS3-39883 0
417 0 FBIS3-40087 0
417 0 FBIS3-40129 0
417 0 FBIS3-40136 0
417 0 FBIS3-40152 0
417 0 FBIS3-40164 0
417 0 FBIS3-40190 0
417 0 FBIS3-40194 0
417 0 FBIS3-40383 0
417 0 FBIS3-40450 0
417 0 FBIS3-40454 0
417 0 FBIS3-40459 0
417 0 FBIS3-40527 0
417 0 FBIS3-40535 0
417 0 FBIS3-40544 0
417 0 FBIS3-40608 0
417 0 FBIS3-40630 0
417 0 FBIS3-40827 0
417 0 FBIS3-40865 0
417 0 FBIS3-41652 0
417 0 FBIS3-41666 0
417 0 FBIS3-41782 0
417 0 FBIS3-4225 0
417 0 FBIS3-42459 0
417 0 FBIS3-42477 0
417 0 FBIS3-42484 0
417 0 FBIS3-42487 0
417 0 FBIS3-42583 0
417 0 FBIS3-42615 0
417 0 FBIS3-42684 0
417 0 FBIS3-42726 0
417 0 FBIS3-42760 0
417 0 FBIS3-42773 0
417 0 FBIS3-42816 0
417 0 FBIS3-42829 0
417 0 FBIS3-42845 0
417 0 FBIS3-42960 0
417 0 FBIS3-42967 0
417 0 FBIS3-42994 0
417 0 FBIS3-43003 0
417 0 FBIS3-43005 0
417 0 FBIS3-43023 0
417 0 FBIS3-43029 0
417 0 FBIS3-43032 0
417 0 FBIS3-43041 0
417 0 FBIS3-43085 0
417 0 FBIS3-43086 0
417 0 FBIS3-43106 0
417 0 FBIS3-43148 0
417 0 FBIS3-43202 0
417 0 FBIS3-43692 0
417 0 FBIS3-43776 0
417 0 FBIS3-43882 0
417 0 FBIS3-4394 0
417 0 FBIS3-44380 0
417 0 FBIS3-44395 0
417 0 FBIS3-44437 0
417 0 FBIS3-44462 0
417 0 FBIS3-44496 0
417 0 FBIS3-44527 0
417 0 FBIS3-44529 0
417 0 FBIS3-44623 0
417 0 FBIS3-44625 0
417 0 FBIS3-44708 0
417 0 FBIS3-44865 0
417 0 FBIS3-44950 0
417 0 FBIS3-45047 0
417 0 FBIS3-45081 0
417 0 FBIS3-45207 0
417 0 FBIS3-45241 0
417 0 FBIS3-45254 0
417 0 FBIS3-45423 0
417 0 FBIS3-45427 0
417 0 FBIS3-45479 0
417 0 FBIS3-45560 0
417 0 FBIS3-45820 0
417 0 FBIS3-45821 0
417 0 FBIS3-46062 0
417 0 FBIS3-46078 0
417 0 FBIS3-46089 0
417 0 FBIS3-46235 0
417 0 FBIS3-46291 0
417 0 FBIS3-46300 0
417 0 FBIS3-46341 0
417 0 FBIS3-46367 0
417 0 FBIS3-46417 0
417 0 FBIS3-46429 0
417 0 FBIS3-46490 0
417 0 FBIS3-46494 0
417 0 FBIS3-46521 0
417 0 FBIS3-46575 0
417 0 FBIS3-46593 0
417 0 FBIS3-46596 0
417 0 FBIS3-46712 0
417 0 FBIS3-46801 0
417 0 FBIS3-4695 0
417 0 FBIS3-46951 0
417 0 FBIS3-46998 0
417 0 FBIS3-47129 0
417 0 FBIS3-4757 0
417 0 FBIS3-4759 0
417 0 FBIS3-47599 0
417 0 FBIS3-4779 0
417 0 FBIS3-48159 0
417 0 FBIS3-48251 0
417 0 FBIS3-48580 0
417 0 FBIS3-48581 0
417 0 FBIS3-48699 0
417 0 FBIS3-48700 0
417 0 FBIS3-48714 0
417 0 FBIS3-48858 0
417 0 FBIS3-49480 0
417 0 FBIS3-50089 0
417 0 FBIS3-50135 0
417 0 FBIS3-50510 0
417 0 FBIS3-50564 0
417 0 FBIS3-50578 0
417 0 FBIS3-50822 0
417 0 FBIS3-5100 0
417 0 FBIS3-51018 0
417 0 FBIS3-51020 0
417 0 FBIS3-5103 0
417 0 FBIS3-51114 0
417 0 FBIS3-51173 0
417 0 FBIS3-51396 0
417 0 FBIS3-51398 0
417 0 FBIS3-51401 0
417 0 FBIS3-51410 0
417 0 FBIS3-51580 0
417 0 FBIS3-51623 0
417 0 FBIS3-51662 0
417 0 FBIS3-51941 0
417 0 FBIS3-52011 0
417 0 FBIS3-52044 0
417 0 FBIS3-5295 0
417 0 FBIS3-53187 0
417 0 FBIS3-53402 0
417 0 FBIS3-53595 0
417 0 FBIS3-5364 0
417 0 FBIS3-53791 0
417 0 FBIS3-53849 0
417 0 FBIS3-53924 0
417 0 FBIS3-54381 0
417 0 FBIS3-54409 0
417 0 FBIS3-54461 0
417 0 FBIS3-5471 0
417 0 FBIS3-54770 0
417 0 FBIS3-54852 0
417 0 FBIS3-55572 0
417 0 FBIS3-55611 0
417 0 FBIS3-55662 0
417 0 FBIS3-55680 0
417 0 FBIS3-55842 0
417 0 FBIS3-5642 0
417 0 FBIS3-57461 0
417 0 FBIS3-57781 0
417 0 FBIS3-58305 0
417 0 FBIS3-58349 0
417 0 FBIS3-58833 0
417 0 FBIS3-58841 0
417 0 FBIS3-5905 0
417 0 FBIS3-59238 0
417 0 FBIS3-59276 0
417 0 FBIS3-59382 0
417 0 FBIS3-59491 0
417 0 FBIS3-59498 0
417 0 FBIS3-59499 0
417 0 FBIS3-59520 0
417 0 FBIS3-59620 0
417 0 FBIS3-59750 0
417 0 FBIS3-59752 0
417 0 FBIS3-59755 0
417 0 FBIS3-59823 0
417 0 FBIS3-59837 0
417 0 FBIS3-60 0
417 0 FBIS3-60226 0
417 0 FBIS3-60336 0
417 0 FBIS3-6067 0
417 0 FBIS3-60709 0
417 0 FBIS3-61009 0
417 0 FBIS3-61017 0
417 0 FBIS3-61041 0
417 0 FBIS3-61055 0
417 0 FBIS3-61090 0
417 0 FBIS3-61094 0
417 0 FBIS3-61097 0
417 0 FBIS3-61124 0
417 0 FBIS3-61251 0
417 0 FBIS3-6128 0
417 0 FBIS3-61300 0
417 0 FBIS3-61307 0
417 0 FBIS3-61335 0
417 0 FBIS3-61336 0
417 0 FBIS3-61353 0
417 0 FBIS3-61357 0
417 0 FBIS3-61390 0
417 0 FBIS3-61422 0
417 0 FBIS3-61469 0
417 0 FBIS3-61487 0
417 0 FBIS3-6471 0
417 0 FBIS3-6482 0
417 0 FBIS3-6629 0
417 0 FBIS3-6884 0
417 0 FBIS3-699 0
417 0 FBIS3-7208 0
417 0 FBIS3-7215 0
417 0 FBIS3-7410 0
417 0 FBIS3-7434 0
417 0 FBIS3-7809 0
417 0 FBIS3-8029 0
417 0 FBIS3-8249 0
417 0 FBIS3-8272 0
417 0 FBIS3-8334 0
417 0 FBIS3-8465 0
417 0 FBIS3-8815 0
417 0 FBIS4-10306 0
417 0 FBIS4-10549 0
417 0 FBIS4-10550 0
417 0 FBIS4-10721 0
417 0 FBIS4-10768 0
417 0 FBIS4-10769 0
417 0 FBIS4-10826 0
417 0 FBIS4-10908 0
417 0 FBIS4-11044 0
417 0 FBIS4-11250 0
417 0 FBIS4-11284 0
417 0 FBIS4-11306 0
417 0 FBIS4-11373 0
417 0 FBIS4-11455 0
417 0 FBIS4-11613 0
417 0 FBIS4-11900 0
417 0 FBIS4-1218 0
417 0 FBIS4-12254 0
417 0 FBIS4-12610 0
417 0 FBIS4-13538 0
417 0 FBIS4-1514 0
417 0 FBIS4-1533 0
417 0 FBIS4-15343 0
417 0 FBIS4-1538 0
417 0 FBIS4-1545 0
417 0 FBIS4-1635 0
417 0 FBIS4-1669 0
417 0 FBIS4-16726 0
417 0 FBIS4-16977 0
417 0 FBIS4-17072 0
417 0 FBIS4-17283 0
417 0 FBIS4-17291 0
417 0 FBIS4-17339 0
417 0 FBIS4-17633 0
417 0 FBIS4-17634 0
417 0 FBIS4-17740 0
417 0 FBIS4-1777 0
417 0 FBIS4-18060 0
417 0 FBIS4-18061 0
417 0 FBIS4-18135 0
417 0 FBIS4-18187 0
417 0 FBIS4-18233 0
417 0 FBIS4-18322 0
417 0 FBIS4-18347 0
417 0 FBIS4-1843 0
417 0 FBIS4-18431 0
417 0 FBIS4-1844 0
417 0 FBIS4-18538 0
417 0 FBIS4-1861 0
417 0 FBIS4-1863 0
417 0 FBIS4-18925 0
417 0 FBIS4-19047 0
417 0 FBIS4-19188 0
417 0 FBIS4-1925 0
417 0 FBIS4-19358 0
417 0 FBIS4-19493 0
417 0 FBIS4-19768 0
417 0 FBIS4-20092 0
417 0 FBIS4-20255 0
417 0 FBIS4-20355 0
417 0 FBIS4-2036 0
417 0 FBIS4-2037 0
417 0 FBIS4-2038 0
417 0 FBIS4-2042 0
417 0 FBIS4-2043 0
417 0 FBIS4-20437 0
417 0 FBIS4-2047 0
417 0 FBIS4-20475 0
417 0 FBIS4-2050 0
417 0 FBIS4-20504 0
417 0 FBIS4-20509 0
417 0 FBIS4-2052 0
417 0 FBIS4-20630 0
417 0 FBIS4-20667 0
417 0 FBIS4-20800 0
417 0 FBIS4-2128 0
417 0 FBIS4-21711 0
417 0 FBIS4-22 0
417 0 FBIS4-2201 0
417 0 FBIS4-2203 0
417 0 FBIS4-22145 0
417 0 FBIS4-22147 0
417 0 FBIS4-22215 0
417 0 FBIS4-22223 0
417 0 FBIS4-22274 0
417 0 FBIS4-22293 0
417 0 FBIS4-22375 0
417 0 FBIS4-22455 0
417 0 FBIS4-22484 0
417 0 FBIS4-22511 0
417 0 FBIS4-22512 0
417 0 FBIS4-22627 0
417 0 FBIS4-22674 0
417 0 FBIS4-22720 0
417 0 FBIS4-22779 0
417 0 FBIS4-22788 0
417 0 FBIS4-22856 0
417 0 FBIS4-22858 0
417 0 FBIS4-22932 0
417 0 FBIS4-22933 0
417 0 FBIS4-22959 0
417 0 FBIS4-22970 0
417 0 FBIS4-23038 0
417 0 FBIS4-23065 0
417 0 FBIS4-23073 0
417 0 FBIS4-23078 0
417 0 FBIS4-23112 0
417 0 FBIS4-23114 0
417 0 FBIS4-23244 0
417 0 FBIS4-23412 0
417 0 FBIS4-23951 0
417 0 FBIS4-2414 0
417 0 FBIS4-2439 0
417 0 FBIS4-2448 0
417 0 FBIS4-24952 0
417 0 FBIS4-25162 0
417 0 FBIS4-25185 0
417 0 FBIS4-25259 0
417 0 FBIS4-25357 0
417 0 FBIS4-2537 0
417 0 FBIS4-25454 0
417 0 FBIS4-25564 0
417 0 FBIS4-25576 0
417 0 FBIS4-25655 0
417 0 FBIS4-25676 0
417 0 FBIS4-25684 0
417 0 FBIS4-25685 0
417 0 FBIS4-25730 0
417 0 FBIS4-26002 0
417 0 FBIS4-26382 0
417 0 FBIS4-26385 0
417 0 FBIS4-26541 0
417 0 FBIS4-26954 0
417 0 FBIS4-26973 0
417 0 FBIS4-26983 0
417 0 FBIS4-26985 0
417 0 FBIS4-27308 0
417 0 FBIS4-2734 0
417 0 FBIS4-27439 0
417 0 FBIS4-27640 0
417 0 FBIS4-27706 0
417 0 FBIS4-27883 0
417 0 FBIS4-28044 0
417 0 FBIS4-28719 0
417 0 FBIS4-28791 0
417 0 FBIS4-28878 0
417 0 FBIS4-29207 0
417 0 FBIS4-30015 0
417 0 FBIS4-30407 0
417 0 FBIS4-30470 0
417 0 FBIS4-30835 0
417 0 FBIS4-31277 0
417 0 FBIS4-31312 0
417 0 FBIS4-31365 0
417 0 FBIS4-31705 0
417 0 FBIS4-31813 0
417 0 FBIS4-31932 0
417 0 FBIS4-32055 0
417 0 FBIS4-32114 0
417 0 FBIS4-32231 0
417 0 FBIS4-325 0
417 0 FBIS4-32517 0
417 0 FBIS4-32678 0
417 0 FBIS4-32689 0
417 0 FBIS4-32794 0
417 0 FBIS4-32867 0
417 0 FBIS4-33142 0
417 0 FBIS4-33154 0
417 0 FBIS4-33295 0
417 0 FBIS4-33457 0
417 0 FBIS4-33578 0
417 0 FBIS4-3366 0
417 0 FBIS4-33690 0
417 0 FBIS4-33740 0
417 0 FBIS4-34048 0
417 0 FBIS4-34056 0
417 0 FBIS4-34183 0
417 0 FBIS4-34311 0
417 0 FBIS4-34447 0
417 0 FBIS4-34513 0
417 0 FBIS4-34515 0
417 0 FBIS4-34545 0
417 0 FBIS4-34621 0
417 0 FBIS4-34630 0
417 0 FBIS4-34823 0
417 0 FBIS4-35052 0
417 0 FBIS4-35086 0
417 0 FBIS4-35174 0
417 0 FBIS4-35914 0
417 0 FBIS4-36323 0
417 0 FBIS4-3651 0
417 0 FBIS4-36782 0
417 0 FBIS4-36810 0
417 0 FBIS4-37352 0
417 0 FBIS4-3751 0
417 0 FBIS4-37744 0
417 0 FBIS4-38863 0
417 0 FBIS4-39224 0
417 0 FBIS4-3945 0
417 0 FBIS4-40005 0
417 0 FBIS4-40116 0
417 0 FBIS4-40131 0
417 0 FBIS4-40371 0
417 0 FBIS4-40514 0
417 0 FBIS4-40571 0
417 0 FBIS4-4067 0
417 0 FBIS4-40697 0
417 0 FBIS4-40881 0
417 0 FBIS4-4089 0
417 0 FBIS4-41232 0
417 0 FBIS4-41511 0
417 0 FBIS4-41557 0
417 0 FBIS4-42083 0
417 0 FBIS4-42273 0
417 0 FBIS4-42301 0
417 0 FBIS4-42516 0
417 0 FBIS4-42723 0
417 0 FBIS4-42729 0
417 0 FBIS4-42739 0
417 0 FBIS4-42886 0
417 0 FBIS4-43035 0
417 0 FBIS4-4314 0
417 0 FBIS4-4319 0
417 0 FBIS4-43258 0
417 0 FBIS4-43488 0
417 0 FBIS4-43875 0
417 0 FBIS4-43924 0
417 0 FBIS4-43976 0
417 0 FBIS4-43978 0
417 0 FBIS4-44 0
417 0 FBIS4-44067 0
417 0 FBIS4-4421 0
417 0 FBIS4-44210 0
417 0 FBIS4-44267 0
417 0 FBIS4-44407 0
417 0 FBIS4-44416 0
417 0 FBIS4-44516 0
417 0 FBIS4-44517 0
417 0 FBIS4-44761 0
417 0 FBIS4-44789 0
417 0 FBIS4-44851 0
417 0 FBIS4-44914 0
417 0 FBIS4-45035 0
417 0 FBIS4-45041 0
417 0 FBIS4-45062 0
417 0 FBIS4-45552 0
417 0 FBIS4-45756 0
417 0 FBIS4-4593 0
417 0 FBIS4-46460 0
417 0 FBIS4-46468 0
417 0 FBIS4-46546 0
417 0 FBIS4-4656 0
417 0 FBIS4-46565 0
417 0 FBIS4-46578 0
417 0 FBIS4-46579 0
417 0 FBIS4-46609 0
417 0 FBIS4-46687 0
417 0 FBIS4-46729 0
417 0 FBIS4-46752 0
417 0 FBIS4-46760 0
417 0 FBIS4-46763 0
417 0 FBIS4-46797 0
417 0 FBIS4-46880 0
417 0 FBIS4-46935 0
417 0 FBIS4-47008 0
417 0 FBIS4-47014 0
417 0 FBIS4-47016 0
417 0 FBIS4-47107 0
417 0 FBIS4-47124 0
417 0 FBIS4-47310 0
417 0 FBIS4-47312 0
417 0 FBIS4-47329 0
417 0 FBIS4-47484 0
417 0 FBIS4-47491 0
417 0 FBIS4-47519 0
417 0 FBIS4-47597 0
417 0 FBIS4-4816 0
417 0 FBIS4-48827 0
417 0 FBIS4-48881 0
417 0 FBIS4-49081 0
417 0 FBIS4-49156 0
417 0 FBIS4-49201 0
417 0 FBIS4-49245 0
417 0 FBIS4-49264 0
417 0 FBIS4-4933 0
417 0 FBIS4-49457 0
417 0 FBIS4-49830 0
417 0 FBIS4-49832 0
417 0 FBIS4-49888 0
417 0 FBIS4-49998 0
417 0 FBIS4-50044 0
417 0 FBIS4-5011 0
417 0 FBIS4-50314 0
417 0 FBIS4-5067 0
417 0 FBIS4-50680 0
417 0 FBIS4-50685 0
417 0 FBIS4-50901 0
417 0 FBIS4-51089 0
417 0 FBIS4-51179 0
417 0 FBIS4-51191 0
417 0 FBIS4-51324 0
417 0 FBIS4-5133 0
417 0 FBIS4-51651 0
417 0 FBIS4-5167 0
417 0 FBIS4-5175 0
417 0 FBIS4-51800 0
417 0 FBIS4-51987 0
417 0 FBIS4-52038 0
417 0 FBIS4-52318 0
417 0 FBIS4-52756 0
417 0 FBIS4-52853 0
417 0 FBIS4-52944 0
417 0 FBIS4-53057 0
417 0 FBIS4-53257 0
417 0 FBIS4-53433 0
417 0 FBIS4-53471 0
417 0 FBIS4-53594 0
417 0 FBIS4-54345 0
417 0 FBIS4-5460 0
417 0 FBIS4-54742 0
417 0 FBIS4-54841 0
417 0 FBIS4-54969 0
417 0 FBIS4-55019 0
417 0 FBIS4-55020 0
417 0 FBIS4-5510 0
417 0 FBIS4-55313 0
417 0 FBIS4-55741 0
417 0 FBIS4-56016 0
417 0 FBIS4-56157 0
417 0 FBIS4-56209 0
417 0 FBIS4-56263 0
417 0 FBIS4-56323 0
417 0 FBIS4-56327 0
417 0 FBIS4-56371 0
417 0 FBIS4-56374 0
417 0 FBIS4-56389 0
417 0 FBIS4-56395 0
417 0 FBIS4-56824 0
417 0 FBIS4-56885 0
417 0 FBIS4-57152 0
417 0 FBIS4-57187 0
417 0 FBIS4-57286 0
417 0 FBIS4-57311 0
417 0 FBIS4-57346 0
417 0 FBIS4-57478 0
417 0 FBIS4-57567 0
417 0 FBIS4-5763 0
417 0 FBIS4-57640 0
417 0 FBIS4-57817 0
417 0 FBIS4-57840 0
417 0 FBIS4-58121 0
417 0 FBIS4-58463 0
417 0 FBIS4-58507 0
417 0 FBIS4-58617 0
417 0 FBIS4-5943 0
417 0 FBIS4-60250 0
417 0 FBIS4-60558 0
417 0 FBIS4-60593 0
417 0 FBIS4-60937 0
417 0 FBIS4-61029 0
417 0 FBIS4-61625 0
417 0 FBIS4-62200 0
417 0 FBIS4-62888 0
417 0 FBIS4-63934 0
417 0 FBIS4-64341 0
417 0 FBIS4-64404 0
417 0 FBIS4-64405 0
417 0 FBIS4-64459 0
417 0 FBIS4-64476 0
417 0 FBIS4-64756 0
417 0 FBIS4-64859 0
417 0 FBIS4-65227 0
417 0 FBIS4-65371 0
417 0 FBIS4-6543 0
417 0 FBIS4-65462 0
417 0 FBIS4-6561 0
417 0 FBIS4-65739 0
417 0 FBIS4-65793 0
417 0 FBIS4-65799 0
417 0 FBIS4-65812 0
417 0 FBIS4-65838 0
417 0 FBIS4-66161 0
417 0 FBIS4-66185 0
417 0 FBIS4-66232 0
417 0 FBIS4-66249 0
417 0 FBIS4-66258 0
417 0 FBIS4-66264 0
417 0 FBIS4-66269 0
417 0 FBIS4-66276 0
417 0 FBIS4-66303 0
417 0 FBIS4-66310 0
417 0 FBIS4-66399 0
417 0 FBIS4-66457 0
417 0 FBIS4-66542 0
417 0 FBIS4-66628 0
417 0 FBIS4-67533 0
417 0 FBIS4-67581 0
417 0 FBIS4-67877 0
417 0 FBIS4-68255 0
417 0 FBIS4-68346 0
417 0 FBIS4-68349 0
417 0 FBIS4-68372 0
417 0 FBIS4-68411 0
417 0 FBIS4-68418 0
417 0 FBIS4-68420 0
417 0 FBIS4-68440 0
417 0 FBIS4-68445 0
417 0 FBIS4-68471 0
417 0 FBIS4-68484 0
417 0 FBIS4-68487 0
417 0 FBIS4-68494 0
417 0 FBIS4-68519 0
417 0 FBIS4-68551 0
417 0 FBIS4-68579 0
417 0 FBIS4-68639 0
417 0 FBIS4-68666 0
417 0 FBIS4-68753 0
417 0 FBIS4-68774 0
417 0 FBIS4-68784 0
417 0 FBIS4-68888 0
417 0 FBIS4-68893 0
417 0 FBIS4-6925 0
417 0 FBIS4-6961 0
417 0 FBIS4-7006 0
417 0 FBIS4-7176 0
417 0 FBIS4-7688 0
417 0 FBIS4-787 0
417 0 FBIS4-8050 0
417 0 FBIS4-83 0
417 0 FBIS4-8503 0
417 0 FBIS4-9250 0
417 0 FBIS4-9354 0
417 0 FBIS4-9497 0
417 0 FBIS4-9511 0
417 0 FBIS4-9668 0
417 0 FBIS4-9764 0
417 0 FR940104-0-00032 0
417 0 FR940104-0-00034 0
417 0 FR940104-1-00028 0
417 0 FR940104-1-00029 0
417 0 FR940105-2-00023 0
417 0 FR940106-1-00016 0
417 0 FR940111-0-00089 0
417 0 FR940112-1-00044 0
417 0 FR940112-2-00141 0
417 0 FR940118-0-00028 0
417 0 FR940118-0-00051 0
417 0 FR940118-0-00061 0
417 0 FR940118-0-00063 0
417 0 FR940118-0-00066 0
417 0 FR940118-0-00075 0
417 0 FR940118-0-00080 0
417 0 FR940118-1-00026 0
417 0 FR940119-0-00025 0
417 0 FR940119-2-00102 0
417 0 FR940119-2-00104 0
417 0 FR940124-1-00018 0
417 0 FR940124-1-00026 0
417 0 FR940126-2-00031 0
417 0 FR940127-2-00196 0
417 0 FR940128-2-00071 0
417 0 FR940128-2-00101 0
417 0 FR940128-2-00186 0
417 0 FR940202-0-00006 0
417 0 FR940202-0-00008 0
417 0 FR940202-0-00031 0
417 0 FR940202-0-00032 0
417 0 FR940202-2-00180 0
417 0 FR940203-2-00029 0
417 0 FR940203-2-00108 0
417 0 FR940204-1-00032 0
417 0 FR940208-0-00034 0
417 0 FR940217-1-00010 0
417 0 FR940223-2-00210 0
417 0 FR940223-2-00243 0
417 0 FR940224-2-00151 0
417 0 FR940224-2-00158 0
417 0 FR940228-2-00003 0
417 0 FR940228-2-00020 0
417 0 FR940303-2-00201 0
417 0 FR940304-1-00031 0
417 0 FR940317-1-00125 0
417 0 FR940317-2-00130 0
417 0 FR940318-0-00071 0
417 0 FR940318-1-00037 0
417 0 FR940318-2-00281 0
417 0 FR940323-0-00099 0
417 0 FR940323-0-00100 0
417 0 FR940323-0-00101 0
417 0 FR940323-0-00102 0
417 0 FR940323-0-00103 0
417 0 FR940324-2-00020 0
417 0 FR940324-2-00063 0
417 0 FR940324-2-00072 0
417 0 FR940324-2-00075 0
417 0 FR940324-2-00086 0
417 0 FR940324-2-00090 0
417 0 FR940325-2-00073 0
417 0 FR940328-0-00018 0
417 0 FR940328-2-00122 0
417 0 FR940328-2-00130 0
417 0 FR940404-0-00068 0
417 0 FR940405-0-00035 0
417 0 FR940405-0-00043 0
417 0 FR940405-0-00045 0
417 0 FR940405-1-00123 0
417 0 FR940405-1-00124 0
417 0 FR940405-2-00070 0
417 0 FR940405-2-00186 0
417 0 FR940406-0-00019 0
417 0 FR940406-1-00044 0
417 0 FR940406-2-00040 0
417 0 FR940407-0-00020 0
417 0 FR940407-0-00101 0
417 0 FR940407-2-00025 0
417 0 FR940407-2-00050 0
417 0 FR940412-0-00023 0
417 0 FR940413-0-00082 0
417 0 FR940419-2-00052 0
417 0 FR940419-2-00053 0
417 0 FR940426-0-00053 0
417 0 FR940426-0-00054 0
417 0 FR940426-1-00011 0
417 0 FR940426-1-00047 0
417 0 FR940426-1-00075 0
417 0 FR940426-1-00077 0
417 0 FR940426-1-00082 0
417 0 FR940426-1-00087 0
417 0 FR940426-2-00064 0
417 0 FR940428-1-00020 0
417 0 FR940429-0-00065 0
417 0 FR940429-0-00179 0
417 0 FR940429-0-00217 0
417 0 FR940503-0-00045 0
417 0 FR940503-0-00047 0
417 0 FR940504-1-00057 0
417 0 FR940504-1-00059 0
417 0 FR940505-1-00059 0
417 0 FR940505-1-00071 0
417 0 FR940505-1-00183 0
417 0 FR940505-1-00486 0
417 0 FR940506-1-00024 0
417 0 FR940506-2-00028 0
417 0 FR940511-2-00086 0
417 0 FR940512-1-00035 0
417 0 FR940513-2-00086 0
417 0 FR940513-2-00089 0
417 0 FR940513-2-00092 0
417 0 FR940513-2-00094 0
417 0 FR940516-1-00076 0
417 0 FR940516-1-00113 0
417 0 FR940524-2-00042 0
417 0 FR940524-2-00043 0
417 0 FR940525-1-00002 0
417 0 FR940525-1-00042 0
417 0 FR940526-2-00095 0
417 0 FR940526-2-00096 0
417 0 FR940526-2-00097 0
417 0 FR940526-2-00098 0
417 0 FR940526-2-00100 0
417 0 FR940526-2-00103 0
417 0 FR940526-2-00104 0
417 0 FR940526-2-00106 0
417 0 FR940526-2-00107 0
417 0 FR940526-2-00108 0
417 0 FR940526-2-00111 0
417 0 FR940526-2-00113 0
417 0 FR940526-2-00114 0
417 0 FR940526-2-00115 0
417 0 FR940526-2-00116 0
417 0 FR940526-2-00130 0
417 0 FR940527-0-00091 0
417 0 FR940527-0-00154 0
417 0 FR940527-1-00049 0
417 0 FR940527-1-00132 0
417 0 FR940527-1-00162 0
417 0 FR940602-1-00023 0
417 0 FR940602-1-00096 0
417 0 FR940602-2-00146 0
417 0 FR940603-0-00134 0
417 0 FR940603-1-00195 0
417 0 FR940603-1-00217 0
417 0 FR940603-2-00162 0
417 0 FR940606-0-00024 0
417 0 FR940606-2-00011 0
417 0 FR940610-0-00124 0
417 0 FR940610-2-00009 0
417 0 FR940610-2-00010 0
417 0 FR940616-0-00085 0
417 0 FR940616-0-00086 0
417 0 FR940616-0-00089 0
417 0 FR940616-2-00122 0
417 0 FR940616-2-00123 0
417 0 FR940616-2-00125 0
417 0 FR940617-0-00121 0
417 0 FR940617-0-00140 0
417 0 FR940617-1-00015 0
417 0 FR940617-1-00017 0
417 0 FR940617-2-00117 0
417 0 FR940617-2-00164 0
417 0 FR940617-2-00165 0
417 0 FR940617-2-00232 0
417 0 FR940620-1-00039 0
417 0 FR940620-1-00042 0
417 0 FR940620-1-00045 0
417 0 FR940620-1-00072 0
417 0 FR940620-1-00090 0
417 0 FR940620-2-00099 0
417 0 FR940620-2-00103 0
417 0 FR940620-2-00104 0
417 0 FR940621-2-00059 0
417 0 FR940627-0-00051 0
417 0 FR940627-0-00052 0
417 0 FR940627-0-00126 0
417 0 FR940627-0-00171 0
417 0 FR940627-0-00204 0
417 0 FR940627-2-00048 0
417 0 FR940627-2-00049 0
417 0 FR940628-2-00131 0
417 0 FR940706-2-00089 0
417 0 FR940706-2-00094 0
417 0 FR940707-1-00014 0
417 0 FR940707-2-00085 0
417 0 FR940707-2-00170 0
417 0 FR940707-2-00172 0
417 0 FR940711-1-00059 0
417 0 FR940711-2-00068 0
417 0 FR940713-2-00130 0
417 0 FR940713-2-00159 0
417 0 FR940719-0-00031 0
417 0 FR940719-0-00042 0
417 0 FR940719-2-00086 0
417 0 FR940720-0-00053 0
417 0 FR940720-0-00054 0
417 0 FR940720-0-00055 0
417 0 FR940720-0-00108 0
417 0 FR940720-0-00109 0
417 0 FR940721-0-00052 0
417 0 FR940721-0-00056 0
417 0 FR940721-0-00065 0
417 0 FR940721-0-00074 0
417 0 FR940721-2-00124 0
417 0 FR940721-2-00167 0
417 0 FR940722-0-00047 0
417 0 FR940722-0-00071 0
417 0 FR940725-0-00137 0
417 0 FR940725-2-00112 0
417 0 FR940727-0-00129 0
417 0 FR940727-2-00007 0
417 0 FR940728-1-00029 0
417 0 FR940728-1-00059 0
417 0 FR940803-0-00063 0
417 0 FR940804-0-00048 0
417 0 FR940804-0-00049 0
417 0 FR940804-0-00058 0
417 0 FR940804-0-00067 0
417 0 FR940804-0-00068 0
417 0 FR940804-0-00076 0
417 0 FR940804-0-00080 0
417 0 FR940805-1-00027 0
417 0 FR940805-2-00036 0
417 0 FR940805-2-00098 0
417 0 FR940810-0-00312 0
417 0 FR940810-1-00044 0
417 0 FR940811-2-00042 0
417 0 FR940811-2-00044 0
417 0 FR940811-2-00047 0
417 0 FR940811-2-00050 0
417 0 FR940811-2-00053 0
417 0 FR940812-0-00073 0
417 0 FR940816-2-00018 0
417 0 FR940816-2-00078 0
417 0 FR940816-2-00079 0
417 0 FR940817-1-00028 0
417 0 FR940817-2-00083 0
417 0 FR940817-2-00237 0
417 0 FR940817-2-00239 0
417 0 FR940822-2-00109 0
417 0 FR940825-0-00069 0
417 0 FR940825-0-00105 0
417 0 FR940825-2-00164 0
417 0 FR940826-0-00051 0
417 0 FR940826-1-00061 0
417 0 FR940830-0-00064 0
417 0 FR940830-0-00075 0
417 0 FR940830-2-00078 0
417 0 FR940830-2-00083 0
417 0 FR940831-2-00143 0
417 0 FR940831-2-00144 0
417 0 FR940831-2-00145 0
417 0 FR940831-2-00146 0
417 0 FR940831-2-00147 0
417 0 FR940831-2-00148 0
417 0 FR940831-2-00151 0
417 0 FR940831-2-00153 0
417 0 FR940831-2-00154 0
417 0 FR940831-2-00155 0
417 0 FR940831-2-00156 0
417 0 FR940831-2-00158 0
417 0 FR940831-2-00161 0
417 0 FR940831-2-00162 0
417 0 FR940831-2-00163 0
417 0 FR940831-2-00164 0
417 0 FR940902-0-00026 0
417 0 FR940902-0-00027 0
417 0 FR940902-0-00029 0
417 0 FR940902-1-00048 0
417 0 FR940906-2-00014 0
417 0 FR940907-1-00047 0
417 0 FR940912-0-00027 0
417 0 FR940912-0-00028 0
417 0 FR940912-1-00031 0
417 0 FR940913-0-00075 0
417 0 FR940913-0-00085 0
417 0 FR940916-2-00090 0
417 0 FR940919-0-00036 0
417 0 FR940919-1-00002 0
417 0 FR940919-2-00110 0
417 0 FR940921-0-00014 0
417 0 FR940921-0-00030 0
417 0 FR940922-1-00008 0
417 0 FR940922-1-00038 0
417 0 FR940922-1-00073 0
417 0 FR940927-0-00113 0
417 0 FR940928-0-00040 0
417 0 FR940928-0-00073 0
417 0 FR940930-0-00099 0
417 0 FR941003-1-00090 0
417 0 FR941003-1-00091 0
417 0 FR941003-2-00053 0
417 0 FR941003-2-00056 0
417 0 FR941004-1-00058 0
417 0 FR941004-1-00096 0
417 0 FR941004-1-00109 0
417 0 FR941006-0-00041 0
417 0 FR941007-2-00051 0
417 0 FR941007-2-00052 0
417 0 FR941011-2-00024 0
417 0 FR941013-2-00159 0
417 0 FR941017-1-00025 0
417 0 FR941019-0-00056 0
417 0 FR941019-1-00018 0
417 0 FR941020-2-00113 0
417 0 FR941021-0-00129 0
417 0 FR941026-0-00052 0
417 0 FR941026-2-00061 0
417 0 FR941028-0-00031 0
417 0 FR941028-0-00043 0
417 0 FR941028-0-00078 0
417 0 FR941028-0-00101 0
417 0 FR941031-2-00071 0
417 0 FR941102-0-00009 0
417 0 FR941102-0-00043 0
417 0 FR941102-0-00044 0
417 0 FR941102-0-00045 0
417 0 FR941103-2-00120 0
417 0 FR941103-2-00121 0
417 0 FR941107-1-00040 0
417 0 FR941107-1-00041 0
417 0 FR941110-0-00061 0
417 0 FR941110-0-00266 0
417 0 FR941110-2-00129 0
417 0 FR941116-0-00072 0
417 0 FR941116-0-00080 0
417 0 FR941117-0-00050 0
417 0 FR941117-2-00158 0
417 0 FR941121-2-00114 0
417 0 FR941121-2-00135 0
417 0 FR941121-2-00138 0
417 0 FR941122-1-00065 0
417 0 FR941128-2-00131 0
417 0 FR941205-0-00074 0
417 0 FR941205-2-00118 0
417 0 FR941205-2-00170 0
417 0 FR941206-0-00012 0
417 0 FR941206-1-00020 0
417 0 FR941207-0-00080 0
417 0 FR941212-0-00127 0
417 0 FR941219-0-00050 0
417 0 FR941221-0-00034 0
417 0 FR941221-2-00083 0
417 0 FR941227-2-00135 0
417 0 FR941227-2-00171 0
417 0 FR941230-0-00120 0
417 0 FT911-1210 0
417 0 FT911-1781 0
417 0 FT911-1884 0
417 0 FT911-189 0
417 0 FT911-2040 0
417 0 FT911-2892 0
417 0 FT911-2986 0
417 0 FT911-2991 0
417 0 FT911-30 0
417 0 FT911-3006 0
417 0 FT911-3113 0
417 0 FT911-3173 0
417 0 FT911-3417 0
417 0 FT911-3418 0
417 0 FT911-3729 0
417 0 FT911-378 0
417 0 FT911-4092 0
417 0 FT911-4141 0
417 0 FT911-4165 1
417 0 FT911-4223 0
417 0 FT911-4574 0
417 0 FT911-466 0
417 0 FT911-4696 0
417 0 FT911-470 0
417 0 FT911-483 0
417 0 FT911-702 0
417 0 FT911-738 0
417 0 FT921-10776 0
417 0 FT921-10836 0
417 0 FT921-11209 0
417 0 FT921-12409 0
417 0 FT921-12442 0
417 0 FT921-13324 0
417 0 FT921-1460 0
417 0 FT921-15187 1
417 0 FT921-15405 0
417 0 FT921-1601 0
417 0 FT921-1660 0
417 0 FT921-1776 0
417 0 FT921-2337 1
417 0 FT921-2875 0
417 0 FT921-3446 0
417 0 FT921-3662 0
417 0 FT921-4213 0
417 0 FT921-429 0
417 0 FT921-4590 0
417 0 FT921-4886 0
417 0 FT921-5017 0
417 0 FT921-566 0
417 0 FT921-6041 0
417 0 FT921-6365 0
417 0 FT921-6446 0
417 0 FT921-6763 0
417 0 FT921-7297 0
417 0 FT921-8014 0
417 0 FT921-9218 0
417 0 FT921-9693 0
417 0 FT922-10038 0
417 0 FT922-10412 0
417 0 FT922-10987 0
417 0 FT922-11396 0
417 0 FT922-12194 0
417 0 FT922-12242 0
417 0 FT922-12859 0
417 0 FT922-13051 0
417 0 FT922-13164 0
417 0 FT922-13264 0
417 0 FT922-13310 0
417 0 FT922-13885 0
417 0 FT922-14630 0
417 0 FT922-182 0
417 0 FT922-2094 0
417 0 FT922-321 0
417 0 FT922-334 0
417 0 FT922-3974 0
417 0 FT922-4212 0
417 0 FT922-5696 0
417 0 FT922-789 0
417 0 FT922-8611 0
417 0 FT922-8612 0
417 0 FT922-8918 0
417 0 FT922-9067 0
417 0 FT922-9446 0
417 0 FT922-9939 0
417 0 FT923-10330 0
417 0 FT923-11246 0
417 0 FT923-12432 1
417 0 FT923-12759 0
417 0 FT923-12763 0
417 0 FT923-14789 0
417 0 FT923-14922 0
417 0 FT923-15027 0
417 0 FT923-15351 0
417 0 FT923-15491 0
417 0 FT923-1952 0
417 0 FT923-2294 0
417 0 FT923-294 0
417 0 FT923-2981 0
417 0 FT923-310 0
417 0 FT923-4336 0
417 0 FT923-4396 0
417 0 FT923-4455 0
417 0 FT923-485 0
417 0 FT923-5266 0
417 0 FT923-5447 0
417 0 FT923-5934 0
417 0 FT923-60 0
417 0 FT923-7805 0
417 0 FT923-7955 0
417 0 FT923-8480 0
417 0 FT923-9568 0
417 0 FT923-9716 0
417 0 FT924-10066 0
417 0 FT924-11379 0
417 0 FT924-11381 0
417 0 FT924-11476 0
417 0 FT924-12522 0
417 0 FT924-12703 0
417 0 FT924-13167 0
417 0 FT924-14010 0
417 0 FT924-14202 0
417 0 FT924-14223 0
417 0 FT924-14547 0
417 0 FT924-14631 0
417 0 FT924-14672 0
417 0 FT924-15515 0
417 0 FT924-15663 0
417 0 FT924-2236 0
417 0 FT924-2665 0
417 0 FT924-2788 0
417 0 FT924-2926 0
417 0 FT924-2939 0
417 0 FT924-3702 0
417 0 FT924-395 0
417 0 FT924-396 0
417 0 FT924-482 0
417 0 FT924-484 0
417 0 FT924-5001 1
417 0 FT924-5106 0
417 0 FT924-5181 0
417 0 FT924-5291 0
417 0 FT924-5413 0
417 0 FT924-5541 0
417 0 FT924-5746 0
417 0 FT924-5955 0
417 0 FT924-6278 0
417 0 FT924-6486 0
417 0 FT924-6498 0
417 0 FT924-6531 0
417 0 FT924-6866 0
417 0 FT924-702 0
417 0 FT924-7561 0
417 0 FT924-7670 0
417 0 FT924-7814 0
417 0 FT924-7857 0
417 0 FT924-8029 0
417 0 FT924-8036 0
417 0 FT924-8967 0
417 0 FT924-9247 1
417 0 FT924-9467 0
417 0 FT924-9519 0
417 0 FT924-9820 0
417 0 FT924-9923 0
417 0 FT931-10011 0
417 0 FT931-10145 1
417 0 FT931-10641 0
417 0 FT931-1092 0
417 0 FT931-11296 0
417 0 FT931-12074 0
417 0 FT931-12929 0
417 0 FT931-13335 0
417 0 FT931-1350 0
417 0 FT931-14270 0
417 0 FT931-15595 0
417 0 FT931-15600 0
417 0 FT931-15818 0
417 0 FT931-16927 0
417 0 FT931-1917 0
417 0 FT931-2149 0
417 0 FT931-2153 0
417 0 FT931-2162 0
417 0 FT931-2261 0
417 0 FT931-2344 0
417 0 FT931-2966 0
417 0 FT931-3516 0
417 0 FT931-3578 0
417 0 FT931-3702 0
417 0 FT931-3736 0
417 0 FT931-3921 0
417 0 FT931-4406 0
417 0 FT931-4669 1
417 0 FT931-4698 0
417 0 FT931-4913 0
417 0 FT931-4951 0
417 0 FT931-5798 0
417 0 FT931-6041 0
417 0 FT931-6125 0
417 0 FT931-613 0
417 0 FT931-6657 0
417 0 FT931-681 0
417 0 FT931-7586 0
417 0 FT931-801 0
417 0 FT931-8394 0
417 0 FT931-85 0
417 0 FT931-8659 0
417 0 FT931-8879 0
417 0 FT931-9624 0
417 0 FT932-10258 1
417 0 FT932-10478 0
417 0 FT932-10838 0
417 0 FT932-11258 0
417 0 FT932-11381 0
417 0 FT932-12037 0
417 0 FT932-13742 0
417 0 FT932-1395 0
417 0 FT932-13975 0
417 0 FT932-14294 0
417 0 FT932-15030 0
417 0 FT932-15539 0
417 0 FT932-15785 0
417 0 FT932-15955 0
417 0 FT932-16266 0
417 0 FT932-1670 0
417 0 FT932-16734 0
417 0 FT932-17425 0
417 0 FT932-1940 0
417 0 FT932-2112 0
417 0 FT932-2113 0
417 0 FT932-2157 0
417 0 FT932-2169 0
417 0 FT932-230 0
417 0 FT932-2518 0
417 0 FT932-3080 0
417 0 FT932-3217 0
417 0 FT932-3313 0
417 0 FT932-3483 0
417 0 FT932-411 0
417 0 FT932-4456 0
417 0 FT932-4827 0
417 0 FT932-4977 0
417 0 FT932-5 0
417 0 FT932-5049 0
417 0 FT932-5453 0
417 0 FT932-5556 0
417 0 FT932-5595 0
417 0 FT932-619 0
417 0 FT932-6799 0
417 0 FT932-6990 0
417 0 FT932-7221 0
417 0 FT932-7295 0
417 0 FT932-7340 0
417 0 FT932-7341 0
417 0 FT932-7413 0
417 0 FT932-7434 0
417 0 FT932-7506 0
417 0 FT932-8111 0
417 0 FT932-8383 0
417 0 FT932-8983 0
417 0 FT932-9747 0
417 0 FT932-9996 0
417 0 FT933-10191 0
417 0 FT933-10802 0
417 0 FT933-11035 1
417 0 FT933-11039 0
417 0 FT933-11494 0
417 0 FT933-12416 0
417 0 FT933-12561 0
417 0 FT933-12676 0
417 0 FT933-13104 0
417 0 FT933-1344 0
417 0 FT933-1356 0
417 0 FT933-14983 0
417 0 FT933-15163 0
417 0 FT933-15670 0
417 0 FT933-15905 0
417 0 FT933-16312 0
417 0 FT933-16687 0
417 0 FT933-1825 0
417 0 FT933-1899 0
417 0 FT933-2399 0
417 0 FT933-25 0
417 0 FT933-254 0
417 0 FT933-2704 0
417 0 FT933-2852 0
417 0 FT933-2970 0
417 0 FT933-3430 0
417 0 FT933-3436 0
417 0 FT933-3442 0
417 0 FT933-3733 0
417 0 FT933-392 0
417 0 FT933-5434 0
417 0 FT933-559 0
417 0 FT933-6179 0
417 0 FT933-6248 0
417 0 FT933-77 0
417 0 FT933-8397 0
417 0 FT933-8435 0
417 0 FT933-8818 0
417 0 FT933-9496 0
417 0 FT933-9593 0
417 0 FT934-10106 0
417 0 FT934-10124 0
417 0 FT934-10178 0
417 0 FT934-10285 0
417 0 FT934-1038 0
417 0 FT934-10407 0
417 0 FT934-10408 0
417 0 FT934-11484 0
417 0 FT934-11647 0
417 0 FT934-12222 0
417 0 FT934-12741 0
417 0 FT934-12938 0
417 0 FT934-13267 0
417 0 FT934-13369 0
417 0 FT934-13894 0
417 0 FT934-14485 0
417 0 FT934-15007 0
417 0 FT934-15424 0
417 0 FT934-15550 0
417 0 FT934-15588 0
417 0 FT934-15622 0
417 0 FT934-15715 0
417 0 FT934-16575 0
417 0 FT934-17027 0
417 0 FT934-1706 0
417 0 FT934-212 0
417 0 FT934-3175 0
417 0 FT934-3324 0
417 0 FT934-3334 0
417 0 FT934-3689 0
417 0 FT934-3727 0
417 0 FT934-4176 0
417 0 FT934-4189 0
417 0 FT934-475 0
417 0 FT934-4777 0
417 0 FT934-5185 0
417 0 FT934-56 0
417 0 FT934-5755 0
417 0 FT934-6087 0
417 0 FT934-6101 0
417 0 FT934-6103 0
417 0 FT934-6700 0
417 0 FT934-7101 0
417 0 FT934-7183 0
417 0 FT934-7301 0
417 0 FT934-7578 0
417 0 FT934-7717 0
417 0 FT934-7938 0
417 0 FT934-8163 0
417 0 FT934-8221 0
417 0 FT934-8492 0
417 0 FT934-8509 0
417 0 FT934-8659 0
417 0 FT934-8676 0
417 0 FT934-8726 0
417 0 FT934-948 0
417 0 FT934-950 0
417 0 FT934-9705 0
417 0 FT941-10001 0
417 0 FT941-10010 0
417 0 FT941-10267 0
417 0 FT941-10337 0
417 0 FT941-10364 0
417 0 FT941-1082 0
417 0 FT941-1085 0
417 0 FT941-1094 0
417 0 FT941-10989 0
417 0 FT941-11118 0
417 0 FT941-11209 0
417 0 FT941-1156 0
417 0 FT941-11677 0
417 0 FT941-11856 0
417 0 FT941-12101 0
417 0 FT941-12240 0
417 0 FT941-12277 0
417 0 FT941-12323 0
417 0 FT941-12402 0
417 0 FT941-12787 0
417 0 FT941-12804 0
417 0 FT941-12805 0
417 0 FT941-1317 0
417 0 FT941-13357 0
417 0 FT941-1379 0
417 0 FT941-14914 0
417 0 FT941-15295 0
417 0 FT941-15560 0
417 0 FT941-16082 0
417 0 FT941-16619 0
417 0 FT941-17276 0
417 0 FT941-17457 0
417 0 FT941-17645 0
417 0 FT941-17698 0
417 0 FT941-2439 0
417 0 FT941-3200 0
417 0 FT941-3442 0
417 0 FT941-3584 0
417 0 FT941-3592 0
417 0 FT941-3719 0
417 0 FT941-3818 0
417 0 FT941-3858 0
417 0 FT941-3932 0
417 0 FT941-4063 1
417 0 FT941-4160 0
417 0 FT941-4706 0
417 0 FT941-4932 1
417 0 FT941-4934 1
417 0 FT941-5835 0
417 0 FT941-6225 0
417 0 FT941-6429 0
417 0 FT941-6708 0
417 0 FT941-6767 0
417 0 FT941-6866 0
417 0 FT941-7393 0
417 0 FT941-8207 0
417 0 FT941-8254 0
417 0 FT941-916 0
417 0 FT941-9190 0
417 0 FT941-9632 0
417 0 FT941-9730 0
417 0 FT942-1001 0
417 0 FT942-10356 0
417 0 FT942-10817 0
417 0 FT942-11305 0
417 0 FT942-11591 0
417 0 FT942-11623 0
417 0 FT942-11826 0
417 0 FT942-12467 0
417 0 FT942-12515 0
417 0 FT942-12577 0
417 0 FT942-12987 0
417 0 FT942-13799 0
417 0 FT942-13800 0
417 0 FT942-13847 0
417 0 FT942-15005 0
417 0 FT942-15077 0
417 0 FT942-1528 0
417 0 FT942-16465 0
417 0 FT942-165 0
417 0 FT942-17038 0
417 0 FT942-17098 0
417 0 FT942-17426 0
417 0 FT942-1860 0
417 0 FT942-2242 0
417 0 FT942-2329 0
417 0 FT942-2360 0
417 0 FT942-2704 0
417 0 FT942-2831 0
417 0 FT942-3166 0
417 0 FT942-456 0
417 0 FT942-4867 0
417 0 FT942-4891 0
417 0 FT942-5165 0
417 0 FT942-5248 0
417 0 FT942-5368 0
417 0 FT942-6432 0
417 0 FT942-6552 0
417 0 FT942-6589 0
417 0 FT942-6838 0
417 0 FT942-7128 0
417 0 FT942-7562 0
417 0 FT942-7773 0
417 0 FT942-8010 0
417 0 FT942-8316 0
417 0 FT942-8327 0
417 0 FT942-8441 0
417 0 FT942-8848 0
417 0 FT942-9204 0
417 0 FT942-9527 0
417 0 FT942-969 0
417 0 FT943-10061 0
417 0 FT943-10560 0
417 0 FT943-10580 0
417 0 FT943-10814 1
417 0 FT943-11176 0
417 0 FT943-11193 0
417 0 FT943-1183 0
417 0 FT943-12064 0
417 0 FT943-12672 0
417 0 FT943-1287 1
417 0 FT943-13019 0
417 0 FT943-13357 0
417 0 FT943-13386 0
417 0 FT943-1341 0
417 0 FT943-13958 0
417 0 FT943-13987 0
417 0 FT943-14036 0
417 0 FT943-14063 0
417 0 FT943-14268 0
417 0 FT943-14511 0
417 0 FT943-15048 0
417 0 FT943-15199 0
417 0 FT943-15609 1
417 0 FT943-15817 0
417 0 FT943-16131 1
417 0 FT943-16334 0
417 0 FT943-1809 0
417 0 FT943-1813 0
417 0 FT943-1822 0
417 0 FT943-1862 0
417 0 FT943-1932 0
417 0 FT943-2281 0
417 0 FT943-2287 0
417 0 FT943-2455 0
417 0 FT943-2520 0
417 0 FT943-2522 1
417 0 FT943-2702 0
417 0 FT943-28 0
417 0 FT943-343 0
417 0 FT943-3515 0
417 0 FT943-3813 0
417 0 FT943-4577 0
417 0 FT943-4583 0
417 0 FT943-522 0
417 0 FT943-5395 0
417 0 FT943-5540 0
417 0 FT943-5542 0
417 0 FT943-6595 1
417 0 FT943-667 0
417 0 FT943-6798 0
417 0 FT943-6899 0
417 0 FT943-7085 0
417 0 FT943-7141 0
417 0 FT943-8067 0
417 0 FT943-8287 0
417 0 FT944-10505 0
417 0 FT944-10583 0
417 0 FT944-10618 1
417 0 FT944-10879 0
417 0 FT944-11238 0
417 0 FT944-11384 0
417 0 FT944-12912 0
417 0 FT944-13669 0
417 0 FT944-14146 0
417 0 FT944-14432 0
417 0 FT944-14789 0
417 0 FT944-15207 0
417 0 FT944-15471 0
417 0 FT944-16718 0
417 0 FT944-17507 0
417 0 FT944-17818 0
417 0 FT944-17873 0
417 0 FT944-18103 0
417 0 FT944-1867 0
417 0 FT944-18782 0
417 0 FT944-18903 0
417 0 FT944-244 0
417 0 FT944-3205 0
417 0 FT944-3499 1
417 0 FT944-3860 0
417 0 FT944-4543 0
417 0 FT944-4964 0
417 0 FT944-515 0
417 0 FT944-5356 0
417 0 FT944-6228 0
417 0 FT944-6235 0
417 0 FT944-625 1
417 0 FT944-6292 0
417 0 FT944-6337 0
417 0 FT944-647 0
417 0 FT944-7105 0
417 0 FT944-7797 0
417 0 FT944-7962 0
417 0 FT944-8130 0
417 0 FT944-8318 0
417 0 FT944-8396 0
417 0 FT944-8827 0
417 0 FT944-8828 0
417 0 FT944-9858 0
417 0 FT944-9860 0
417 0 FT944-9872 0
417 0 LA010189-0071 0
417 0 LA010189-0110 0
417 0 LA010189-0113 0
417 0 LA010189-0188 0
417 0 LA010190-0010 0
417 0 LA010190-0023 0
417 0 LA010190-0024 0
417 0 LA010190-0071 0
417 0 LA010289-0057 0
417 0 LA010289-0060 0
417 0 LA010490-0039 0
417 0 LA010490-0197 0
417 0 LA010589-0189 0
417 0 LA010589-0190 0
417 0 LA010590-0046 0
417 0 LA010590-0095 0
417 0 LA010689-0117 0
417 0 LA010690-0044 0
417 0 LA010690-0071 0
417 0 LA010790-0139 0
417 0 LA010790-0169 0
417 0 LA010790-0202 0
417 0 LA010889-0037 0
417 0 LA010889-0051 0
417 0 LA010889-0113 0
417 0 LA010890-0096 0
417 0 LA010990-0025 0
417 0 LA011089-0044 0
417 0 LA011089-0046 0
417 0 LA011090-0097 0
417 0 LA011189-0028 0
417 0 LA011189-0140 1
417 0 LA011190-0006 0
417 0 LA011190-0034 0
417 0 LA011190-0035 0
417 0 LA011190-0074 0
417 0 LA011289-0147 0
417 0 LA011289-0187 0
417 0 LA011290-0012 0
417 0 LA011290-0036 0
417 0 LA011389-0015 0
417 0 LA011389-0114 0
417 0 LA011489-0014 0
417 0 LA011489-0048 0
417 0 LA011489-0064 0
417 0 LA011489-0126 0
417 0 LA011490-0128 1
417 0 LA011589-0011 0
417 0 LA011589-0014 0
417 0 LA011589-0060 0
417 0 LA011589-0096 0
417 0 LA011589-0155 0
417 0 LA011590-0097 0
417 0 LA011590-0102 0
417 0 LA011690-0056 0
417 0 LA011889-0001 0
417 0 LA011890-0131 0
417 0 LA011989-0106 0
417 0 LA011989-0108 0
417 0 LA012089-0034 0
417 0 LA012089-0059 0
417 0 LA012090-0043 0
417 0 LA012190-0064 0
417 0 LA012190-0166 0
417 0 LA012289-0002 0
417 0 LA012289-0007 0
417 0 LA012290-0012 0
417 0 LA012290-0068 0
417 0 LA012389-0015 0
417 0 LA012389-0073 0
417 0 LA012389-0091 0
417 0 LA012390-0031 0
417 0 LA012590-0069 0
417 0 LA012689-0056 0
417 0 LA012689-0107 0
417 0 LA012689-0133 0
417 0 LA012690-0040 0
417 0 LA012690-0049 0
417 0 LA012790-0043 0
417 0 LA012790-0046 0
417 0 LA012790-0080 0
417 0 LA012790-0105 0
417 0 LA012790-0111 0
417 0 LA012790-0155 0
417 0 LA012889-0026 0
417 0 LA012889-0059 0
417 0 LA012889-0060 0
417 0 LA012889-0064 0
417 0 LA012889-0127 0
417 0 LA012889-0129 0
417 0 LA012890-0006 0
417 0 LA012890-0020 0
417 0 LA012890-0043 0
417 0 LA012890-0046 0
417 0 LA012890-0047 0
417 0 LA012890-0058 0
417 0 LA012989-0032 0
417 0 LA012990-0004 0
417 0 LA013189-0121 0
417 0 LA020190-0053 0
417 0 LA020289-0149 0
417 0 LA020389-0129 0
417 0 LA020390-0018 0
417 0 LA020489-0049 0
417 0 LA020490-0130 0
417 0 LA020590-0014 0
417 0 LA020689-0067 1
417 0 LA020690-0002 0
417 0 LA020789-0080 0
417 0 LA020789-0111 1
417 0 LA020890-0021 0
417 0 LA020890-0030 0
417 0 LA020989-0111 0
417 0 LA021089-0122 0
417 0 LA021189-0024 0
417 0 LA021190-0016 0
417 0 LA021190-0086 0
417 0 LA021190-0099 0
417 0 LA021190-0163 0
417 0 LA021289-0005 0
417 0 LA021289-0082 0
417 0 LA021289-0139 0
417 0 LA021289-0146 0
417 0 LA021289-0195 1
417 0 LA021489-0138 0
417 0 LA021590-0028 0
417 0 LA021590-0030 0
417 0 LA021789-0003 0
417 0 LA021989-0057 0
417 0 LA021990-0084 0
417 0 LA022189-0015 0
417 0 LA022290-0019 0
417 0 LA022489-0052 0
417 0 LA022489-0080 0
417 0 LA022589-0147 0
417 0 LA022590-0003 0
417 0 LA022590-0085 0
417 0 LA022689-0020 0
417 0 LA022690-0100 0
417 0 LA022890-0002 0
417 0 LA022890-0125 0
417 0 LA030189-0078 0
417 0 LA030190-0076 0
417 0 LA030190-0201 0
417 0 LA030289-0188 0
417 0 LA030290-0125 0
417 0 LA030290-0151 0
417 0 LA030389-0081 0
417 0 LA030489-0044 0
417 0 LA030490-0036 0
417 0 LA030490-0082 0
417 0 LA030490-0194 0
417 0 LA030589-0155 0
417 0 LA030590-0010 0
417 0 LA030590-0079 0
417 0 LA030690-0101 0
417 0 LA030690-0115 0
417 0 LA030690-0159 0
417 0 LA030790-0138 0
417 0 LA030889-0025 0
417 0 LA030890-0242 0
417 0 LA030989-0037 0
417 0 LA030989-0098 0
417 0 LA031189-0039 0
417 0 LA031289-0136 0
417 0 LA031289-0137 0
417 0 LA031489-0028 0
417 0 LA031490-0054 0
417 0 LA031590-0103 0
417 0 LA031690-0020 0
417 0 LA031690-0080 0
417 0 LA031789-0058 0
417 0 LA031890-0109 0
417 0 LA031890-0174 0
417 0 LA031890-0241 0
417 0 LA031989-0182 0
417 0 LA031989-0196 0
417 0 LA031990-0065 0
417 0 LA031990-0076 0
417 0 LA031990-0108 0
417 0 LA032089-0081 0
417 0 LA032090-0119 0
417 0 LA032090-0122 0
417 0 LA032190-0015 0
417 0 LA032290-0045 0
417 0 LA032290-0148 0
417 0 LA032390-0023 0
417 0 LA032390-0050 0
417 0 LA032489-0096 0
417 0 LA032589-0005 0
417 0 LA032590-0097 0
417 0 LA032689-0053 0
417 0 LA032890-0103 0
417 0 LA032989-0004 0
417 0 LA032990-0242 0
417 0 LA033090-0133 0
417 0 LA040189-0114 0
417 0 LA040190-0174 0
417 0 LA040190-0186 0
417 0 LA040289-0003 0
417 0 LA040290-0098 0
417 0 LA040589-0010 0
417 0 LA040589-0014 0
417 0 LA040689-0098 0
417 0 LA040689-0159 0
417 0 LA040789-0109 0
417 0 LA040890-0035 0
417 0 LA040890-0136 0
417 0 LA040990-0021 0
417 0 LA041090-0042 0
417 0 LA041090-0123 0
417 0 LA041189-0124 0
417 0 LA041189-0134 0
417 0 LA041290-0246 0
417 0 LA041389-0007 0
417 0 LA041489-0003 0
417 0 LA041590-0023 0
417 0 LA041590-0121 0
417 0 LA041689-0056 0
417 0 LA041689-0156 0
417 0 LA041689-0225 0
417 0 LA041690-0089 0
417 0 LA041889-0057 0
417 0 LA041890-0071 0
417 0 LA041990-0128 0
417 0 LA042089-0117 0
417 0 LA042089-0118 0
417 0 LA042189-0057 0
417 0 LA042290-0077 0
417 0 LA042490-0062 0
417 0 LA042589-0074 0
417 0 LA042690-0004 0
417 0 LA042690-0250 0
417 0 LA042890-0059 0
417 0 LA042990-0049 0
417 0 LA043090-0128 0
417 0 LA050289-0107 0
417 0 LA050290-0019 0
417 0 LA050290-0096 0
417 0 LA050290-0141 0
417 0 LA050390-0140 1
417 0 LA050390-0147 0
417 0 LA050390-0169 0
417 0 LA050489-0019 0
417 0 LA050489-0203 0
417 0 LA050489-0206 0
417 0 LA050590-0015 0
417 0 LA050690-0206 0
417 0 LA050789-0011 0
417 0 LA050789-0150 0
417 0 LA050789-0165 0
417 0 LA050889-0090 0
417 0 LA050890-0075 1
417 0 LA050890-0097 0
417 0 LA051089-0095 0
417 0 LA051090-0058 0
417 0 LA051189-0170 0
417 0 LA051290-0104 0
417 0 LA051489-0210 0
417 0 LA051490-0069 0
417 0 LA051590-0137 0
417 0 LA051590-0139 0
417 0 LA051590-0142 0
417 0 LA051689-0022 0
417 0 LA051689-0156 0
417 0 LA051790-0074 0
417 0 LA051790-0220 0
417 0 LA051790-0258 0
417 0 LA051889-0042 0
417 0 LA051890-0172 0
417 0 LA051989-0183 0
417 0 LA051990-0134 0
417 0 LA052089-0153 0
417 0 LA052090-0104 0
417 0 LA052189-0024 0
417 0 LA052389-0062 0
417 0 LA052490-0012 0
417 0 LA052490-0079 0
417 0 LA052690-0015 0
417 0 LA052690-0017 0
417 0 LA052790-0037 0
417 0 LA053089-0082 0
417 0 LA053190-0013 0
417 0 LA060289-0087 0
417 0 LA060289-0132 0
417 0 LA060290-0106 0
417 0 LA060389-0059 0
417 0 LA060390-0139 0
417 0 LA060390-0204 0
417 0 LA060390-0206 0
417 0 LA060390-0219 0
417 0 LA060489-0075 0
417 0 LA060489-0096 0
417 0 LA060690-0042 0
417 0 LA060790-0060 0
417 0 LA060890-0162 0
417 0 LA061090-0072 0
417 0 LA061090-0148 0
417 0 LA061189-0154 0
417 0 LA061190-0062 0
417 0 LA061190-0129 0
417 0 LA061290-0014 0
417 0 LA061290-0033 0
417 0 LA061389-0095 0
417 0 LA061489-0016 0
417 0 LA061590-0118 0
417 0 LA061590-0134 0
417 0 LA061689-0103 1
417 0 LA061690-0039 0
417 0 LA061790-0236 1
417 0 LA061890-0030 0
417 0 LA062190-0024 0
417 0 LA062589-0048 0
417 0 LA062590-0042 0
417 0 LA062689-0060 0
417 0 LA062689-0065 0
417 0 LA062889-0052 0
417 0 LA062890-0119 0
417 0 LA062989-0030 0
417 0 LA062989-0129 0
417 0 LA062989-0147 0
417 0 LA062990-0090 0
417 0 LA062990-0126 0
417 0 LA062990-0161 0
417 0 LA063089-0082 0
417 0 LA070190-0060 0
417 0 LA070289-0005 0
417 0 LA070290-0099 0
417 0 LA070290-0106 0
417 0 LA070390-0111 0
417 0 LA070590-0146 0
417 0 LA070689-0010 0
417 0 LA070790-0060 0
417 0 LA070890-0075 0
417 0 LA070890-0120 0
417 0 LA070890-0130 0
417 0 LA070890-0148 0
417 0 LA070989-0019 0
417 0 LA070989-0148 0
417 0 LA071189-0035 0
417 0 LA071389-0071 0
417 0 LA071389-0174 0
417 0 LA071489-0125 0
417 0 LA071490-0123 0
417 0 LA071590-0018 0
417 0 LA071590-0106 0
417 0 LA071590-0111 0
417 0 LA071590-0115 0
417 0 LA071590-0227 0
417 0 LA071689-0123 0
417 0 LA071789-0017 0
417 0 LA071790-0054 0
417 0 LA071990-0036 0
417 0 LA071990-0064 0
417 0 LA071990-0070 0
417 0 LA072089-0087 0
417 0 LA072090-0161 0
417 0 LA072189-0029 0
417 0 LA072189-0129 0
417 0 LA072189-0140 0
417 0 LA072189-0147 0
417 0 LA072190-0021 0
417 0 LA072190-0060 0
417 0 LA072190-0071 0
417 0 LA072289-0027 0
417 0 LA072290-0022 0
417 0 LA072290-0183 0
417 0 LA072389-0179 0
417 0 LA072390-0069 0
417 0 LA072390-0081 0
417 0 LA072489-0019 0
417 0 LA072490-0018 0
417 0 LA072490-0087 0
417 0 LA072490-0094 0
417 0 LA072490-0097 0
417 0 LA072490-0148 0
417 0 LA072589-0094 0
417 0 LA072589-0102 0
417 0 LA072589-0131 0
417 0 LA072590-0057 0
417 0 LA072689-0148 0
417 0 LA072690-0074 0
417 0 LA072789-0169 0
417 0 LA072790-0001 0
417 0 LA072890-0104 0
417 0 LA072890-0107 0
417 0 LA072989-0110 0
417 0 LA072990-0026 0
417 0 LA072990-0196 0
417 0 LA073089-0011 0
417 0 LA073089-0041 0
417 0 LA073089-0158 0
417 0 LA073090-0026 0
417 0 LA073090-0121 0
417 0 LA073190-0047 0
417 0 LA073190-0146 0
417 0 LA080189-0031 0
417 0 LA080189-0116 0
417 0 LA080290-0097 0
417 0 LA080290-0126 0
417 0 LA080290-0216 0
417 0 LA080389-0052 0
417 0 LA080389-0128 0
417 0 LA080389-0143 0
417 0 LA080390-0006 0
417 0 LA080390-0136 0
417 0 LA080489-0138 0
417 0 LA080589-0029 0
417 0 LA080689-0085 0
417 0 LA080689-0180 0
417 0 LA080789-0027 0
417 0 LA080789-0043 0
417 0 LA080989-0028 0
417 0 LA081089-0164 0
417 0 LA081190-0040 0
417 0 LA081290-0112 0
417 0 LA081389-0045 0
417 0 LA081389-0052 0
417 0 LA081389-0053 0
417 0 LA081389-0081 0
417 0 LA081389-0102 0
417 0 LA081389-0110 0
417 0 LA081389-0115 0
417 0 LA081389-0116 0
417 0 LA081389-0119 0
417 0 LA081390-0027 0
417 0 LA081390-0061 0
417 0 LA081390-0085 0
417 0 LA081390-0087 0
417 0 LA081390-0088 0
417 0 LA081390-0100 0
417 0 LA081489-0013 0
417 0 LA081489-0086 0
417 0 LA081490-0027 0
417 0 LA081490-0110 0
417 0 LA081490-0145 0
417 0 LA081589-0007 0
417 0 LA081589-0059 0
417 0 LA081589-0098 0
417 0 LA081589-0112 0
417 0 LA081589-0118 0
417 0 LA081590-0005 0
417 0 LA081690-0071 0
417 0 LA081789-0168 0
417 0 LA081789-0188 0
417 0 LA081790-0089 0
417 0 LA081790-0192 0
417 0 LA081889-0162 0
417 0 LA081890-0148 0
417 0 LA081989-0050 0
417 0 LA081989-0136 0
417 0 LA081990-0105 0
417 0 LA081990-0250 0
417 0 LA082089-0080 0
417 0 LA082089-0107 0
417 0 LA082090-0044 0
417 0 LA082190-0112 0
417 0 LA082289-0042 0
417 0 LA082289-0141 0
417 0 LA082290-0097 0
417 0 LA082290-0101 0
417 0 LA082290-0153 0
417 0 LA082389-0114 0
417 0 LA082689-0086 0
417 0 LA082689-0090 0
417 0 LA082690-0021 0
417 0 LA082789-0055 0
417 0 LA082789-0168 0
417 0 LA082789-0198 0
417 0 LA082889-0038 0
417 0 LA082889-0083 0
417 0 LA082890-0054 0
417 0 LA082890-0167 0
417 0 LA083189-0092 0
417 0 LA083189-0123 0
417 0 LA090189-0086 0
417 0 LA090289-0127 0
417 0 LA090290-0118 1
417 0 LA090389-0060 0
417 0 LA090389-0070 0
417 0 LA090590-0119 0
417 0 LA090689-0043 0
417 0 LA090789-0041 0
417 0 LA090789-0082 0
417 0 LA090789-0104 0
417 0 LA090789-0170 0
417 0 LA090789-0195 0
417 0 LA090790-0074 0
417 0 LA090790-0193 0
417 0 LA090790-0202 0
417 0 LA090889-0112 0
417 0 LA090889-0153 0
417 0 LA090989-0022 0
417 0 LA090990-0017 0
417 0 LA090990-0127 0
417 0 LA091089-0001 0
417 0 LA091189-0089 0
417 0 LA091190-0147 0
417 0 LA091290-0039 0
417 0 LA091290-0179 0
417 0 LA091390-0110 0
417 0 LA091489-0141 0
417 0 LA091589-0007 0
417 0 LA091690-0219 0
417 0 LA091789-0023 0
417 0 LA091789-0036 0
417 0 LA091789-0071 0
417 0 LA091789-0163 0
417 0 LA091789-0166 0
417 0 LA091889-0037 0
417 0 LA091989-0107 0
417 0 LA091989-0116 0
417 0 LA092089-0132 0
417 0 LA092089-0135 0
417 0 LA092090-0015 0
417 0 LA092090-0192 0
417 0 LA092189-0069 0
417 0 LA092289-0130 0
417 0 LA092389-0156 0
417 0 LA092390-0072 0
417 0 LA092589-0021 0
417 0 LA092689-0015 0
417 0 LA092689-0070 0
417 0 LA092689-0076 0
417 0 LA092690-0008 0
417 0 LA092789-0103 0
417 0 LA092889-0055 0
417 0 LA092890-0064 0
417 0 LA093090-0060 0
417 0 LA100289-0059 0
417 0 LA100290-0115 0
417 0 LA100390-0058 0
417 0 LA100489-0100 0
417 0 LA100489-0126 0
417 0 LA100589-0005 0
417 0 LA100590-0088 0
417 0 LA100590-0137 0
417 0 LA100689-0127 0
417 0 LA100689-0140 0
417 0 LA100789-0149 0
417 0 LA100789-0150 0
417 0 LA100789-0151 0
417 0 LA100790-0038 0
417 0 LA100790-0044 0
417 0 LA100790-0125 0
417 0 LA100790-0127 0
417 0 LA100790-0132 0
417 0 LA100790-0221 0
417 0 LA100889-0004 0
417 0 LA100889-0017 0
417 0 LA100889-0039 0
417 0 LA100889-0040 0
417 0 LA100889-0084 0
417 0 LA100889-0193 0
417 0 LA100890-0039 0
417 0 LA100890-0059 0
417 0 LA100890-0106 0
417 0 LA100890-0142 0
417 0 LA100989-0078 0
417 0 LA100990-0132 0
417 0 LA101089-0128 0
417 0 LA101090-0061 0
417 0 LA101189-0130 0
417 0 LA101190-0166 0
417 0 LA101289-0125 0
417 0 LA101290-0047 0
417 0 LA101389-0159 0
417 0 LA101390-0064 0
417 0 LA101390-0139 0
417 0 LA101489-0045 0
417 0 LA101490-0029 0
417 0 LA101490-0195 0
417 0 LA101490-0238 0
417 0 LA101589-0013 0
417 0 LA101589-0163 0
417 0 LA101590-0098 0
417 0 LA101690-0121 0
417 0 LA101690-0144 0
417 0 LA101789-0034 0
417 0 LA101789-0077 0
417 0 LA101790-0088 0
417 0 LA101790-0107 0
417 0 LA101790-0166 0
417 0 LA101889-0017 0
417 0 LA101890-0094 0
417 0 LA101989-0104 0
417 0 LA101989-0120 0
417 0 LA101990-0113 0
417 0 LA102089-0042 0
417 0 LA102089-0141 0
417 0 LA102090-0003 0
417 0 LA102090-0091 0
417 0 LA102090-0144 0
417 0 LA102189-0111 0
417 0 LA102189-0173 0
417 0 LA102289-0014 0
417 0 LA102289-0059 0
417 0 LA102289-0089 0
417 0 LA102289-0227 0
417 0 LA102290-0098 0
417 0 LA102390-0113 0
417 0 LA102489-0134 0
417 0 LA102589-0007 0
417 0 LA102589-0078 0
417 0 LA102590-0112 0
417 0 LA102689-0175 0
417 0 LA102789-0132 0
417 0 LA102789-0172 0
417 0 LA102989-0227 0
417 0 LA103190-0087 0
417 0 LA103190-0114 0
417 0 LA110289-0004 0
417 0 LA110290-0087 0
417 0 LA110390-0033 0
417 0 LA110489-0076 0
417 0 LA110489-0106 0
417 0 LA110490-0025 0
417 0 LA110490-0051 0
417 0 LA110490-0085 0
417 0 LA110589-0001 0
417 0 LA110589-0044 0
417 0 LA110589-0046 0
417 0 LA110589-0047 0
417 0 LA110589-0057 0
417 0 LA110589-0119 0
417 0 LA110589-0176 0
417 0 LA110589-0216 0
417 0 LA110589-0218 0
417 0 LA110589-0228 0
417 0 LA110589-0238 0
417 0 LA110589-0245 0
417 0 LA110589-0249 0
417 0 LA110589-0256 0
417 0 LA110590-0021 0
417 0 LA110590-0067 0
417 0 LA110590-0085 0
417 0 LA110590-0094 0
417 0 LA110689-0019 0
417 0 LA110689-0046 0
417 0 LA110690-0029 0
417 0 LA110789-0006 0
417 0 LA110790-0167 0
417 0 LA110889-0041 0
417 0 LA110889-0144 0
417 0 LA110890-0220 0
417 0 LA110989-0239 1
417 0 LA111089-0012 0
417 0 LA111189-0110 0
417 0 LA111190-0176 0
417 0 LA111190-0214 0
417 0 LA111190-0242 0
417 0 LA111289-0099 0
417 0 LA111289-0211 0
417 0 LA111290-0069 0
417 0 LA111489-0076 0
417 0 LA111689-0013 0
417 0 LA111689-0162 0
417 0 LA111789-0041 0
417 0 LA111889-0165 0
417 0 LA111890-0260 0
417 0 LA111989-0003 0
417 0 LA112189-0010 0
417 0 LA112189-0138 0
417 0 LA112289-0080 0
417 0 LA112289-0147 0
417 0 LA112389-0163 0
417 0 LA112489-0025 0
417 0 LA112489-0054 0
417 0 LA112489-0082 0
417 0 LA112589-0072 1
417 0 LA112589-0137 0
417 0 LA112690-0041 0
417 0 LA112889-0031 0
417 0 LA112990-0136 0
417 0 LA112990-0137 0
417 0 LA113089-0006 0
417 0 LA113089-0056 0
417 0 LA113090-0060 0
417 0 LA120189-0041 0
417 0 LA120189-0076 0
417 0 LA120190-0153 0
417 0 LA120289-0095 0
417 0 LA120389-0008 0
417 0 LA120389-0120 0
417 0 LA120390-0114 0
417 0 LA120589-0012 0
417 0 LA120690-0001 0
417 0 LA120789-0206 0
417 0 LA120889-0002 0
417 0 LA120989-0073 0
417 0 LA120990-0157 0
417 0 LA121090-0012 0
417 0 LA121090-0059 0
417 0 LA121090-0112 0
417 0 LA121289-0088 0
417 0 LA121389-0031 0
417 0 LA121489-0057 0
417 0 LA121489-0230 0
417 0 LA121490-0118 0
417 0 LA121589-0051 0
417 0 LA121589-0128 0
417 0 LA121589-0200 0
417 0 LA121590-0146 0
417 0 LA121689-0116 0
417 0 LA121690-0021 0
417 0 LA121789-0102 0
417 0 LA121789-0167 0
417 0 LA121790-0092 0
417 0 LA121790-0093 0
417 0 LA121889-0072 0
417 0 LA121890-0084 0
417 0 LA121890-0085 0
417 0 LA121989-0032 0
417 0 LA122089-0007 0
417 0 LA122090-0022 0
417 0 LA122090-0035 0
417 0 LA122090-0106 0
417 0 LA122090-0208 0
417 0 LA122090-0230 0
417 0 LA122190-0045 0
417 0 LA122289-0086 0
417 0 LA122289-0123 0
417 0 LA122290-0111 0
417 0 LA122290-0132 0
417 0 LA122389-0051 0
417 0 LA122390-0037 0
417 0 LA122390-0042 0
417 0 LA122489-0005 0
417 0 LA122489-0017 0
417 0 LA122489-0089 0
417 0 LA122489-0103 0
417 0 LA122489-0172 0
417 0 LA122589-0023 0
417 0 LA122589-0047 0
417 0 LA122590-0055 0
417 0 LA122590-0059 0
417 0 LA122689-0093 0
417 0 LA122689-0095 0
417 0 LA122789-0002 0
417 0 LA122789-0051 0
417 0 LA122789-0084 0
417 0 LA122789-0098 0
417 0 LA122789-0100 0
417 0 LA122789-0116 0
417 0 LA122790-0191 0
417 0 LA122889-0035 0
417 0 LA122890-0109 0
417 0 LA122890-0119 0
417 0 LA122989-0009 1
417 0 LA122989-0024 0
417 0 LA122989-0150 0
417 0 LA122990-0014 0
417 0 LA123089-0011 0
417 0 LA123089-0012 0
417 0 LA123090-0095 0
417 0 LA123189-0061 0
417 0 LA123190-0004 0
417 0 LA123190-0040 0
417 0 LA123190-0070 0
