409 0 FBIS3-10392 0
409 0 FBIS3-10855 0
409 0 FBIS3-12041 0
409 0 FBIS3-12465 0
409 0 FBIS3-13115 0
409 0 FBIS3-13453 0
409 0 FBIS3-13472 0
409 0 FBIS3-13762 0
409 0 FBIS3-14203 0
409 0 FBIS3-14240 0
409 0 FBIS3-14519 0
409 0 FBIS3-14524 0
409 0 FBIS3-14804 0
409 0 FBIS3-14860 0
409 0 FBIS3-14891 0
409 0 FBIS3-15066 0
409 0 FBIS3-15222 0
409 0 FBIS3-15243 0
409 0 FBIS3-15245 0
409 0 FBIS3-15267 0
409 0 FBIS3-17354 0
409 0 FBIS3-17817 0
409 0 FBIS3-19125 0
409 0 FBIS3-20441 0
409 0 FBIS3-20801 0
409 0 FBIS3-21280 0
409 0 FBIS3-21302 0
409 0 FBIS3-21337 0
409 0 FBIS3-21363 0
409 0 FBIS3-21369 0
409 0 FBIS3-21588 0
409 0 FBIS3-2228 0
409 0 FBIS3-22878 0
409 0 FBIS3-23 0
409 0 FBIS3-23332 0
409 0 FBIS3-23418 0
409 0 FBIS3-23561 0
409 0 FBIS3-23625 0
409 0 FBIS3-23945 0
409 0 FBIS3-23947 0
409 0 FBIS3-24009 0
409 0 FBIS3-24305 0
409 0 FBIS3-24469 0
409 0 FBIS3-24653 0
409 0 FBIS3-24678 0
409 0 FBIS3-24679 0
409 0 FBIS3-25448 0
409 0 FBIS3-25888 0
409 0 FBIS3-26006 0
409 0 FBIS3-26223 0
409 0 FBIS3-26367 0
409 0 FBIS3-27417 0
409 0 FBIS3-27634 0
409 0 FBIS3-2798 0
409 0 FBIS3-29149 0
409 0 FBIS3-29150 0
409 0 FBIS3-29592 0
409 0 FBIS3-30377 0
409 0 FBIS3-30708 0
409 0 FBIS3-31501 0
409 0 FBIS3-31672 0
409 0 FBIS3-32026 0
409 0 FBIS3-32169 0
409 0 FBIS3-32230 0
409 0 FBIS3-3242 0
409 0 FBIS3-34173 0
409 0 FBIS3-34995 0
409 0 FBIS3-35195 0
409 0 FBIS3-35251 0
409 0 FBIS3-36078 0
409 0 FBIS3-36183 0
409 0 FBIS3-37947 0
409 0 FBIS3-38032 0
409 0 FBIS3-38066 0
409 0 FBIS3-38110 0
409 0 FBIS3-39075 0
409 0 FBIS3-39406 0
409 0 FBIS3-39883 0
409 0 FBIS3-40265 0
409 0 FBIS3-40388 0
409 0 FBIS3-40450 0
409 0 FBIS3-40684 0
409 0 FBIS3-41076 0
409 0 FBIS3-41267 0
409 0 FBIS3-4163 0
409 0 FBIS3-41666 0
409 0 FBIS3-42279 0
409 0 FBIS3-42399 0
409 0 FBIS3-42400 0
409 0 FBIS3-42459 0
409 0 FBIS3-42470 0
409 0 FBIS3-42612 0
409 0 FBIS3-42726 0
409 0 FBIS3-42811 0
409 0 FBIS3-43118 0
409 0 FBIS3-43132 0
409 0 FBIS3-43166 0
409 0 FBIS3-43172 0
409 0 FBIS3-43186 0
409 0 FBIS3-43220 0
409 0 FBIS3-43566 0
409 0 FBIS3-43820 0
409 0 FBIS3-46142 0
409 0 FBIS3-46596 0
409 0 FBIS3-47888 0
409 0 FBIS3-48483 0
409 0 FBIS3-50059 0
409 0 FBIS3-50352 0
409 0 FBIS3-50482 0
409 0 FBIS3-50971 0
409 0 FBIS3-51605 0
409 0 FBIS3-51824 0
409 0 FBIS3-51941 0
409 0 FBIS3-52291 0
409 0 FBIS3-52563 0
409 0 FBIS3-52572 0
409 0 FBIS3-52902 0
409 0 FBIS3-52919 0
409 0 FBIS3-53006 0
409 0 FBIS3-53175 0
409 0 FBIS3-53365 0
409 0 FBIS3-53702 0
409 0 FBIS3-54100 0
409 0 FBIS3-54252 0
409 0 FBIS3-54400 0
409 0 FBIS3-54460 0
409 0 FBIS3-54461 0
409 0 FBIS3-54481 0
409 0 FBIS3-55141 0
409 0 FBIS3-58 0
409 0 FBIS3-58588 0
409 0 FBIS3-59289 0
409 0 FBIS3-59434 0
409 0 FBIS3-60336 0
409 0 FBIS3-60904 0
409 0 FBIS3-61084 0
409 0 FBIS3-61173 0
409 0 FBIS3-61193 0
409 0 FBIS3-61300 0
409 0 FBIS3-61301 0
409 0 FBIS3-61335 0
409 0 FBIS3-61336 0
409 0 FBIS3-61374 0
409 0 FBIS3-61397 0
409 0 FBIS3-67 0
409 0 FBIS3-6884 0
409 0 FBIS3-7824 0
409 0 FBIS3-7932 0
409 0 FBIS3-8304 0
409 0 FBIS3-8488 0
409 0 FBIS3-8999 0
409 0 FBIS3-9022 0
409 0 FBIS3-9371 0
409 0 FBIS4-11180 0
409 0 FBIS4-1120 0
409 0 FBIS4-11451 0
409 0 FBIS4-11743 0
409 0 FBIS4-12257 0
409 0 FBIS4-12403 0
409 0 FBIS4-12407 0
409 0 FBIS4-12670 0
409 0 FBIS4-13369 0
409 0 FBIS4-13403 0
409 0 FBIS4-13409 0
409 0 FBIS4-13446 0
409 0 FBIS4-13474 0
409 0 FBIS4-13495 0
409 0 FBIS4-13508 0
409 0 FBIS4-13512 0
409 0 FBIS4-13519 0
409 0 FBIS4-13535 0
409 0 FBIS4-13630 0
409 0 FBIS4-13633 0
409 0 FBIS4-13677 0
409 0 FBIS4-14 0
409 0 FBIS4-1440 0
409 0 FBIS4-14675 0
409 0 FBIS4-14860 0
409 0 FBIS4-14926 0
409 0 FBIS4-1500 0
409 0 FBIS4-15065 0
409 0 FBIS4-15424 0
409 0 FBIS4-16266 0
409 0 FBIS4-1671 0
409 0 FBIS4-19 0
409 0 FBIS4-20569 0
409 0 FBIS4-20757 0
409 0 FBIS4-20833 0
409 0 FBIS4-20867 0
409 0 FBIS4-21228 0
409 0 FBIS4-226 0
409 0 FBIS4-22805 0
409 0 FBIS4-22975 0
409 0 FBIS4-22976 0
409 0 FBIS4-23084 0
409 0 FBIS4-23112 0
409 0 FBIS4-23114 0
409 0 FBIS4-23130 0
409 0 FBIS4-23131 0
409 0 FBIS4-2356 0
409 0 FBIS4-24105 0
409 0 FBIS4-2518 0
409 0 FBIS4-25207 0
409 0 FBIS4-26334 0
409 0 FBIS4-26398 0
409 0 FBIS4-26610 0
409 0 FBIS4-28712 0
409 0 FBIS4-30721 0
409 0 FBIS4-31130 0
409 0 FBIS4-31159 0
409 0 FBIS4-32131 0
409 0 FBIS4-33331 0
409 0 FBIS4-33409 0
409 0 FBIS4-33562 0
409 0 FBIS4-33740 0
409 0 FBIS4-34155 0
409 0 FBIS4-34515 0
409 0 FBIS4-36099 0
409 0 FBIS4-36773 0
409 0 FBIS4-36774 0
409 0 FBIS4-36775 0
409 0 FBIS4-36820 0
409 0 FBIS4-36962 0
409 0 FBIS4-37230 0
409 0 FBIS4-38117 0
409 0 FBIS4-38118 0
409 0 FBIS4-38119 0
409 0 FBIS4-38196 0
409 0 FBIS4-38297 0
409 0 FBIS4-38410 0
409 0 FBIS4-38822 0
409 0 FBIS4-39308 0
409 0 FBIS4-40028 0
409 0 FBIS4-40116 0
409 0 FBIS4-40426 0
409 0 FBIS4-4162 0
409 0 FBIS4-42190 0
409 0 FBIS4-43145 0
409 0 FBIS4-44913 0
409 0 FBIS4-45041 0
409 0 FBIS4-45189 0
409 0 FBIS4-45552 0
409 0 FBIS4-45778 0
409 0 FBIS4-46288 0
409 0 FBIS4-46419 0
409 0 FBIS4-46963 0
409 0 FBIS4-46969 0
409 0 FBIS4-47014 0
409 0 FBIS4-47015 0
409 0 FBIS4-47609 0
409 0 FBIS4-47629 0
409 0 FBIS4-47630 0
409 0 FBIS4-47634 0
409 0 FBIS4-48916 0
409 0 FBIS4-49245 0
409 0 FBIS4-49457 0
409 0 FBIS4-49832 0
409 0 FBIS4-50053 0
409 0 FBIS4-50706 0
409 0 FBIS4-50835 0
409 0 FBIS4-50912 0
409 0 FBIS4-50976 0
409 0 FBIS4-5101 0
409 0 FBIS4-51647 0
409 0 FBIS4-52097 0
409 0 FBIS4-52284 0
409 0 FBIS4-52943 0
409 0 FBIS4-53182 0
409 0 FBIS4-54345 0
409 0 FBIS4-54570 0
409 0 FBIS4-55261 0
409 0 FBIS4-55442 0
409 0 FBIS4-55667 0
409 0 FBIS4-56066 0
409 0 FBIS4-56375 0
409 0 FBIS4-57189 0
409 0 FBIS4-57733 0
409 0 FBIS4-58121 0
409 0 FBIS4-58207 0
409 0 FBIS4-58214 0
409 0 FBIS4-58230 0
409 0 FBIS4-58393 0
409 0 FBIS4-58430 0
409 0 FBIS4-58615 0
409 0 FBIS4-59147 0
409 0 FBIS4-60406 0
409 0 FBIS4-605 0
409 0 FBIS4-61561 0
409 0 FBIS4-63120 0
409 0 FBIS4-63176 0
409 0 FBIS4-63392 0
409 0 FBIS4-65400 0
409 0 FBIS4-66185 0
409 0 FBIS4-66855 0
409 0 FBIS4-67918 0
409 0 FBIS4-68195 0
409 0 FBIS4-68220 0
409 0 FBIS4-68275 0
409 0 FBIS4-68349 0
409 0 FBIS4-68582 0
409 0 FBIS4-68799 0
409 0 FBIS4-68801 0
409 0 FBIS4-68823 0
409 0 FBIS4-68824 0
409 0 FBIS4-68839 0
409 0 FBIS4-68847 0
409 0 FBIS4-68848 0
409 0 FBIS4-68852 0
409 0 FBIS4-68853 0
409 0 FBIS4-68854 0
409 0 FBIS4-68855 0
409 0 FBIS4-68856 0
409 0 FBIS4-68863 0
409 0 FBIS4-68881 0
409 0 FBIS4-68882 0
409 0 FBIS4-68888 0
409 0 FBIS4-68890 0
409 0 FBIS4-7006 0
409 0 FBIS4-7235 0
409 0 FBIS4-7511 0
409 0 FBIS4-7811 0
409 0 FBIS4-8164 0
409 0 FBIS4-8167 0
409 0 FBIS4-9626 0
409 0 FBIS4-9664 0
409 0 FR940104-0-00032 0
409 0 FR940104-0-00034 0
409 0 FR940105-2-00109 0
409 0 FR940106-0-00118 0
409 0 FR940110-1-00032 0
409 0 FR940111-0-00022 0
409 0 FR940111-2-00049 0
409 0 FR940112-0-00035 0
409 0 FR940112-0-00044 0
409 0 FR940112-1-00044 0
409 0 FR940114-2-00029 0
409 0 FR940114-2-00030 0
409 0 FR940118-1-00010 0
409 0 FR940119-2-00067 0
409 0 FR940126-2-00090 0
409 0 FR940202-2-00072 0
409 0 FR940203-0-00084 0
409 0 FR940203-1-00069 0
409 0 FR940204-0-00041 0
409 0 FR940207-1-00030 0
409 0 FR940208-1-00011 0
409 0 FR940214-2-00177 0
409 0 FR940216-2-00036 0
409 0 FR940217-0-00020 0
409 0 FR940217-1-00003 0
409 0 FR940222-0-00019 0
409 0 FR940223-0-00046 0
409 0 FR940223-1-00043 0
409 0 FR940224-0-00038 0
409 0 FR940224-1-00014 0
409 0 FR940224-2-00034 0
409 0 FR940302-2-00082 0
409 0 FR940303-2-00091 0
409 0 FR940304-0-00008 0
409 0 FR940304-1-00023 0
409 0 FR940304-2-00078 0
409 0 FR940314-1-00041 0
409 0 FR940317-0-00034 0
409 0 FR940317-1-00048 0
409 0 FR940317-1-00049 0
409 0 FR940317-1-00050 0
409 0 FR940317-1-00054 0
409 0 FR940317-1-00056 0
409 0 FR940317-1-00066 0
409 0 FR940317-1-00067 0
409 0 FR940317-1-00068 0
409 0 FR940317-1-00074 0
409 0 FR940317-1-00075 0
409 0 FR940317-1-00084 0
409 0 FR940317-1-00093 0
409 0 FR940317-1-00094 0
409 0 FR940317-1-00110 0
409 0 FR940317-1-00112 0
409 0 FR940317-1-00115 0
409 0 FR940317-1-00117 0
409 0 FR940317-1-00118 0
409 0 FR940317-1-00123 0
409 0 FR940317-1-00126 0
409 0 FR940317-1-00150 0
409 0 FR940317-1-00151 0
409 0 FR940318-0-00040 0
409 0 FR940323-0-00011 0
409 0 FR940325-1-00004 0
409 0 FR940325-2-00113 0
409 0 FR940404-1-00049 0
409 0 FR940405-0-00049 0
409 0 FR940405-2-00166 0
409 0 FR940406-0-00190 0
409 0 FR940406-2-00153 0
409 0 FR940412-1-00005 0
409 0 FR940412-2-00023 0
409 0 FR940413-2-00130 0
409 0 FR940414-0-00019 0
409 0 FR940414-1-00027 0
409 0 FR940418-0-00004 0
409 0 FR940418-1-00043 0
409 0 FR940426-2-00119 0
409 0 FR940429-2-00103 0
409 0 FR940503-2-00138 0
409 0 FR940503-2-00144 0
409 0 FR940505-0-00023 0
409 0 FR940505-0-00031 0
409 0 FR940505-0-00032 0
409 0 FR940505-0-00043 0
409 0 FR940505-0-00046 0
409 0 FR940511-0-00010 0
409 0 FR940511-0-00013 0
409 0 FR940511-1-00073 0
409 0 FR940513-0-00179 0
409 0 FR940513-0-00182 0
409 0 FR940523-0-00058 0
409 0 FR940524-0-00045 0
409 0 FR940525-0-00015 0
409 0 FR940525-2-00215 0
409 0 FR940526-2-00020 0
409 0 FR940527-0-00059 0
409 0 FR940527-2-00135 0
409 0 FR940602-1-00023 0
409 0 FR940603-0-00005 0
409 0 FR940603-2-00060 0
409 0 FR940606-1-00065 0
409 0 FR940606-1-00066 0
409 0 FR940607-0-00006 0
409 0 FR940607-0-00027 0
409 0 FR940607-0-00029 0
409 0 FR940607-0-00031 0
409 0 FR940610-2-00087 0
409 0 FR940617-0-00064 0
409 0 FR940617-0-00103 0
409 0 FR940617-1-00022 0
409 0 FR940620-0-00011 0
409 0 FR940620-0-00017 0
409 0 FR940620-0-00021 0
409 0 FR940620-0-00169 0
409 0 FR940621-0-00031 0
409 0 FR940621-2-00049 0
409 0 FR940621-2-00052 0
409 0 FR940621-2-00055 0
409 0 FR940621-2-00056 0
409 0 FR940622-0-00084 0
409 0 FR940627-1-00021 0
409 0 FR940628-0-00013 0
409 0 FR940628-0-00016 0
409 0 FR940628-2-00138 0
409 0 FR940630-0-00007 0
409 0 FR940630-0-00011 0
409 0 FR940630-0-00013 0
409 0 FR940630-0-00016 0
409 0 FR940705-2-00025 0
409 0 FR940706-2-00046 0
409 0 FR940706-2-00126 0
409 0 FR940711-0-00035 0
409 0 FR940711-0-00042 0
409 0 FR940711-0-00048 0
409 0 FR940712-1-00038 0
409 0 FR940719-1-00022 0
409 0 FR940720-0-00037 0
409 0 FR940720-0-00049 0
409 0 FR940722-0-00109 0
409 0 FR940722-1-00028 0
409 0 FR940722-1-00043 0
409 0 FR940722-1-00046 0
409 0 FR940725-1-00052 0
409 0 FR940725-1-00062 0
409 0 FR940725-2-00141 0
409 0 FR940727-0-00065 0
409 0 FR940727-0-00066 0
409 0 FR940727-1-00017 0
409 0 FR940727-1-00018 0
409 0 FR940727-1-00019 0
409 0 FR940802-0-00066 0
409 0 FR940803-2-00061 0
409 0 FR940804-1-00057 0
409 0 FR940805-1-00171 0
409 0 FR940810-1-00011 0
409 0 FR940811-0-00019 0
409 0 FR940812-2-00094 0
409 0 FR940816-1-00074 0
409 0 FR940817-1-00008 0
409 0 FR940819-0-00086 0
409 0 FR940819-0-00095 0
409 0 FR940819-0-00098 0
409 0 FR940822-0-00067 0
409 0 FR940822-0-00077 0
409 0 FR940822-1-00012 0
409 0 FR940822-2-00031 0
409 0 FR940825-1-00003 0
409 0 FR940825-1-00028 0
409 0 FR940826-2-00076 0
409 0 FR940830-0-00009 0
409 0 FR940831-1-00024 0
409 0 FR940831-2-00107 0
409 0 FR940902-1-00048 0
409 0 FR940902-2-00004 0
409 0 FR940902-2-00064 0
409 0 FR940906-2-00031 0
409 0 FR940913-2-00104 0
409 0 FR940916-2-00028 0
409 0 FR940919-1-00011 0
409 0 FR940919-2-00093 0
409 0 FR940919-2-00152 0
409 0 FR940926-0-00041 0
409 0 FR940927-0-00036 0
409 0 FR940927-0-00113 0
409 0 FR940930-0-00019 0
409 0 FR941005-2-00099 0
409 0 FR941006-0-00082 0
409 0 FR941012-0-00030 0
409 0 FR941012-0-00031 0
409 0 FR941012-2-00106 0
409 0 FR941013-0-00003 0
409 0 FR941013-0-00004 0
409 0 FR941019-0-00079 0
409 0 FR941021-1-00026 0
409 0 FR941021-1-00033 0
409 0 FR941021-1-00035 0
409 0 FR941021-1-00051 0
409 0 FR941021-1-00052 0
409 0 FR941021-1-00053 0
409 0 FR941025-0-00018 0
409 0 FR941025-0-00025 0
409 0 FR941026-2-00082 0
409 0 FR941027-0-00008 0
409 0 FR941027-0-00017 0
409 0 FR941031-2-00120 0
409 0 FR941104-1-00045 0
409 0 FR941107-0-00034 0
409 0 FR941107-1-00012 0
409 0 FR941107-2-00007 0
409 0 FR941107-2-00110 0
409 0 FR941110-0-00011 0
409 0 FR941110-1-00010 0
409 0 FR941116-0-00095 0
409 0 FR941117-0-00127 0
409 0 FR941117-0-00134 0
409 0 FR941121-0-00042 0
409 0 FR941121-0-00043 0
409 0 FR941122-0-00051 0
409 0 FR941128-2-00187 0
409 0 FR941130-0-00123 0
409 0 FR941202-0-00190 0
409 0 FR941205-2-00158 0
409 0 FR941206-1-00137 0
409 0 FR941207-0-00044 0
409 0 FR941207-2-00032 0
409 0 FR941207-2-00068 0
409 0 FR941212-0-00038 0
409 0 FR941212-0-00075 0
409 0 FR941212-0-00077 0
409 0 FR941212-0-00080 0
409 0 FR941212-0-00082 0
409 0 FR941212-0-00088 0
409 0 FR941212-0-00089 0
409 0 FR941212-0-00090 0
409 0 FR941212-0-00100 0
409 0 FR941212-0-00105 0
409 0 FR941212-0-00109 0
409 0 FR941212-0-00110 0
409 0 FR941212-0-00116 0
409 0 FR941212-0-00118 0
409 0 FR941212-0-00120 0
409 0 FR941212-0-00122 0
409 0 FR941212-0-00126 0
409 0 FR941212-0-00143 0
409 0 FR941212-2-00025 0
409 0 FR941212-2-00042 0
409 0 FR941212-2-00064 0
409 0 FR941213-0-00084 0
409 0 FR941216-1-00062 0
409 0 FR941219-1-00018 0
409 0 FR941219-1-00019 0
409 0 FR941221-2-00104 0
409 0 FR941222-0-00051 0
409 0 FR941222-1-00066 0
409 0 FR941227-0-00036 0
409 0 FR941227-0-00096 0
409 0 FR941230-0-00120 0
409 0 FR941230-0-00122 0
409 0 FT911-1054 0
409 0 FT911-1078 0
409 0 FT911-2659 0
409 0 FT911-2932 0
409 0 FT911-3473 0
409 0 FT911-3882 0
409 0 FT911-428 0
409 0 FT911-4945 0
409 0 FT911-761 0
409 0 FT911-878 0
409 0 FT921-101 0
409 0 FT921-11150 0
409 0 FT921-1193 0
409 0 FT921-12095 0
409 0 FT921-12532 0
409 0 FT921-13706 0
409 0 FT921-1440 0
409 0 FT921-14624 0
409 0 FT921-14734 0
409 0 FT921-15291 0
409 0 FT921-15975 0
409 0 FT921-16252 0
409 0 FT921-16516 0
409 0 FT921-1863 0
409 0 FT921-1976 1
409 0 FT921-209 1
409 0 FT921-2101 0
409 0 FT921-2825 0
409 0 FT921-2907 0
409 0 FT921-3397 0
409 0 FT921-3481 0
409 0 FT921-4121 0
409 0 FT921-4230 0
409 0 FT921-4623 0
409 0 FT921-4699 0
409 0 FT921-487 0
409 0 FT921-5209 0
409 0 FT921-5377 0
409 0 FT921-5393 1
409 0 FT921-5896 0
409 0 FT921-6195 0
409 0 FT921-7096 0
409 0 FT921-7121 0
409 0 FT921-731 0
409 0 FT921-7328 0
409 0 FT921-7341 0
409 0 FT921-8227 0
409 0 FT921-8837 0
409 0 FT921-9052 0
409 0 FT921-9119 0
409 0 FT921-9170 0
409 0 FT921-934 0
409 0 FT921-9955 0
409 0 FT922-10112 0
409 0 FT922-11515 0
409 0 FT922-12147 0
409 0 FT922-12385 0
409 0 FT922-12599 0
409 0 FT922-12690 0
409 0 FT922-12716 0
409 0 FT922-12839 1
409 0 FT922-13246 0
409 0 FT922-13330 0
409 0 FT922-13366 0
409 0 FT922-13857 0
409 0 FT922-14114 0
409 0 FT922-14212 0
409 0 FT922-14239 0
409 0 FT922-14428 0
409 0 FT922-14616 1
409 0 FT922-14958 0
409 0 FT922-15087 0
409 0 FT922-15184 0
409 0 FT922-15267 0
409 0 FT922-15374 0
409 0 FT922-15449 1
409 0 FT922-2127 0
409 0 FT922-3629 0
409 0 FT922-4001 0
409 0 FT922-4455 0
409 0 FT922-5255 0
409 0 FT922-5970 0
409 0 FT922-622 0
409 0 FT922-7222 0
409 0 FT922-7472 0
409 0 FT922-7809 0
409 0 FT922-7905 0
409 0 FT922-8624 0
409 0 FT922-9004 0
409 0 FT922-9142 0
409 0 FT922-9575 0
409 0 FT923-10213 0
409 0 FT923-10397 0
409 0 FT923-11185 0
409 0 FT923-11908 0
409 0 FT923-12878 0
409 0 FT923-13076 0
409 0 FT923-13119 0
409 0 FT923-13359 0
409 0 FT923-14217 0
409 0 FT923-1952 0
409 0 FT923-2253 0
409 0 FT923-2338 0
409 0 FT923-4488 0
409 0 FT923-4905 0
409 0 FT923-5204 0
409 0 FT923-5238 0
409 0 FT923-5661 0
409 0 FT923-5788 0
409 0 FT923-6918 0
409 0 FT923-7335 0
409 0 FT923-7604 0
409 0 FT923-7675 0
409 0 FT923-7707 0
409 0 FT923-9026 0
409 0 FT923-9317 0
409 0 FT924-11541 0
409 0 FT924-11987 0
409 0 FT924-12636 0
409 0 FT924-13260 0
409 0 FT924-13426 0
409 0 FT924-13658 0
409 0 FT924-14531 0
409 0 FT924-14598 0
409 0 FT924-1476 0
409 0 FT924-14904 0
409 0 FT924-15527 0
409 0 FT924-1689 0
409 0 FT924-2083 0
409 0 FT924-22 0
409 0 FT924-2514 0
409 0 FT924-3078 0
409 0 FT924-4529 0
409 0 FT924-5857 0
409 0 FT924-6300 0
409 0 FT924-7273 0
409 0 FT924-8146 0
409 0 FT924-8797 0
409 0 FT924-9383 0
409 0 FT924-9438 0
409 0 FT931-10832 0
409 0 FT931-11124 0
409 0 FT931-1323 0
409 0 FT931-15876 0
409 0 FT931-2132 0
409 0 FT931-261 0
409 0 FT931-3052 0
409 0 FT931-3925 0
409 0 FT931-3971 0
409 0 FT931-4533 0
409 0 FT931-4950 0
409 0 FT931-4973 0
409 0 FT931-5645 0
409 0 FT931-5667 0
409 0 FT931-5920 0
409 0 FT931-6355 0
409 0 FT931-6645 0
409 0 FT931-6648 0
409 0 FT931-7811 0
409 0 FT931-7861 0
409 0 FT931-8033 0
409 0 FT931-8086 0
409 0 FT931-8124 0
409 0 FT931-9759 0
409 0 FT932-10023 0
409 0 FT932-10170 0
409 0 FT932-10311 0
409 0 FT932-10317 0
409 0 FT932-10437 0
409 0 FT932-10826 0
409 0 FT932-10966 0
409 0 FT932-11385 0
409 0 FT932-11577 0
409 0 FT932-11641 0
409 0 FT932-11657 0
409 0 FT932-120 0
409 0 FT932-12082 0
409 0 FT932-12886 0
409 0 FT932-13260 0
409 0 FT932-14779 0
409 0 FT932-15540 0
409 0 FT932-1577 0
409 0 FT932-15806 0
409 0 FT932-1583 0
409 0 FT932-1619 0
409 0 FT932-1638 0
409 0 FT932-1645 0
409 0 FT932-1680 0
409 0 FT932-17157 0
409 0 FT932-17185 0
409 0 FT932-17189 0
409 0 FT932-1720 0
409 0 FT932-1730 0
409 0 FT932-187 0
409 0 FT932-2840 0
409 0 FT932-2891 0
409 0 FT932-3152 0
409 0 FT932-4036 0
409 0 FT932-4074 0
409 0 FT932-4836 0
409 0 FT932-5133 0
409 0 FT932-5194 0
409 0 FT932-5398 0
409 0 FT932-5649 0
409 0 FT932-5877 0
409 0 FT932-6005 0
409 0 FT932-6131 0
409 0 FT932-6709 0
409 0 FT932-8225 0
409 0 FT932-8526 0
409 0 FT932-8778 0
409 0 FT932-885 0
409 0 FT932-9141 0
409 0 FT932-9675 0
409 0 FT932-9938 0
409 0 FT933-12332 0
409 0 FT933-13059 0
409 0 FT933-13338 0
409 0 FT933-13594 0
409 0 FT933-14124 0
409 0 FT933-14568 0
409 0 FT933-1464 0
409 0 FT933-15977 0
409 0 FT933-16322 0
409 0 FT933-16488 0
409 0 FT933-16845 0
409 0 FT933-16980 0
409 0 FT933-222 0
409 0 FT933-242 0
409 0 FT933-244 0
409 0 FT933-267 0
409 0 FT933-2789 0
409 0 FT933-3054 0
409 0 FT933-3100 0
409 0 FT933-3291 0
409 0 FT933-3459 0
409 0 FT933-4851 0
409 0 FT933-5155 0
409 0 FT933-5165 0
409 0 FT933-5678 0
409 0 FT933-5917 0
409 0 FT933-6787 0
409 0 FT933-6970 0
409 0 FT933-7094 0
409 0 FT933-7724 0
409 0 FT933-8455 0
409 0 FT933-8721 0
409 0 FT933-9168 0
409 0 FT933-9211 0
409 0 FT934-10088 0
409 0 FT934-11324 0
409 0 FT934-11923 0
409 0 FT934-1203 0
409 0 FT934-12987 0
409 0 FT934-14724 0
409 0 FT934-1524 0
409 0 FT934-15460 0
409 0 FT934-15664 0
409 0 FT934-15666 0
409 0 FT934-16116 0
409 0 FT934-16319 0
409 0 FT934-17183 0
409 0 FT934-17450 0
409 0 FT934-1768 0
409 0 FT934-2246 0
409 0 FT934-3253 0
409 0 FT934-3308 0
409 0 FT934-3387 0
409 0 FT934-3584 0
409 0 FT934-414 0
409 0 FT934-4308 0
409 0 FT934-4871 0
409 0 FT934-4927 0
409 0 FT934-5789 0
409 0 FT934-6613 0
409 0 FT934-6897 0
409 0 FT934-748 0
409 0 FT934-7911 0
409 0 FT934-8555 0
409 0 FT934-8867 0
409 0 FT934-9100 0
409 0 FT941-11043 0
409 0 FT941-11280 0
409 0 FT941-12425 0
409 0 FT941-12906 0
409 0 FT941-14027 0
409 0 FT941-14969 0
409 0 FT941-15969 0
409 0 FT941-16080 0
409 0 FT941-16135 0
409 0 FT941-16558 0
409 0 FT941-17651 0
409 0 FT941-3483 0
409 0 FT941-3520 0
409 0 FT941-370 0
409 0 FT941-5203 0
409 0 FT941-6647 0
409 0 FT941-6858 0
409 0 FT941-8811 0
409 0 FT941-9472 0
409 0 FT941-9692 0
409 0 FT941-978 0
409 0 FT942-11911 0
409 0 FT942-12186 0
409 0 FT942-12383 0
409 0 FT942-13299 0
409 0 FT942-13386 0
409 0 FT942-1441 0
409 0 FT942-15456 0
409 0 FT942-16377 0
409 0 FT942-16387 0
409 0 FT942-2505 0
409 0 FT942-3145 0
409 0 FT942-3177 0
409 0 FT942-3200 0
409 0 FT942-3434 0
409 0 FT942-3438 0
409 0 FT942-5106 0
409 0 FT942-6570 0
409 0 FT942-7540 0
409 0 FT942-7945 0
409 0 FT942-9431 0
409 0 FT942-9597 0
409 0 FT943-10654 0
409 0 FT943-10818 0
409 0 FT943-11008 0
409 0 FT943-11270 0
409 0 FT943-11461 0
409 0 FT943-11877 0
409 0 FT943-11918 0
409 0 FT943-12336 0
409 0 FT943-12965 0
409 0 FT943-13243 0
409 0 FT943-14098 0
409 0 FT943-15098 0
409 0 FT943-15251 0
409 0 FT943-15293 0
409 0 FT943-15558 0
409 0 FT943-15646 0
409 0 FT943-16098 0
409 0 FT943-1662 0
409 0 FT943-2093 0
409 0 FT943-2134 0
409 0 FT943-2921 0
409 0 FT943-3686 0
409 0 FT943-41 0
409 0 FT943-4134 0
409 0 FT943-4837 0
409 0 FT943-5328 0
409 0 FT943-5580 0
409 0 FT943-6149 0
409 0 FT944-11235 0
409 0 FT944-1494 0
409 0 FT944-15081 0
409 0 FT944-1852 0
409 0 FT944-1855 0
409 0 FT944-2061 0
409 0 FT944-2435 0
409 0 FT944-2642 0
409 0 FT944-2707 0
409 0 FT944-2963 0
409 0 FT944-3039 0
409 0 FT944-3332 0
409 0 FT944-3998 0
409 0 FT944-707 0
409 0 FT944-7381 0
409 0 FT944-7883 0
409 0 FT944-8589 0
409 0 FT944-9045 0
409 0 FT944-9425 0
409 0 LA010189-0112 0
409 0 LA010189-0115 0
409 0 LA010389-0033 0
409 0 LA010589-0062 0
409 0 LA010589-0128 0
409 0 LA010589-0206 0
409 0 LA010689-0162 0
409 0 LA010690-0095 0
409 0 LA010789-0065 0
409 0 LA010889-0089 0
409 0 LA010890-0089 0
409 0 LA011089-0047 0
409 0 LA011489-0004 0
409 0 LA011489-0089 0
409 0 LA011589-0005 0
409 0 LA011689-0036 0
409 0 LA011890-0033 0
409 0 LA012190-0186 0
409 0 LA012289-0017 0
409 0 LA012289-0129 0
409 0 LA012489-0145 0
409 0 LA012490-0070 0
409 0 LA012589-0105 0
409 0 LA012789-0078 0
409 0 LA012790-0062 0
409 0 LA013089-0056 0
409 0 LA020690-0102 0
409 0 LA020889-0080 0
409 0 LA021289-0041 0
409 0 LA021289-0119 0
409 0 LA021289-0121 0
409 0 LA021590-0150 0
409 0 LA021790-0109 0
409 0 LA021989-0162 0
409 0 LA022289-0149 0
409 0 LA022290-0022 0
409 0 LA022389-0002 0
409 0 LA022590-0063 0
409 0 LA022590-0076 0
409 0 LA030390-0064 0
409 0 LA030890-0001 0
409 0 LA030989-0131 0
409 0 LA031089-0062 0
409 0 LA031189-0002 0
409 0 LA031189-0043 0
409 0 LA031189-0045 0
409 0 LA031289-0058 0
409 0 LA031289-0199 0
409 0 LA031290-0144 0
409 0 LA031389-0002 0
409 0 LA031389-0116 0
409 0 LA031689-0179 0
409 0 LA031689-0212 0
409 0 LA031890-0045 0
409 0 LA031989-0130 0
409 0 LA032089-0048 0
409 0 LA032290-0191 0
409 0 LA032290-0237 0
409 0 LA032490-0002 0
409 0 LA032590-0058 0
409 0 LA033189-0104 0
409 0 LA040389-0094 0
409 0 LA040589-0104 0
409 0 LA041289-0102 0
409 0 LA041790-0026 0
409 0 LA041790-0102 0
409 0 LA042089-0026 0
409 0 LA042290-0113 0
409 0 LA042490-0180 0
409 0 LA042689-0020 0
409 0 LA042789-0022 0
409 0 LA043090-0117 0
409 0 LA050489-0168 0
409 0 LA050490-0026 0
409 0 LA050490-0117 0
409 0 LA050589-0072 0
409 0 LA050689-0087 0
409 0 LA050690-0146 0
409 0 LA050789-0140 0
409 0 LA050790-0011 0
409 0 LA050990-0005 0
409 0 LA050990-0124 0
409 0 LA051189-0199 0
409 0 LA051290-0097 0
409 0 LA051389-0116 0
409 0 LA051390-0090 0
409 0 LA051390-0145 0
409 0 LA051390-0196 0
409 0 LA051690-0155 0
409 0 LA051789-0058 0
409 0 LA051789-0059 0
409 0 LA051889-0008 0
409 0 LA051989-0172 0
409 0 LA052189-0036 0
409 0 LA052189-0233 0
409 0 LA052489-0105 0
409 0 LA052589-0071 0
409 0 LA052689-0075 0
409 0 LA052689-0076 0
409 0 LA052789-0097 0
409 0 LA052790-0047 0
409 0 LA052790-0120 0
409 0 LA052790-0128 0
409 0 LA053189-0108 0
409 0 LA060189-0042 0
409 0 LA060190-0181 0
409 0 LA060390-0172 0
409 0 LA060390-0191 0
409 0 LA060489-0090 0
409 0 LA060490-0025 0
409 0 LA060689-0057 0
409 0 LA060690-0034 0
409 0 LA060990-0082 0
409 0 LA060990-0101 0
409 0 LA061289-0115 0
409 0 LA061389-0129 0
409 0 LA061489-0007 0
409 0 LA061489-0016 0
409 0 LA062089-0075 0
409 0 LA062289-0223 0
409 0 LA062490-0162 0
409 0 LA062589-0025 0
409 0 LA062690-0074 0
409 0 LA062789-0057 0
409 0 LA070190-0159 0
409 0 LA070389-0062 0
409 0 LA070689-0077 0
409 0 LA070789-0017 0
409 0 LA070789-0025 0
409 0 LA070890-0156 0
409 0 LA071089-0015 0
409 0 LA071189-0027 0
409 0 LA071289-0047 0
409 0 LA071289-0146 0
409 0 LA071389-0008 0
409 0 LA071389-0125 0
409 0 LA071590-0121 0
409 0 LA071690-0040 0
409 0 LA071889-0058 0
409 0 LA071990-0116 0
409 0 LA072389-0093 0
409 0 LA072389-0197 0
409 0 LA072390-0039 0
409 0 LA072390-0122 0
409 0 LA072489-0095 0
409 0 LA072589-0111 0
409 0 LA072590-0130 0
409 0 LA072689-0031 0
409 0 LA072690-0180 0
409 0 LA072789-0031 0
409 0 LA072890-0062 0
409 0 LA072990-0014 0
409 0 LA073190-0078 0
409 0 LA080290-0186 0
409 0 LA080389-0110 0
409 0 LA080390-0053 0
409 0 LA080390-0067 0
409 0 LA080489-0017 0
409 0 LA080689-0114 0
409 0 LA080790-0094 0
409 0 LA080990-0166 0
409 0 LA081090-0171 0
409 0 LA081289-0110 0
409 0 LA081290-0066 0
409 0 LA081690-0151 0
409 0 LA081690-0183 0
409 0 LA081690-0217 0
409 0 LA081690-0224 0
409 0 LA081789-0016 0
409 0 LA081789-0025 0
409 0 LA081789-0182 0
409 0 LA081990-0199 0
409 0 LA082389-0005 0
409 0 LA082390-0139 0
409 0 LA082489-0075 0
409 0 LA082489-0078 0
409 0 LA082489-0103 0
409 0 LA082589-0089 0
409 0 LA082590-0093 0
409 0 LA082690-0062 0
409 0 LA082989-0108 0
409 0 LA090189-0158 0
409 0 LA090690-0151 0
409 0 LA090790-0029 0
409 0 LA090790-0192 0
409 0 LA091190-0052 0
409 0 LA091490-0163 0
409 0 LA091589-0134 0
409 0 LA091590-0045 0
409 0 LA091989-0023 0
409 0 LA091990-0147 0
409 0 LA092690-0091 0
409 0 LA092789-0006 0
409 0 LA092790-0231 0
409 0 LA092990-0069 0
409 0 LA093090-0064 0
409 0 LA100290-0076 0
409 0 LA100389-0089 0
409 0 LA100590-0027 0
409 0 LA100590-0123 0
409 0 LA100889-0067 0
409 0 LA100889-0125 0
409 0 LA100989-0097 0
409 0 LA101389-0082 0
409 0 LA101589-0073 0
409 0 LA101590-0048 0
409 0 LA101690-0074 0
409 0 LA101790-0039 0
409 0 LA101790-0152 0
409 0 LA101890-0084 0
409 0 LA101890-0117 0
409 0 LA101989-0045 0
409 0 LA102189-0072 0
409 0 LA102489-0157 0
409 0 LA102589-0075 0
409 0 LA102590-0201 0
409 0 LA102690-0144 0
409 0 LA102890-0217 0
409 0 LA102990-0025 0
409 0 LA110289-0126 0
409 0 LA110389-0166 0
409 0 LA110589-0057 0
409 0 LA110789-0074 0
409 0 LA110889-0046 0
409 0 LA110889-0065 0
409 0 LA110989-0059 0
409 0 LA110989-0063 0
409 0 LA111689-0063 0
409 0 LA111690-0009 0
409 0 LA111789-0128 0
409 0 LA111989-0036 0
409 0 LA112190-0042 0
409 0 LA112289-0037 0
409 0 LA112290-0143 0
409 0 LA112389-0042 0
409 0 LA112490-0088 0
409 0 LA112490-0097 0
409 0 LA112989-0095 0
409 0 LA112989-0099 0
409 0 LA120689-0107 0
409 0 LA120789-0073 0
409 0 LA121189-0050 0
409 0 LA121390-0134 0
409 0 LA121489-0047 0
409 0 LA121489-0266 0
409 0 LA121589-0076 0
409 0 LA121589-0140 0
409 0 LA121789-0215 0
409 0 LA122090-0028 0
409 0 LA122189-0061 0
409 0 LA122189-0064 0
409 0 LA122190-0046 0
409 0 LA122190-0125 0
409 0 LA122390-0014 0
409 0 LA122390-0206 0
409 0 LA122889-0047 0
409 0 LA122890-0064 0
409 0 LA122890-0120 0
409 0 LA122989-0002 0
409 0 LA122989-0055 0
409 0 LA122989-0068 0
409 0 LA122989-0104 0
409 0 LA122989-0147 0
409 0 LA122990-0097 0
409 0 LA123189-0030 0
409 0 LA123189-0115 0
409 0 LA123189-0149 0
409 0 LA123189-0192 0
409 0 LA123190-0064 0
