405 0 FBIS3-1045 0
405 0 FBIS3-1067 0
405 0 FBIS3-11379 0
405 0 FBIS3-11396 0
405 0 FBIS3-1166 0
405 0 FBIS3-1288 0
405 0 FBIS3-1305 0
405 0 FBIS3-1363 0
405 0 FBIS3-1464 0
405 0 FBIS3-1466 0
405 0 FBIS3-1470 0
405 0 FBIS3-1480 0
405 0 FBIS3-1484 0
405 0 FBIS3-1487 0
405 0 FBIS3-1509 0
405 0 FBIS3-1517 0
405 0 FBIS3-1736 0
405 0 FBIS3-1915 0
405 0 FBIS3-19284 0
405 0 FBIS3-1973 0
405 0 FBIS3-2 0
405 0 FBIS3-20090 0
405 0 FBIS3-207 0
405 0 FBIS3-20801 0
405 0 FBIS3-2084 0
405 0 FBIS3-20986 0
405 0 FBIS3-21004 0
405 0 FBIS3-21014 0
405 0 FBIS3-21021 0
405 0 FBIS3-21081 0
405 0 FBIS3-21149 0
405 0 FBIS3-21193 0
405 0 FBIS3-21235 0
405 0 FBIS3-21237 0
405 0 FBIS3-21244 0
405 0 FBIS3-21260 0
405 0 FBIS3-21405 0
405 0 FBIS3-21514 0
405 0 FBIS3-2239 0
405 0 FBIS3-2241 0
405 0 FBIS3-22876 0
405 0 FBIS3-23516 0
405 0 FBIS3-23543 0
405 0 FBIS3-23561 0
405 0 FBIS3-23567 0
405 0 FBIS3-23678 0
405 0 FBIS3-23682 0
405 0 FBIS3-23683 0
405 0 FBIS3-23685 0
405 0 FBIS3-23691 0
405 0 FBIS3-23961 0
405 0 FBIS3-24043 0
405 0 FBIS3-24184 0
405 0 FBIS3-24237 0
405 0 FBIS3-24359 0
405 0 FBIS3-24436 0
405 0 FBIS3-24469 0
405 0 FBIS3-24563 0
405 0 FBIS3-24618 0
405 0 FBIS3-24619 0
405 0 FBIS3-24653 0
405 0 FBIS3-2493 0
405 0 FBIS3-2516 0
405 0 FBIS3-2543 0
405 0 FBIS3-25902 0
405 0 FBIS3-26 0
405 0 FBIS3-26006 0
405 0 FBIS3-26438 0
405 0 FBIS3-27060 0
405 0 FBIS3-27099 0
405 0 FBIS3-27130 0
405 0 FBIS3-27612 0
405 0 FBIS3-28149 0
405 0 FBIS3-29 0
405 0 FBIS3-2947 0
405 0 FBIS3-309 0
405 0 FBIS3-3091 0
405 0 FBIS3-31070 0
405 0 FBIS3-3119 0
405 0 FBIS3-31308 0
405 0 FBIS3-31430 0
405 0 FBIS3-31431 0
405 0 FBIS3-31545 0
405 0 FBIS3-32046 0
405 0 FBIS3-3207 0
405 0 FBIS3-32149 0
405 0 FBIS3-32193 0
405 0 FBIS3-32957 0
405 0 FBIS3-33048 0
405 0 FBIS3-33741 0
405 0 FBIS3-3507 0
405 0 FBIS3-36078 0
405 0 FBIS3-36085 0
405 0 FBIS3-36578 0
405 0 FBIS3-37090 0
405 0 FBIS3-37565 0
405 0 FBIS3-37947 0
405 0 FBIS3-3858 0
405 0 FBIS3-39 0
405 0 FBIS3-39178 0
405 0 FBIS3-3919 0
405 0 FBIS3-39815 0
405 0 FBIS3-40135 0
405 0 FBIS3-40237 0
405 0 FBIS3-40265 0
405 0 FBIS3-40286 0
405 0 FBIS3-40357 0
405 0 FBIS3-40438 0
405 0 FBIS3-40470 0
405 0 FBIS3-40489 0
405 0 FBIS3-40497 0
405 0 FBIS3-40521 0
405 0 FBIS3-40554 0
405 0 FBIS3-40725 0
405 0 FBIS3-41012 0
405 0 FBIS3-41076 0
405 0 FBIS3-41601 0
405 0 FBIS3-41957 0
405 0 FBIS3-41975 0
405 0 FBIS3-42013 0
405 0 FBIS3-42378 0
405 0 FBIS3-42382 0
405 0 FBIS3-42393 0
405 0 FBIS3-42433 0
405 0 FBIS3-42453 0
405 0 FBIS3-42516 0
405 0 FBIS3-42518 1
405 0 FBIS3-42531 0
405 0 FBIS3-42774 0
405 0 FBIS3-42940 0
405 0 FBIS3-42984 0
405 0 FBIS3-42985 0
405 0 FBIS3-43004 0
405 0 FBIS3-43022 0
405 0 FBIS3-43023 0
405 0 FBIS3-43042 0
405 0 FBIS3-43049 0
405 0 FBIS3-43080 0
405 0 FBIS3-43085 0
405 0 FBIS3-43132 0
405 0 FBIS3-43186 0
405 0 FBIS3-4443 0
405 0 FBIS3-44708 0
405 0 FBIS3-45866 0
405 0 FBIS3-46066 0
405 0 FBIS3-46367 0
405 0 FBIS3-466 0
405 0 FBIS3-471 0
405 0 FBIS3-4724 0
405 0 FBIS3-4843 0
405 0 FBIS3-48751 0
405 0 FBIS3-49035 0
405 0 FBIS3-49861 0
405 0 FBIS3-5027 0
405 0 FBIS3-50271 0
405 0 FBIS3-51108 0
405 0 FBIS3-51824 0
405 0 FBIS3-5206 0
405 0 FBIS3-5227 0
405 0 FBIS3-53426 0
405 0 FBIS3-5388 0
405 0 FBIS3-5413 0
405 0 FBIS3-54461 0
405 0 FBIS3-54575 0
405 0 FBIS3-54793 0
405 0 FBIS3-54889 0
405 0 FBIS3-54931 0
405 0 FBIS3-55382 0
405 0 FBIS3-56362 0
405 0 FBIS3-5656 0
405 0 FBIS3-57018 0
405 0 FBIS3-5800 0
405 0 FBIS3-5918 0
405 0 FBIS3-59264 0
405 0 FBIS3-59490 0
405 0 FBIS3-59709 0
405 0 FBIS3-59745 0
405 0 FBIS3-59747 0
405 0 FBIS3-59750 0
405 0 FBIS3-59757 0
405 0 FBIS3-59895 0
405 0 FBIS3-59918 0
405 0 FBIS3-60381 0
405 0 FBIS3-61007 0
405 0 FBIS3-61030 0
405 0 FBIS3-61272 0
405 0 FBIS3-61335 0
405 0 FBIS3-61336 0
405 0 FBIS3-61374 0
405 0 FBIS3-617 0
405 0 FBIS3-625 0
405 0 FBIS3-6285 0
405 0 FBIS3-6417 0
405 0 FBIS3-6460 0
405 0 FBIS3-6482 0
405 0 FBIS3-6492 0
405 0 FBIS3-67 0
405 0 FBIS3-6755 0
405 0 FBIS3-6774 0
405 0 FBIS3-6936 0
405 0 FBIS3-6940 0
405 0 FBIS3-717 0
405 0 FBIS3-72 0
405 0 FBIS3-7216 0
405 0 FBIS3-7352 0
405 0 FBIS3-7354 0
405 0 FBIS3-7466 0
405 0 FBIS3-748 0
405 0 FBIS3-7549 0
405 0 FBIS3-7608 0
405 0 FBIS3-7650 0
405 0 FBIS3-767 0
405 0 FBIS3-770 0
405 0 FBIS3-7919 0
405 0 FBIS3-7981 0
405 0 FBIS3-8067 0
405 0 FBIS3-8104 0
405 0 FBIS3-8212 0
405 0 FBIS3-8238 0
405 0 FBIS3-8272 0
405 0 FBIS3-8293 0
405 0 FBIS3-8318 0
405 0 FBIS3-8393 0
405 0 FBIS3-8404 0
405 0 FBIS3-8646 0
405 0 FBIS3-8732 0
405 0 FBIS3-8787 0
405 0 FBIS3-883 0
405 0 FBIS3-8879 0
405 0 FBIS3-8880 0
405 0 FBIS3-8891 0
405 0 FBIS3-9073 0
405 0 FBIS3-9211 0
405 0 FBIS3-936 0
405 0 FBIS3-9362 0
405 0 FBIS3-9391 0
405 0 FBIS3-9407 0
405 0 FBIS3-9649 0
405 0 FBIS3-9656 0
405 0 FBIS4-10608 0
405 0 FBIS4-10621 0
405 0 FBIS4-11186 0
405 0 FBIS4-11921 0
405 0 FBIS4-12351 0
405 0 FBIS4-13607 0
405 0 FBIS4-13793 0
405 0 FBIS4-15032 0
405 0 FBIS4-15159 0
405 0 FBIS4-15710 0
405 0 FBIS4-1672 0
405 0 FBIS4-16967 0
405 0 FBIS4-17380 0
405 0 FBIS4-17685 0
405 0 FBIS4-18251 0
405 0 FBIS4-19 0
405 0 FBIS4-20027 0
405 0 FBIS4-20436 0
405 0 FBIS4-20472 0
405 0 FBIS4-20482 0
405 0 FBIS4-2050 0
405 0 FBIS4-20569 0
405 0 FBIS4-20638 0
405 0 FBIS4-20642 0
405 0 FBIS4-20667 0
405 0 FBIS4-20671 0
405 0 FBIS4-20698 0
405 0 FBIS4-20733 0
405 0 FBIS4-20842 0
405 0 FBIS4-22152 0
405 0 FBIS4-22285 0
405 0 FBIS4-22536 0
405 0 FBIS4-22629 0
405 0 FBIS4-22667 0
405 0 FBIS4-22685 0
405 0 FBIS4-22815 0
405 0 FBIS4-22933 0
405 0 FBIS4-22945 0
405 0 FBIS4-22957 0
405 0 FBIS4-22965 0
405 0 FBIS4-22976 0
405 0 FBIS4-22978 0
405 0 FBIS4-22991 0
405 0 FBIS4-2311 0
405 0 FBIS4-23114 0
405 0 FBIS4-23131 0
405 0 FBIS4-25249 0
405 0 FBIS4-25789 0
405 0 FBIS4-27077 0
405 0 FBIS4-28106 0
405 0 FBIS4-28377 0
405 0 FBIS4-2973 0
405 0 FBIS4-31159 0
405 0 FBIS4-31437 0
405 0 FBIS4-3202 0
405 0 FBIS4-34425 0
405 0 FBIS4-34767 0
405 0 FBIS4-39148 0
405 0 FBIS4-39213 0
405 0 FBIS4-41556 0
405 0 FBIS4-41647 0
405 0 FBIS4-42544 0
405 0 FBIS4-44406 0
405 0 FBIS4-44661 0
405 0 FBIS4-44662 0
405 0 FBIS4-44743 0
405 0 FBIS4-44898 0
405 0 FBIS4-44904 0
405 0 FBIS4-44912 0
405 0 FBIS4-45141 0
405 0 FBIS4-45649 0
405 0 FBIS4-45814 0
405 0 FBIS4-46401 0
405 0 FBIS4-46465 0
405 0 FBIS4-46478 0
405 0 FBIS4-46538 0
405 0 FBIS4-46651 1
405 0 FBIS4-46653 0
405 0 FBIS4-46671 0
405 0 FBIS4-46926 0
405 0 FBIS4-46935 0
405 0 FBIS4-47200 0
405 0 FBIS4-47248 0
405 0 FBIS4-47249 0
405 0 FBIS4-47294 0
405 0 FBIS4-47296 0
405 0 FBIS4-47302 0
405 0 FBIS4-47312 0
405 0 FBIS4-47359 0
405 0 FBIS4-47386 0
405 0 FBIS4-47388 0
405 0 FBIS4-47414 0
405 0 FBIS4-47418 0
405 0 FBIS4-47476 0
405 0 FBIS4-47499 0
405 0 FBIS4-47504 0
405 0 FBIS4-47505 0
405 0 FBIS4-47514 0
405 0 FBIS4-47629 0
405 0 FBIS4-47634 0
405 0 FBIS4-49803 0
405 0 FBIS4-5071 0
405 0 FBIS4-52038 0
405 0 FBIS4-52810 0
405 0 FBIS4-53179 0
405 0 FBIS4-54405 0
405 0 FBIS4-55597 0
405 0 FBIS4-55697 0
405 0 FBIS4-56568 0
405 0 FBIS4-56581 0
405 0 FBIS4-58018 0
405 0 FBIS4-58432 0
405 0 FBIS4-6165 0
405 0 FBIS4-61865 0
405 0 FBIS4-62092 0
405 0 FBIS4-62372 0
405 0 FBIS4-63059 0
405 0 FBIS4-63308 0
405 0 FBIS4-63541 0
405 0 FBIS4-66312 0
405 0 FBIS4-66367 0
405 0 FBIS4-66384 0
405 0 FBIS4-66463 0
405 0 FBIS4-66483 0
405 0 FBIS4-66662 0
405 0 FBIS4-66903 0
405 0 FBIS4-67382 0
405 0 FBIS4-67469 0
405 0 FBIS4-67799 0
405 0 FBIS4-67877 0
405 0 FBIS4-68045 0
405 0 FBIS4-68249 0
405 0 FBIS4-68257 0
405 0 FBIS4-68275 0
405 0 FBIS4-68287 0
405 0 FBIS4-68332 0
405 0 FBIS4-68333 0
405 0 FBIS4-68334 0
405 0 FBIS4-68603 0
405 0 FBIS4-68604 0
405 0 FBIS4-68773 0
405 0 FBIS4-68787 0
405 0 FBIS4-68835 0
405 0 FBIS4-68846 0
405 0 FBIS4-7531 0
405 0 FBIS4-8802 0
405 0 FBIS4-9155 0
405 0 FR940105-1-00017 0
405 0 FR940105-2-00108 0
405 0 FR940111-0-00037 0
405 0 FR940112-0-00053 0
405 0 FR940112-0-00055 0
405 0 FR940112-1-00044 0
405 0 FR940114-2-00049 0
405 0 FR940119-2-00067 0
405 0 FR940126-2-00009 0
405 0 FR940126-2-00049 0
405 0 FR940127-1-00070 0
405 0 FR940127-1-00077 0
405 0 FR940127-2-00018 0
405 0 FR940128-2-00057 0
405 0 FR940128-2-00149 0
405 0 FR940203-1-00010 0
405 0 FR940203-2-00043 0
405 0 FR940204-1-00031 0
405 0 FR940204-2-00117 0
405 0 FR940204-2-00150 0
405 0 FR940207-2-00083 0
405 0 FR940208-0-00075 0
405 0 FR940214-1-00043 0
405 0 FR940216-0-00131 0
405 0 FR940216-2-00014 0
405 0 FR940217-1-00037 0
405 0 FR940223-2-00042 0
405 0 FR940228-1-00031 0
405 0 FR940302-2-00044 0
405 0 FR940302-2-00098 0
405 0 FR940317-2-00030 0
405 0 FR940317-2-00087 0
405 0 FR940323-2-00068 0
405 0 FR940324-1-00006 0
405 0 FR940324-2-00042 0
405 0 FR940325-2-00177 0
405 0 FR940328-2-00032 0
405 0 FR940405-1-00128 0
405 0 FR940405-1-00140 0
405 0 FR940405-2-00048 0
405 0 FR940406-0-00190 0
405 0 FR940407-0-00013 0
405 0 FR940407-0-00035 0
405 0 FR940412-0-00029 0
405 0 FR940412-0-00030 0
405 0 FR940413-2-00079 0
405 0 FR940414-0-00019 0
405 0 FR940418-2-00079 0
405 0 FR940419-2-00049 0
405 0 FR940425-1-00003 0
405 0 FR940425-2-00080 0
405 0 FR940428-2-00089 0
405 0 FR940428-2-00092 0
405 0 FR940429-2-00117 0
405 0 FR940503-1-00084 0
405 0 FR940503-2-00021 0
405 0 FR940503-2-00034 0
405 0 FR940503-2-00035 0
405 0 FR940505-0-00016 0
405 0 FR940505-1-00448 0
405 0 FR940506-1-00032 0
405 0 FR940511-0-00066 0
405 0 FR940511-1-00022 0
405 0 FR940512-2-00130 0
405 0 FR940513-2-00089 0
405 0 FR940525-2-00113 0
405 0 FR940526-2-00118 0
405 0 FR940527-1-00141 0
405 0 FR940527-1-00142 0
405 0 FR940527-1-00143 0
405 0 FR940527-1-00144 0
405 0 FR940527-1-00145 0
405 0 FR940527-1-00146 0
405 0 FR940527-1-00147 0
405 0 FR940527-1-00148 0
405 0 FR940527-1-00149 0
405 0 FR940527-1-00150 0
405 0 FR940527-1-00151 0
405 0 FR940527-1-00152 0
405 0 FR940527-1-00153 0
405 0 FR940527-1-00154 0
405 0 FR940527-1-00155 0
405 0 FR940527-1-00156 0
405 0 FR940527-1-00157 0
405 0 FR940527-1-00163 0
405 0 FR940527-1-00172 0
405 0 FR940527-1-00176 0
405 0 FR940527-2-00053 0
405 0 FR940602-1-00019 0
405 0 FR940602-1-00023 0
405 0 FR940602-2-00038 0
405 0 FR940603-1-00066 0
405 0 FR940603-1-00145 0
405 0 FR940603-2-00109 0
405 0 FR940606-2-00039 0
405 0 FR940607-0-00014 0
405 0 FR940610-2-00184 0
405 0 FR940613-0-00144 0
405 0 FR940613-2-00019 0
405 0 FR940616-2-00130 0
405 0 FR940620-0-00169 0
405 0 FR940621-0-00031 0
405 0 FR940621-2-00072 0
405 0 FR940622-2-00075 0
405 0 FR940628-1-00012 0
405 0 FR940630-2-00029 0
405 0 FR940630-2-00031 0
405 0 FR940706-2-00126 0
405 0 FR940707-0-00022 0
405 0 FR940707-2-00077 0
405 0 FR940711-2-00169 0
405 0 FR940712-1-00004 0
405 0 FR940712-1-00027 0
405 0 FR940719-0-00019 0
405 0 FR940719-1-00039 0
405 0 FR940719-2-00011 0
405 0 FR940720-2-00104 0
405 0 FR940721-2-00112 0
405 0 FR940721-2-00113 0
405 0 FR940721-2-00134 0
405 0 FR940722-0-00133 0
405 0 FR940722-2-00054 0
405 0 FR940725-2-00141 0
405 0 FR940802-2-00092 0
405 0 FR940802-2-00111 0
405 0 FR940803-2-00062 0
405 0 FR940803-2-00081 0
405 0 FR940804-0-00053 0
405 0 FR940810-0-00013 0
405 0 FR940810-0-00027 0
405 0 FR940810-0-00266 0
405 0 FR940810-1-00011 0
405 0 FR940811-2-00104 0
405 0 FR940812-2-00229 0
405 0 FR940816-1-00060 0
405 0 FR940816-1-00074 0
405 0 FR940817-0-00077 0
405 0 FR940817-2-00098 0
405 0 FR940817-2-00213 0
405 0 FR940817-2-00236 0
405 0 FR940819-1-00061 0
405 0 FR940822-0-00074 0
405 0 FR940822-1-00033 0
405 0 FR940822-1-00043 0
405 0 FR940825-1-00021 0
405 0 FR940826-0-00099 0
405 0 FR940826-1-00028 0
405 0 FR940830-2-00136 0
405 0 FR940831-0-00015 0
405 0 FR940831-0-00017 0
405 0 FR940831-0-00074 0
405 0 FR940831-2-00048 0
405 0 FR940831-2-00165 0
405 0 FR940902-0-00160 0
405 0 FR940902-1-00048 0
405 0 FR940906-1-00012 0
405 0 FR940906-2-00126 0
405 0 FR940906-2-00148 0
405 0 FR940907-1-00014 0
405 0 FR940907-2-00118 0
405 0 FR940912-2-00026 0
405 0 FR940919-2-00012 0
405 0 FR940920-1-00116 0
405 0 FR940922-2-00124 0
405 0 FR940927-0-00113 0
405 0 FR940930-0-00229 0
405 0 FR941004-1-00010 0
405 0 FR941005-2-00041 0
405 0 FR941006-0-00082 0
405 0 FR941006-1-00129 0
405 0 FR941012-2-00102 0
405 0 FR941012-2-00103 0
405 0 FR941013-1-00014 0
405 0 FR941013-1-00018 0
405 0 FR941019-0-00031 0
405 0 FR941019-0-00079 0
405 0 FR941019-1-00033 0
405 0 FR941019-2-00165 0
405 0 FR941021-0-00072 0
405 0 FR941021-0-00159 0
405 0 FR941021-0-00165 0
405 0 FR941021-0-00180 0
405 0 FR941021-2-00024 0
405 0 FR941026-0-00047 0
405 0 FR941026-0-00048 0
405 0 FR941027-0-00017 0
405 0 FR941028-2-00014 0
405 0 FR941031-2-00101 0
405 0 FR941107-2-00067 0
405 0 FR941107-2-00231 0
405 0 FR941110-0-00255 0
405 0 FR941110-0-00272 0
405 0 FR941116-0-00016 0
405 0 FR941117-0-00196 0
405 0 FR941117-2-00158 0
405 0 FR941121-2-00085 0
405 0 FR941122-2-00131 0
405 0 FR941122-2-00132 0
405 0 FR941130-0-00130 0
405 0 FR941130-0-00131 0
405 0 FR941130-0-00134 0
405 0 FR941130-0-00140 0
405 0 FR941130-1-00035 0
405 0 FR941202-0-00032 0
405 0 FR941202-0-00144 0
405 0 FR941205-2-00110 0
405 0 FR941205-2-00173 0
405 0 FR941205-2-00174 0
405 0 FR941206-0-00082 0
405 0 FR941206-1-00134 0
405 0 FR941206-2-00116 0
405 0 FR941207-2-00032 0
405 0 FR941207-2-00068 0
405 0 FR941216-0-00074 0
405 0 FR941219-2-00109 0
405 0 FR941219-2-00180 0
405 0 FR941221-2-00021 0
405 0 FR941222-0-00010 0
405 0 FR941222-0-00022 0
405 0 FR941222-2-00028 0
405 0 FT911-1250 0
405 0 FT911-1286 0
405 0 FT911-1497 0
405 0 FT911-1699 0
405 0 FT911-1706 0
405 0 FT911-262 0
405 0 FT911-2866 0
405 0 FT911-3329 0
405 0 FT911-3681 1
405 0 FT911-3856 0
405 0 FT911-3864 0
405 0 FT911-3906 0
405 0 FT911-4053 0
405 0 FT911-4069 0
405 0 FT911-4129 0
405 0 FT911-4132 0
405 0 FT911-4499 0
405 0 FT911-463 0
405 0 FT911-4814 0
405 0 FT911-4900 0
405 0 FT911-4901 0
405 0 FT911-505 0
405 0 FT911-5190 0
405 0 FT911-5216 0
405 0 FT911-5242 0
405 0 FT911-751 0
405 0 FT911-862 0
405 0 FT921-10190 0
405 0 FT921-1059 0
405 0 FT921-15733 0
405 0 FT921-15842 0
405 0 FT921-3340 0
405 0 FT921-4575 0
405 0 FT921-4716 0
405 0 FT921-4921 0
405 0 FT921-6756 0
405 0 FT921-6788 0
405 0 FT921-6845 0
405 0 FT921-701 0
405 0 FT921-7110 0
405 0 FT921-830 1
405 0 FT921-8724 0
405 0 FT921-9359 0
405 0 FT922-11366 0
405 0 FT922-12334 0
405 0 FT922-13402 0
405 0 FT922-15097 0
405 0 FT922-1696 0
405 0 FT922-1753 0
405 0 FT922-5166 0
405 0 FT922-6750 0
405 0 FT922-8685 0
405 0 FT922-9677 0
405 0 FT923-10778 0
405 0 FT923-11222 0
405 0 FT923-11223 0
405 0 FT923-11290 0
405 0 FT923-12432 0
405 0 FT923-13294 0
405 0 FT923-13709 0
405 0 FT923-15157 0
405 0 FT923-1955 0
405 0 FT923-4963 0
405 0 FT923-5183 0
405 0 FT923-9856 0
405 0 FT924-11409 0
405 0 FT924-11753 0
405 0 FT924-11987 0
405 0 FT924-12529 0
405 0 FT924-12960 0
405 0 FT924-13568 0
405 0 FT924-14355 0
405 0 FT924-15251 0
405 0 FT924-2348 0
405 0 FT924-3348 0
405 0 FT924-3678 0
405 0 FT924-928 0
405 0 FT931-10058 0
405 0 FT931-10498 0
405 0 FT931-10838 0
405 0 FT931-12079 0
405 0 FT931-13329 0
405 0 FT931-13386 0
405 0 FT931-1628 0
405 0 FT931-16550 0
405 0 FT931-17066 0
405 0 FT931-17077 0
405 0 FT931-2000 0
405 0 FT931-2231 0
405 0 FT931-2482 0
405 0 FT931-363 0
405 0 FT931-4515 0
405 0 FT931-6554 0
405 0 FT931-7815 0
405 0 FT931-8046 0
405 0 FT932-12827 0
405 0 FT932-1440 0
405 0 FT932-14734 0
405 0 FT932-15680 0
405 0 FT932-16261 0
405 0 FT932-1725 0
405 0 FT932-2090 0
405 0 FT932-3054 0
405 0 FT932-3802 0
405 0 FT932-603 0
405 0 FT932-6844 0
405 0 FT932-7636 0
405 0 FT932-8194 0
405 0 FT932-9653 0
405 0 FT932-987 0
405 0 FT933-10324 0
405 0 FT933-10389 0
405 0 FT933-13316 0
405 0 FT933-13695 0
405 0 FT933-13863 0
405 0 FT933-14240 0
405 0 FT933-1457 0
405 0 FT933-14736 0
405 0 FT933-14758 0
405 0 FT933-1476 0
405 0 FT933-14768 0
405 0 FT933-15819 0
405 0 FT933-16663 0
405 0 FT933-16719 0
405 0 FT933-1696 0
405 0 FT933-2180 0
405 0 FT933-3699 0
405 0 FT933-4644 0
405 0 FT933-4858 0
405 0 FT933-4863 0
405 0 FT933-5189 0
405 0 FT933-5197 0
405 0 FT933-5409 0
405 0 FT933-6323 0
405 0 FT933-78 0
405 0 FT933-7944 0
405 0 FT933-7965 0
405 0 FT933-8150 0
405 0 FT933-8727 0
405 0 FT933-9536 0
405 0 FT933-995 0
405 0 FT934-10844 0
405 0 FT934-11565 0
405 0 FT934-11785 0
405 0 FT934-11922 0
405 0 FT934-12069 0
405 0 FT934-12513 0
405 0 FT934-13607 0
405 0 FT934-15048 0
405 0 FT934-15706 0
405 0 FT934-16572 0
405 0 FT934-17300 0
405 0 FT934-17357 0
405 0 FT934-2516 0
405 0 FT934-2850 0
405 0 FT934-3086 0
405 0 FT934-3479 0
405 0 FT934-3699 0
405 0 FT934-3821 0
405 0 FT934-4156 0
405 0 FT934-4158 0
405 0 FT934-4903 0
405 0 FT934-5418 0
405 0 FT934-74 0
405 0 FT934-8712 0
405 0 FT934-9047 0
405 0 FT934-9430 0
405 0 FT941-10271 0
405 0 FT941-11902 0
405 0 FT941-13599 0
405 0 FT941-13887 0
405 0 FT941-1394 0
405 0 FT941-14160 0
405 0 FT941-14251 0
405 0 FT941-14485 0
405 0 FT941-15661 0
405 0 FT941-15846 0
405 0 FT941-1627 0
405 0 FT941-16655 0
405 0 FT941-16975 0
405 0 FT941-170 0
405 0 FT941-190 0
405 0 FT941-2417 0
405 0 FT941-2568 0
405 0 FT941-2819 0
405 0 FT941-2921 0
405 0 FT941-3758 0
405 0 FT941-4029 0
405 0 FT941-4108 0
405 0 FT941-4125 0
405 0 FT941-5283 0
405 0 FT941-6767 0
405 0 FT941-6943 0
405 0 FT941-8354 0
405 0 FT941-8689 0
405 0 FT942-1058 0
405 0 FT942-10936 0
405 0 FT942-11011 0
405 0 FT942-1129 0
405 0 FT942-11552 0
405 0 FT942-12134 0
405 0 FT942-1220 0
405 0 FT942-12257 0
405 0 FT942-12347 0
405 0 FT942-12723 0
405 0 FT942-13075 0
405 0 FT942-13719 0
405 0 FT942-15280 0
405 0 FT942-15295 0
405 0 FT942-15390 0
405 0 FT942-159 0
405 0 FT942-16638 0
405 0 FT942-16661 0
405 0 FT942-16881 0
405 0 FT942-16911 0
405 0 FT942-17396 0
405 0 FT942-17505 0
405 0 FT942-17528 0
405 0 FT942-1774 0
405 0 FT942-1817 0
405 0 FT942-1844 0
405 0 FT942-1877 0
405 0 FT942-1994 0
405 0 FT942-2231 0
405 0 FT942-2375 0
405 0 FT942-2480 0
405 0 FT942-2497 0
405 0 FT942-2550 0
405 0 FT942-5541 0
405 0 FT942-5875 0
405 0 FT942-6154 0
405 0 FT942-7050 0
405 0 FT942-7428 0
405 0 FT942-7648 0
405 0 FT942-8553 0
405 0 FT942-8808 0
405 0 FT942-929 0
405 0 FT942-9487 0
405 0 FT943-11292 0
405 0 FT943-12488 0
405 0 FT943-12622 0
405 0 FT943-12875 0
405 0 FT943-13935 0
405 0 FT943-13986 1
405 0 FT943-14095 1
405 0 FT943-14688 0
405 0 FT943-15 0
405 0 FT943-15877 0
405 0 FT943-16865 0
405 0 FT943-2083 0
405 0 FT943-3189 0
405 0 FT943-3351 0
405 0 FT943-3408 0
405 0 FT943-4085 0
405 0 FT943-4942 0
405 0 FT943-6349 0
405 0 FT943-6704 0
405 0 FT943-690 0
405 0 FT943-7407 0
405 0 FT943-7504 0
405 0 FT943-7627 0
405 0 FT943-7778 0
405 0 FT943-8691 0
405 0 FT943-8972 0
405 0 FT943-947 0
405 0 FT944-10772 0
405 0 FT944-10934 0
405 0 FT944-12205 0
405 0 FT944-15804 0
405 0 FT944-16024 0
405 0 FT944-16191 0
405 0 FT944-1822 0
405 0 FT944-1823 0
405 0 FT944-2028 0
405 0 FT944-2029 0
405 0 FT944-2112 0
405 0 FT944-2831 0
405 0 FT944-2970 0
405 0 FT944-3083 0
405 0 FT944-3522 0
405 0 FT944-3901 0
405 0 FT944-4263 0
405 0 FT944-5005 0
405 0 FT944-5899 0
405 0 FT944-6682 0
405 0 FT944-6926 0
405 0 FT944-7154 0
405 0 FT944-7385 0
405 0 FT944-7404 0
405 0 FT944-7624 0
405 0 FT944-9936 0
405 0 LA010189-0001 0
405 0 LA010189-0103 0
405 0 LA010189-0108 0
405 0 LA010289-0021 0
405 0 LA010289-0060 0
405 0 LA010290-0027 0
405 0 LA010490-0016 0
405 0 LA010490-0110 0
405 0 LA010590-0045 0
405 0 LA010590-0130 0
405 0 LA010689-0016 0
405 0 LA010689-0077 0
405 0 LA010690-0071 0
405 0 LA010690-0096 0
405 0 LA010789-0050 0
405 0 LA010790-0055 0
405 0 LA010990-0127 0
405 0 LA011190-0120 0
405 0 LA011389-0062 0
405 0 LA011590-0005 0
405 0 LA011590-0080 0
405 0 LA011590-0086 0
405 0 LA011590-0139 0
405 0 LA011689-0095 0
405 0 LA011789-0105 0
405 0 LA011790-0033 0
405 0 LA011890-0033 0
405 0 LA011990-0091 0
405 0 LA011990-0099 0
405 0 LA011990-0173 0
405 0 LA012090-0105 0
405 0 LA012190-0066 0
405 0 LA012289-0015 0
405 0 LA012289-0050 0
405 0 LA012289-0172 0
405 0 LA012489-0038 0
405 0 LA012790-0042 0
405 0 LA012890-0058 0
405 0 LA012990-0089 0
405 0 LA013190-0067 0
405 0 LA020289-0215 0
405 0 LA020290-0046 0
405 0 LA020490-0093 0
405 0 LA020589-0049 0
405 0 LA020589-0080 0
405 0 LA020989-0012 0
405 0 LA020990-0063 0
405 0 LA020990-0080 0
405 0 LA021189-0152 0
405 0 LA021289-0051 0
405 0 LA021290-0037 0
405 0 LA021589-0091 0
405 0 LA021689-0113 0
405 0 LA021790-0058 0
405 0 LA021889-0085 0
405 0 LA021989-0074 0
405 0 LA021989-0228 0
405 0 LA022389-0183 0
405 0 LA022390-0040 0
405 0 LA022589-0145 0
405 0 LA022689-0007 0
405 0 LA022690-0001 0
405 0 LA022789-0083 0
405 0 LA030290-0047 0
405 0 LA030389-0051 0
405 0 LA030389-0109 0
405 0 LA030489-0032 0
405 0 LA030489-0081 0
405 0 LA030490-0026 0
405 0 LA030490-0124 0
405 0 LA030689-0003 0
405 0 LA030990-0068 0
405 0 LA030990-0089 0
405 0 LA030990-0180 0
405 0 LA031190-0095 0
405 0 LA031389-0003 0
405 0 LA031389-0094 0
405 0 LA031390-0118 0
405 0 LA031490-0065 0
405 0 LA031589-0130 0
405 0 LA031689-0047 0
405 0 LA031789-0034 0
405 0 LA031789-0152 0
405 0 LA031790-0087 0
405 0 LA031889-0007 0
405 0 LA031890-0122 0
405 0 LA031989-0004 0
405 0 LA031989-0181 0
405 0 LA032190-0172 0
405 0 LA032490-0077 0
405 0 LA032490-0138 0
405 0 LA032690-0072 0
405 0 LA032789-0016 0
405 0 LA032989-0026 0
405 0 LA033089-0217 0
405 0 LA033090-0082 0
405 0 LA033090-0132 0
405 0 LA040190-0178 0
405 0 LA040289-0050 0
405 0 LA040390-0016 0
405 0 LA040390-0040 0
405 0 LA040589-0148 0
405 0 LA040590-0149 0
405 0 LA040790-0110 0
405 0 LA040989-0199 0
405 0 LA040990-0019 0
405 0 LA041089-0002 0
405 0 LA041089-0031 0
405 0 LA041089-0054 0
405 0 LA041090-0148 0
405 0 LA041190-0013 0
405 0 LA041190-0063 0
405 0 LA041290-0042 0
405 0 LA041389-0175 0
405 0 LA041689-0021 0
405 0 LA041689-0087 0
405 0 LA041689-0100 0
405 0 LA041690-0035 0
405 0 LA041690-0067 0
405 0 LA041989-0041 0
405 0 LA042090-0116 0
405 0 LA042290-0096 0
405 0 LA042389-0035 0
405 0 LA042390-0004 0
405 0 LA042390-0025 0
405 0 LA042390-0108 0
405 0 LA042489-0091 0
405 0 LA042589-0001 0
405 0 LA042590-0135 0
405 0 LA042590-0152 0
405 0 LA042690-0141 0
405 0 LA042789-0179 0
405 0 LA042990-0076 0
405 0 LA042990-0148 0
405 0 LA043090-0018 0
405 0 LA050190-0030 0
405 0 LA050190-0198 0
405 0 LA050390-0109 0
405 0 LA050390-0172 0
405 0 LA050490-0029 0
405 0 LA050490-0085 0
405 0 LA050589-0115 0
405 0 LA050690-0017 0
405 0 LA050690-0029 0
405 0 LA050690-0091 0
405 0 LA050789-0037 0
405 0 LA050790-0006 0
405 0 LA050990-0163 0
405 0 LA051090-0047 0
405 0 LA051090-0069 0
405 0 LA051289-0110 0
405 0 LA051289-0137 1
405 0 LA051289-0175 0
405 0 LA051290-0077 0
405 0 LA051290-0079 0
405 0 LA051290-0134 0
405 0 LA051290-0138 0
405 0 LA051390-0046 0
405 0 LA051390-0105 0
405 0 LA051490-0110 0
405 0 LA051590-0074 0
405 0 LA051790-0219 0
405 0 LA052090-0005 0
405 0 LA052189-0006 0
405 0 LA052389-0074 0
405 0 LA052489-0093 0
405 0 LA052490-0048 0
405 0 LA052689-0067 0
405 0 LA052690-0002 0
405 0 LA052789-0123 0
405 0 LA052790-0174 0
405 0 LA053089-0058 0
405 0 LA053089-0065 0
405 0 LA053190-0079 0
405 0 LA053190-0193 0
405 0 LA053190-0194 0
405 0 LA060589-0041 0
405 0 LA060990-0134 0
405 0 LA061490-0089 0
405 0 LA061689-0110 0
405 0 LA061690-0104 0
405 0 LA061790-0053 0
405 0 LA061990-0118 0
405 0 LA062089-0122 0
405 0 LA062290-0091 0
405 0 LA062389-0066 0
405 0 LA062389-0120 0
405 0 LA062390-0072 0
405 0 LA062589-0006 0
405 0 LA062690-0046 0
405 0 LA062789-0090 0
405 0 LA062890-0100 0
405 0 LA070190-0035 0
405 0 LA070290-0043 0
405 0 LA070290-0143 0
405 0 LA070389-0031 0
405 0 LA070489-0096 0
405 0 LA070589-0018 0
405 0 LA070590-0036 0
405 0 LA070590-0046 0
405 0 LA070590-0108 0
405 0 LA070590-0148 0
405 0 LA070889-0120 0
405 0 LA070990-0052 0
405 0 LA071089-0029 0
405 0 LA071089-0064 0
405 0 LA071089-0082 0
405 0 LA071089-0089 0
405 0 LA071090-0047 0
405 0 LA071290-0048 0
405 0 LA071290-0194 0
405 0 LA071390-0036 0
405 0 LA071390-0093 0
405 0 LA071390-0111 0
405 0 LA071390-0122 0
405 0 LA071589-0127 0
405 0 LA071689-0011 0
405 0 LA071689-0109 0
405 0 LA071689-0194 0
405 0 LA071689-0210 0
405 0 LA071689-0215 0
405 0 LA071690-0097 0
405 0 LA071889-0017 0
405 0 LA071989-0040 0
405 0 LA071990-0250 0
405 0 LA072190-0125 0
405 0 LA072390-0058 0
405 0 LA072590-0006 0
405 0 LA072590-0145 0
405 0 LA072690-0134 0
405 0 LA072790-0037 0
405 0 LA072989-0016 0
405 0 LA072990-0218 0
405 0 LA080290-0023 0
405 0 LA080290-0129 0
405 0 LA080389-0056 0
405 0 LA080390-0032 0
405 0 LA080489-0032 0
405 0 LA080489-0102 0
405 0 LA080689-0056 0
405 0 LA080689-0092 0
405 0 LA080790-0036 0
405 0 LA080889-0066 0
405 0 LA080990-0223 0
405 0 LA081089-0150 0
405 0 LA081090-0078 0
405 0 LA081190-0080 0
405 0 LA081290-0008 0
405 0 LA081390-0081 0
405 0 LA081489-0004 0
405 0 LA081490-0084 0
405 0 LA081790-0164 0
405 0 LA081890-0062 0
405 0 LA082089-0050 0
405 0 LA082089-0061 0
405 0 LA082189-0087 0
405 0 LA082290-0043 0
405 0 LA082490-0075 0
405 0 LA082789-0013 0
405 0 LA082789-0096 0
405 0 LA082789-0200 0
405 0 LA082790-0099 0
405 0 LA082889-0097 0
405 0 LA082990-0092 0
405 0 LA090289-0005 0
405 0 LA090289-0006 0
405 0 LA090289-0012 0
405 0 LA090290-0194 0
405 0 LA090390-0035 0
405 0 LA090490-0116 0
405 0 LA090689-0043 0
405 0 LA090690-0105 0
405 0 LA090690-0116 0
405 0 LA090789-0052 0
405 0 LA090990-0056 0
405 0 LA091590-0110 0
405 0 LA091590-0120 0
405 0 LA091689-0107 0
405 0 LA091690-0043 0
405 0 LA091690-0166 0
405 0 LA091690-0204 0
405 0 LA091789-0029 0
405 0 LA091789-0096 0
405 0 LA091789-0133 0
405 0 LA091789-0143 0
405 0 LA091789-0157 0
405 0 LA091889-0105 0
405 0 LA091890-0053 0
405 0 LA091890-0054 0
405 0 LA092189-0071 0
405 0 LA092189-0103 0
405 0 LA092189-0125 0
405 0 LA092190-0065 0
405 0 LA092290-0181 0
405 0 LA092390-0116 0
405 0 LA092390-0185 0
405 0 LA092390-0192 0
405 0 LA092690-0092 0
405 0 LA092889-0155 0
405 0 LA092889-0197 0
405 0 LA100189-0175 0
405 0 LA100389-0113 0
405 0 LA100490-0057 0
405 0 LA100590-0153 0
405 0 LA100690-0017 0
405 0 LA100690-0129 0
405 0 LA100790-0132 0
405 0 LA100790-0133 0
405 0 LA100890-0071 0
405 0 LA100990-0068 0
405 0 LA101089-0028 0
405 0 LA101189-0004 0
405 0 LA101189-0013 0
405 0 LA101190-0047 0
405 0 LA101289-0186 0
405 0 LA101290-0031 0
405 0 LA101490-0046 0
405 0 LA101490-0213 0
405 0 LA101589-0100 0
405 0 LA101589-0160 0
405 0 LA101789-0028 0
405 0 LA101789-0040 0
405 0 LA101789-0044 0
405 0 LA101789-0122 0
405 0 LA101790-0151 0
405 0 LA101790-0153 0
405 0 LA101890-0013 0
405 0 LA101890-0240 0
405 0 LA101989-0137 0
405 0 LA102089-0058 0
405 0 LA102089-0149 0
405 0 LA102089-0188 0
405 0 LA102090-0060 0
405 0 LA102189-0046 0
405 0 LA102189-0071 0
405 0 LA102290-0067 1
405 0 LA102489-0146 0
405 0 LA102490-0072 0
405 0 LA102690-0043 0
405 0 LA102789-0168 0
405 0 LA102989-0004 0
405 0 LA102990-0035 0
405 0 LA103090-0093 0
405 0 LA103090-0099 0
405 0 LA103190-0036 0
405 0 LA110289-0084 0
405 0 LA110289-0086 0
405 0 LA110290-0084 0
405 0 LA110389-0136 0
405 0 LA110489-0166 0
405 0 LA110589-0073 0
405 0 LA110590-0076 0
405 0 LA111089-0123 0
405 0 LA111190-0024 0
405 0 LA111190-0074 0
405 0 LA111389-0039 0
405 0 LA111390-0098 0
405 0 LA111589-0116 0
405 0 LA111590-0239 0
405 0 LA111689-0024 0
405 0 LA111689-0222 0
405 0 LA111789-0130 0
405 0 LA111789-0134 0
405 0 LA111789-0151 1
405 0 LA111890-0012 0
405 0 LA111990-0004 0
405 0 LA112089-0009 0
405 0 LA112290-0162 0
405 0 LA112489-0085 0
405 0 LA112689-0191 0
405 0 LA112789-0073 0
405 0 LA112990-0083 0
405 0 LA113090-0157 0
405 0 LA120189-0046 0
405 0 LA120190-0154 0
405 0 LA120289-0144 0
405 0 LA120290-0045 0
405 0 LA120290-0048 0
405 0 LA120389-0113 0
405 0 LA120390-0065 0
405 0 LA120490-0100 0
405 0 LA120590-0110 0
405 0 LA120690-0083 0
405 0 LA120790-0184 0
405 0 LA120990-0129 0
405 0 LA120990-0165 0
405 0 LA120990-0212 0
405 0 LA121290-0080 0
405 0 LA121290-0133 0
405 0 LA121390-0184 0
405 0 LA121490-0102 0
405 0 LA121589-0173 0
405 0 LA121590-0072 0
405 0 LA121690-0039 0
405 0 LA121690-0057 0
405 0 LA121889-0114 0
405 0 LA122090-0004 0
405 0 LA122090-0052 0
405 0 LA122090-0165 0
405 0 LA122090-0205 0
405 0 LA122189-0098 0
405 0 LA122189-0237 0
405 0 LA122289-0092 0
405 0 LA122289-0155 0
405 0 LA122290-0127 0
405 0 LA122389-0054 0
405 0 LA122389-0119 0
405 0 LA122489-0008 0
405 0 LA122489-0017 0
405 0 LA122689-0094 0
405 0 LA122989-0137 0
405 0 LA122990-0137 0
405 0 LA123189-0117 0
405 0 LA123190-0042 0
