441 0 FBIS3-10133 0
441 0 FBIS3-10143 0
441 0 FBIS3-10229 0
441 0 FBIS3-1411 0
441 0 FBIS3-14418 0
441 0 FBIS3-14832 0
441 0 FBIS3-1674 0
441 0 FBIS3-1780 0
441 0 FBIS3-1790 0
441 0 FBIS3-1861 0
441 0 FBIS3-19276 0
441 0 FBIS3-1945 0
441 0 FBIS3-1972 0
441 0 FBIS3-20539 0
441 0 FBIS3-207 0
441 0 FBIS3-20776 0
441 0 FBIS3-20890 0
441 0 FBIS3-20899 0
441 0 FBIS3-21399 0
441 0 FBIS3-2143 0
441 0 FBIS3-2148 0
441 0 FBIS3-22207 0
441 0 FBIS3-22450 0
441 0 FBIS3-22457 0
441 0 FBIS3-22467 0
441 0 FBIS3-22470 0
441 0 FBIS3-22471 0
441 0 FBIS3-22474 0
441 0 FBIS3-22476 0
441 0 FBIS3-22478 0
441 0 FBIS3-22481 0
441 0 FBIS3-22482 0
441 0 FBIS3-22485 0
441 0 FBIS3-22486 0
441 0 FBIS3-22489 0
441 0 FBIS3-22507 0
441 0 FBIS3-22508 0
441 0 FBIS3-22514 0
441 0 FBIS3-22518 0
441 0 FBIS3-22519 0
441 0 FBIS3-22521 0
441 0 FBIS3-22525 0
441 0 FBIS3-22529 0
441 0 FBIS3-22531 0
441 0 FBIS3-22546 0
441 0 FBIS3-22547 0
441 0 FBIS3-22550 0
441 0 FBIS3-22553 0
441 0 FBIS3-22554 0
441 0 FBIS3-22555 0
441 0 FBIS3-22556 0
441 0 FBIS3-22557 0
441 0 FBIS3-22571 0
441 0 FBIS3-22573 0
441 0 FBIS3-22575 0
441 0 FBIS3-22589 0
441 0 FBIS3-22591 0
441 0 FBIS3-22593 0
441 0 FBIS3-22596 0
441 0 FBIS3-22598 0
441 0 FBIS3-22600 0
441 0 FBIS3-22605 0
441 0 FBIS3-22612 0
441 0 FBIS3-22617 0
441 0 FBIS3-22621 0
441 0 FBIS3-22623 0
441 0 FBIS3-22637 0
441 0 FBIS3-22642 0
441 0 FBIS3-22644 0
441 0 FBIS3-22648 0
441 0 FBIS3-22652 0
441 0 FBIS3-22658 0
441 0 FBIS3-22663 0
441 0 FBIS3-22668 0
441 0 FBIS3-22673 0
441 0 FBIS3-22674 0
441 0 FBIS3-22679 0
441 0 FBIS3-22680 0
441 0 FBIS3-22683 0
441 0 FBIS3-22690 0
441 0 FBIS3-22695 0
441 0 FBIS3-22697 0
441 0 FBIS3-22699 0
441 0 FBIS3-22705 0
441 0 FBIS3-22708 0
441 0 FBIS3-22709 0
441 0 FBIS3-22716 0
441 0 FBIS3-2294 0
441 0 FBIS3-23 0
441 0 FBIS3-23333 0
441 0 FBIS3-23561 0
441 0 FBIS3-23783 0
441 0 FBIS3-24469 0
441 0 FBIS3-24612 0
441 0 FBIS3-24617 0
441 0 FBIS3-24630 0
441 0 FBIS3-24678 0
441 0 FBIS3-25069 0
441 0 FBIS3-2516 0
441 0 FBIS3-25381 0
441 0 FBIS3-2569 0
441 0 FBIS3-2767 0
441 0 FBIS3-27934 0
441 0 FBIS3-28229 0
441 0 FBIS3-2925 0
441 0 FBIS3-3016 0
441 0 FBIS3-3163 0
441 0 FBIS3-3170 0
441 0 FBIS3-3171 0
441 0 FBIS3-34595 0
441 0 FBIS3-3475 0
441 0 FBIS3-34987 0
441 0 FBIS3-35 0
441 0 FBIS3-3503 0
441 0 FBIS3-3565 0
441 0 FBIS3-3580 0
441 0 FBIS3-36078 0
441 0 FBIS3-37947 0
441 0 FBIS3-3813 0
441 0 FBIS3-3924 0
441 0 FBIS3-40087 0
441 0 FBIS3-40377 0
441 0 FBIS3-40454 0
441 0 FBIS3-40458 0
441 0 FBIS3-40496 0
441 0 FBIS3-41670 0
441 0 FBIS3-41671 0
441 0 FBIS3-41673 0
441 0 FBIS3-41675 0
441 0 FBIS3-41683 0
441 0 FBIS3-41684 0
441 0 FBIS3-41685 0
441 0 FBIS3-41688 0
441 0 FBIS3-41691 0
441 0 FBIS3-41692 0
441 0 FBIS3-41693 0
441 0 FBIS3-41698 0
441 0 FBIS3-41700 0
441 0 FBIS3-41702 0
441 0 FBIS3-41703 0
441 0 FBIS3-41706 0
441 0 FBIS3-41707 0
441 0 FBIS3-41709 0
441 0 FBIS3-41710 0
441 0 FBIS3-41712 0
441 0 FBIS3-41713 0
441 0 FBIS3-41726 0
441 0 FBIS3-41728 0
441 0 FBIS3-41730 0
441 0 FBIS3-41731 0
441 0 FBIS3-41732 0
441 0 FBIS3-41733 0
441 0 FBIS3-41734 0
441 0 FBIS3-41742 0
441 0 FBIS3-41744 0
441 0 FBIS3-41745 0
441 0 FBIS3-41752 0
441 0 FBIS3-41758 0
441 0 FBIS3-41759 0
441 0 FBIS3-41760 0
441 0 FBIS3-41761 0
441 0 FBIS3-41763 0
441 0 FBIS3-41768 0
441 0 FBIS3-41769 0
441 0 FBIS3-41777 0
441 0 FBIS3-41778 0
441 0 FBIS3-41779 0
441 0 FBIS3-41786 0
441 0 FBIS3-41799 0
441 0 FBIS3-41809 0
441 0 FBIS3-41815 0
441 0 FBIS3-41824 0
441 0 FBIS3-41833 0
441 0 FBIS3-41840 0
441 0 FBIS3-4207 0
441 0 FBIS3-4209 0
441 0 FBIS3-42399 0
441 0 FBIS3-42400 0
441 0 FBIS3-42716 0
441 0 FBIS3-42986 0
441 0 FBIS3-42988 0
441 0 FBIS3-42992 0
441 0 FBIS3-43024 0
441 0 FBIS3-43030 0
441 0 FBIS3-43031 0
441 0 FBIS3-43072 0
441 0 FBIS3-43143 0
441 0 FBIS3-43166 0
441 0 FBIS3-43197 0
441 0 FBIS3-43220 0
441 0 FBIS3-44055 0
441 0 FBIS3-44484 0
441 0 FBIS3-44712 0
441 0 FBIS3-44968 0
441 0 FBIS3-46104 0
441 0 FBIS3-46291 0
441 0 FBIS3-46348 0
441 0 FBIS3-4646 0
441 0 FBIS3-46476 0
441 0 FBIS3-48069 0
441 0 FBIS3-50247 0
441 0 FBIS3-50510 0
441 0 FBIS3-51019 0
441 0 FBIS3-5118 0
441 0 FBIS3-51606 0
441 0 FBIS3-51754 0
441 0 FBIS3-52141 0
441 0 FBIS3-53973 0
441 0 FBIS3-5429 0
441 0 FBIS3-54460 0
441 0 FBIS3-54461 0
441 0 FBIS3-5471 0
441 0 FBIS3-57112 0
441 0 FBIS3-58 0
441 0 FBIS3-59382 0
441 0 FBIS3-59721 0
441 0 FBIS3-59747 0
441 0 FBIS3-59751 0
441 0 FBIS3-59752 0
441 0 FBIS3-60336 0
441 0 FBIS3-60350 0
441 0 FBIS3-60398 0
441 0 FBIS3-60399 0
441 0 FBIS3-60402 0
441 0 FBIS3-60403 0
441 0 FBIS3-60407 0
441 0 FBIS3-60409 0
441 0 FBIS3-60422 0
441 0 FBIS3-60431 0
441 0 FBIS3-60434 0
441 0 FBIS3-60443 0
441 0 FBIS3-60444 0
441 0 FBIS3-60449 0
441 0 FBIS3-60454 0
441 0 FBIS3-60456 0
441 0 FBIS3-60457 0
441 0 FBIS3-60461 0
441 0 FBIS3-60463 0
441 0 FBIS3-60469 0
441 0 FBIS3-60470 0
441 0 FBIS3-60475 0
441 0 FBIS3-60490 0
441 0 FBIS3-60491 0
441 0 FBIS3-60495 0
441 0 FBIS3-60497 0
441 0 FBIS3-60500 0
441 0 FBIS3-60513 0
441 0 FBIS3-60516 0
441 0 FBIS3-60517 0
441 0 FBIS3-60518 0
441 0 FBIS3-60521 0
441 0 FBIS3-60528 0
441 0 FBIS3-60529 0
441 0 FBIS3-60532 0
441 0 FBIS3-60544 0
441 0 FBIS3-60546 0
441 0 FBIS3-60549 0
441 0 FBIS3-60553 0
441 0 FBIS3-60555 0
441 0 FBIS3-60557 0
441 0 FBIS3-60560 0
441 0 FBIS3-60562 0
441 0 FBIS3-60565 0
441 0 FBIS3-60571 0
441 0 FBIS3-60572 0
441 0 FBIS3-60577 0
441 0 FBIS3-60578 0
441 0 FBIS3-60676 0
441 0 FBIS3-61028 0
441 0 FBIS3-61336 0
441 0 FBIS3-61373 0
441 0 FBIS3-61508 0
441 0 FBIS3-61527 0
441 0 FBIS3-61529 0
441 0 FBIS3-61562 0
441 0 FBIS3-61569 0
441 0 FBIS3-61574 0
441 0 FBIS3-61578 0
441 0 FBIS3-6487 0
441 0 FBIS3-6503 0
441 0 FBIS3-67 0
441 0 FBIS3-6941 0
441 0 FBIS3-7035 0
441 0 FBIS3-7567 0
441 0 FBIS3-825 0
441 0 FBIS3-8673 0
441 0 FBIS3-8840 0
441 0 FBIS3-889 0
441 0 FBIS3-9101 0
441 0 FBIS3-9189 0
441 0 FBIS3-9538 0
441 0 FBIS3-9700 0
441 0 FBIS3-9878 0
441 0 FBIS4-10476 0
441 0 FBIS4-11284 0
441 0 FBIS4-11428 0
441 0 FBIS4-11908 0
441 0 FBIS4-12611 0
441 0 FBIS4-12842 0
441 0 FBIS4-1440 0
441 0 FBIS4-1618 0
441 0 FBIS4-16406 0
441 0 FBIS4-16470 0
441 0 FBIS4-18053 0
441 0 FBIS4-19 0
441 0 FBIS4-20345 0
441 0 FBIS4-20450 0
441 0 FBIS4-20473 0
441 0 FBIS4-20486 0
441 0 FBIS4-20504 0
441 0 FBIS4-20673 0
441 0 FBIS4-20689 0
441 0 FBIS4-20695 0
441 0 FBIS4-20883 0
441 0 FBIS4-20931 0
441 0 FBIS4-21038 0
441 0 FBIS4-21379 0
441 0 FBIS4-2142 0
441 0 FBIS4-21494 0
441 0 FBIS4-22219 0
441 0 FBIS4-22377 0
441 0 FBIS4-22597 0
441 0 FBIS4-22716 0
441 0 FBIS4-22786 0
441 0 FBIS4-22902 0
441 0 FBIS4-23004 0
441 0 FBIS4-23020 0
441 0 FBIS4-23025 0
441 0 FBIS4-23028 0
441 0 FBIS4-23030 0
441 0 FBIS4-23031 0
441 0 FBIS4-23032 0
441 0 FBIS4-23084 0
441 0 FBIS4-23131 0
441 0 FBIS4-23781 0
441 0 FBIS4-24567 0
441 0 FBIS4-2459 0
441 0 FBIS4-24671 0
441 0 FBIS4-25445 0
441 0 FBIS4-25555 0
441 0 FBIS4-25568 0
441 0 FBIS4-26014 0
441 0 FBIS4-27263 0
441 0 FBIS4-27624 0
441 0 FBIS4-27672 0
441 0 FBIS4-29 0
441 0 FBIS4-29221 0
441 0 FBIS4-3105 0
441 0 FBIS4-33007 0
441 0 FBIS4-33295 0
441 0 FBIS4-33437 0
441 0 FBIS4-36600 0
441 0 FBIS4-36794 0
441 0 FBIS4-37702 0
441 0 FBIS4-38133 0
441 0 FBIS4-42 0
441 0 FBIS4-44511 0
441 0 FBIS4-44860 0
441 0 FBIS4-44911 0
441 0 FBIS4-44913 0
441 0 FBIS4-44914 0
441 0 FBIS4-44915 0
441 0 FBIS4-44916 0
441 0 FBIS4-44918 0
441 0 FBIS4-45041 0
441 0 FBIS4-45093 0
441 0 FBIS4-45725 0
441 0 FBIS4-45832 0
441 0 FBIS4-45836 0
441 0 FBIS4-45840 0
441 0 FBIS4-45842 0
441 0 FBIS4-45872 0
441 0 FBIS4-45876 0
441 0 FBIS4-45883 0
441 0 FBIS4-45889 0
441 0 FBIS4-45890 0
441 0 FBIS4-45904 0
441 0 FBIS4-45905 0
441 0 FBIS4-46483 0
441 0 FBIS4-46649 0
441 0 FBIS4-47407 0
441 0 FBIS4-47528 0
441 0 FBIS4-47549 0
441 0 FBIS4-47569 0
441 0 FBIS4-47579 0
441 0 FBIS4-47580 0
441 0 FBIS4-47588 0
441 0 FBIS4-47592 0
441 0 FBIS4-47601 0
441 0 FBIS4-47609 0
441 0 FBIS4-48423 0
441 0 FBIS4-49021 0
441 0 FBIS4-49499 0
441 0 FBIS4-50011 0
441 0 FBIS4-50195 0
441 0 FBIS4-51099 0
441 0 FBIS4-51384 0
441 0 FBIS4-51387 0
441 0 FBIS4-52040 0
441 0 FBIS4-52159 0
441 0 FBIS4-52303 0
441 0 FBIS4-52480 0
441 0 FBIS4-53281 0
441 0 FBIS4-53862 0
441 0 FBIS4-54007 0
441 0 FBIS4-55912 0
441 0 FBIS4-59155 0
441 0 FBIS4-60762 0
441 0 FBIS4-61040 0
441 0 FBIS4-6147 0
441 0 FBIS4-65640 0
441 0 FBIS4-66100 0
441 0 FBIS4-66185 0
441 0 FBIS4-66495 0
441 0 FBIS4-67322 0
441 0 FBIS4-67533 0
441 0 FBIS4-67598 0
441 0 FBIS4-67614 0
441 0 FBIS4-67616 0
441 0 FBIS4-67618 0
441 0 FBIS4-67622 0
441 0 FBIS4-67627 0
441 0 FBIS4-67634 0
441 0 FBIS4-67639 0
441 0 FBIS4-67646 0
441 0 FBIS4-67647 0
441 0 FBIS4-67648 0
441 0 FBIS4-67649 0
441 0 FBIS4-67651 0
441 0 FBIS4-67653 0
441 0 FBIS4-67654 0
441 0 FBIS4-67658 0
441 0 FBIS4-67666 0
441 0 FBIS4-67685 0
441 0 FBIS4-67696 0
441 0 FBIS4-67706 0
441 0 FBIS4-67710 0
441 0 FBIS4-67715 0
441 0 FBIS4-67721 0
441 0 FBIS4-67722 0
441 0 FBIS4-67877 0
441 0 FBIS4-68220 0
441 0 FBIS4-68275 0
441 0 FBIS4-68758 0
441 0 FBIS4-8269 0
441 0 FBIS4-9951 0
441 0 FR940104-0-00035 0
441 0 FR940105-2-00109 0
441 0 FR940106-1-00023 0
441 0 FR940106-2-00010 0
441 0 FR940111-2-00054 0
441 0 FR940111-2-00058 0
441 0 FR940112-0-00102 0
441 0 FR940114-0-00016 0
441 0 FR940114-2-00064 0
441 0 FR940114-2-00066 0
441 0 FR940114-2-00067 0
441 0 FR940118-0-00019 0
441 0 FR940119-2-00067 0
441 0 FR940126-2-00104 0
441 0 FR940126-2-00105 0
441 0 FR940127-1-00068 0
441 0 FR940128-1-00012 0
441 0 FR940128-2-00101 0
441 0 FR940202-2-00052 0
441 0 FR940202-2-00059 0
441 0 FR940202-2-00072 0
441 0 FR940202-2-00097 0
441 0 FR940202-2-00098 0
441 0 FR940202-2-00100 0
441 0 FR940202-2-00103 0
441 0 FR940202-2-00107 0
441 0 FR940202-2-00108 0
441 0 FR940202-2-00112 0
441 0 FR940202-2-00113 0
441 0 FR940202-2-00118 0
441 0 FR940202-2-00119 0
441 0 FR940202-2-00124 0
441 0 FR940202-2-00125 0
441 0 FR940202-2-00136 0
441 0 FR940202-2-00138 0
441 0 FR940202-2-00139 0
441 0 FR940202-2-00140 0
441 0 FR940202-2-00141 0
441 0 FR940202-2-00142 0
441 0 FR940202-2-00144 0
441 0 FR940202-2-00146 0
441 0 FR940203-0-00084 0
441 0 FR940204-2-00033 0
441 0 FR940204-2-00086 0
441 0 FR940207-2-00039 0
441 0 FR940214-2-00041 0
441 0 FR940214-2-00042 0
441 0 FR940216-1-00027 0
441 0 FR940216-2-00036 0
441 0 FR940217-2-00133 0
441 0 FR940222-2-00049 0
441 0 FR940222-2-00050 0
441 0 FR940224-0-00058 0
441 0 FR940302-1-00009 0
441 0 FR940302-2-00059 0
441 0 FR940302-2-00065 0
441 0 FR940302-2-00082 0
441 0 FR940303-2-00091 0
441 0 FR940304-1-00088 0
441 0 FR940304-1-00131 0
441 0 FR940304-1-00137 0
441 0 FR940304-1-00163 0
441 0 FR940304-1-00175 0
441 0 FR940314-1-00041 0
441 0 FR940314-2-00083 0
441 0 FR940317-2-00067 0
441 0 FR940318-0-00009 0
441 0 FR940318-2-00103 0
441 0 FR940318-2-00111 0
441 0 FR940318-2-00128 0
441 0 FR940318-2-00131 0
441 0 FR940323-0-00109 0
441 0 FR940323-0-00112 0
441 0 FR940324-1-00002 0
441 0 FR940324-2-00055 0
441 0 FR940325-2-00075 0
441 0 FR940325-2-00076 0
441 0 FR940328-0-00009 0
441 0 FR940328-2-00051 0
441 0 FR940404-2-00093 0
441 0 FR940405-1-00040 0
441 0 FR940405-1-00041 0
441 0 FR940405-1-00054 0
441 0 FR940405-1-00101 0
441 0 FR940405-2-00067 0
441 0 FR940406-0-00190 0
441 0 FR940406-2-00069 0
441 0 FR940406-2-00072 0
441 0 FR940406-2-00182 0
441 0 FR940412-0-00010 0
441 0 FR940413-2-00068 0
441 0 FR940413-2-00070 0
441 0 FR940413-2-00130 0
441 0 FR940414-0-00029 0
441 0 FR940418-2-00086 0
441 0 FR940425-2-00059 0
441 0 FR940425-2-00060 0
441 0 FR940425-2-00071 0
441 0 FR940425-2-00078 0
441 0 FR940425-2-00079 0
441 0 FR940425-2-00080 0
441 0 FR940425-2-00081 0
441 0 FR940425-2-00082 0
441 0 FR940426-2-00029 0
441 0 FR940428-1-00005 0
441 0 FR940428-2-00066 0
441 0 FR940504-2-00048 0
441 0 FR940505-2-00041 0
441 0 FR940506-2-00092 0
441 0 FR940511-1-00049 0
441 0 FR940512-2-00050 0
441 0 FR940512-2-00051 0
441 0 FR940512-2-00054 0
441 0 FR940513-0-00004 0
441 0 FR940513-2-00099 0
441 0 FR940513-2-00103 0
441 0 FR940513-2-00105 0
441 0 FR940516-2-00154 0
441 0 FR940523-0-00033 0
441 0 FR940523-0-00034 0
441 0 FR940523-0-00039 0
441 0 FR940523-0-00040 0
441 0 FR940523-0-00041 0
441 0 FR940523-0-00042 0
441 0 FR940523-0-00044 0
441 0 FR940523-0-00045 0
441 0 FR940523-0-00048 0
441 0 FR940524-2-00045 0
441 0 FR940525-0-00015 0
441 0 FR940525-1-00065 0
441 0 FR940525-1-00082 0
441 0 FR940525-2-00048 0
441 0 FR940526-2-00029 0
441 0 FR940526-2-00119 0
441 0 FR940527-0-00118 0
441 0 FR940527-1-00162 0
441 0 FR940527-1-00165 0
441 0 FR940527-2-00003 0
441 0 FR940527-2-00067 0
441 0 FR940527-2-00075 0
441 0 FR940527-2-00135 0
441 0 FR940603-0-00033 0
441 0 FR940603-1-00002 0
441 0 FR940603-2-00046 0
441 0 FR940603-2-00059 0
441 0 FR940603-2-00060 0
441 0 FR940603-2-00152 0
441 0 FR940606-0-00004 0
441 0 FR940606-0-00013 0
441 0 FR940606-0-00015 0
441 0 FR940607-2-00038 0
441 0 FR940610-1-00052 0
441 0 FR940610-1-00053 0
441 0 FR940610-2-00023 0
441 0 FR940610-2-00069 0
441 0 FR940610-2-00074 0
441 0 FR940610-2-00077 0
441 0 FR940613-0-00039 0
441 0 FR940616-0-00081 0
441 0 FR940617-0-00056 0
441 0 FR940617-1-00033 0
441 0 FR940617-1-00098 0
441 0 FR940617-2-00106 0
441 0 FR940617-2-00110 0
441 0 FR940620-2-00027 0
441 0 FR940620-2-00117 0
441 0 FR940620-2-00119 0
441 0 FR940620-2-00122 0
441 0 FR940621-2-00048 0
441 0 FR940622-2-00075 0
441 0 FR940627-2-00072 0
441 0 FR940627-2-00073 0
441 0 FR940628-1-00002 0
441 0 FR940628-1-00003 0
441 0 FR940628-1-00046 0
441 0 FR940628-2-00002 0
441 0 FR940628-2-00048 0
441 0 FR940628-2-00054 0
441 0 FR940705-2-00081 0
441 0 FR940705-2-00140 0
441 0 FR940705-2-00184 0
441 0 FR940705-2-00186 0
441 0 FR940705-2-00218 0
441 0 FR940706-2-00076 0
441 0 FR940706-2-00126 0
441 0 FR940712-0-00007 0
441 0 FR940712-2-00054 0
441 0 FR940712-2-00056 0
441 0 FR940712-2-00059 0
441 0 FR940712-2-00061 0
441 0 FR940712-2-00062 0
441 0 FR940712-2-00063 0
441 0 FR940712-2-00067 0
441 0 FR940713-2-00046 0
441 0 FR940713-2-00061 0
441 0 FR940713-2-00062 0
441 0 FR940719-2-00089 0
441 0 FR940721-2-00045 0
441 0 FR940721-2-00049 0
441 0 FR940722-0-00035 0
441 0 FR940725-2-00003 0
441 0 FR940725-2-00067 0
441 0 FR940728-2-00084 0
441 0 FR940728-2-00086 0
441 0 FR940802-1-00012 0
441 0 FR940802-2-00130 0
441 0 FR940803-0-00042 0
441 0 FR940803-2-00045 0
441 0 FR940803-2-00061 0
441 0 FR940804-2-00091 0
441 0 FR940805-1-00059 0
441 0 FR940805-1-00072 0
441 0 FR940805-1-00088 0
441 0 FR940810-0-00019 0
441 0 FR940810-2-00039 0
441 0 FR940810-2-00042 0
441 0 FR940816-2-00066 0
441 0 FR940816-2-00071 0
441 0 FR940817-0-00033 0
441 0 FR940817-2-00107 0
441 0 FR940817-2-00213 0
441 0 FR940817-2-00221 0
441 0 FR940817-2-00243 0
441 0 FR940819-2-00074 0
441 0 FR940822-0-00023 0
441 0 FR940822-0-00024 0
441 0 FR940822-0-00067 0
441 0 FR940822-0-00077 0
441 0 FR940825-0-00006 0
441 0 FR940825-2-00070 0
441 0 FR940825-2-00071 0
441 0 FR940825-2-00078 0
441 0 FR940826-1-00045 0
441 0 FR940830-0-00005 0
441 0 FR940830-2-00067 0
441 0 FR940831-1-00024 0
441 0 FR940831-2-00107 0
441 0 FR940902-1-00048 0
441 0 FR940902-2-00035 0
441 0 FR940902-2-00036 0
441 0 FR940906-2-00048 0
441 0 FR940906-2-00132 0
441 0 FR940912-1-00065 0
441 0 FR940916-2-00057 0
441 0 FR940919-0-00095 0
441 0 FR940919-0-00104 0
441 0 FR940919-0-00124 0
441 0 FR940919-0-00126 0
441 0 FR940920-2-00076 0
441 0 FR940920-2-00080 0
441 0 FR940920-2-00081 0
441 0 FR940920-2-00083 0
441 0 FR940921-2-00037 0
441 0 FR940922-0-00048 1
441 0 FR940926-0-00020 0
441 0 FR940928-2-00044 0
441 0 FR940930-0-00120 0
441 0 FR940930-2-00055 0
441 0 FR940930-2-00058 0
441 0 FR940930-2-00066 0
441 0 FR941003-2-00068 0
441 0 FR941004-2-00099 0
441 0 FR941006-2-00064 0
441 0 FR941007-0-00030 0
441 0 FR941007-2-00070 0
441 0 FR941007-2-00071 0
441 0 FR941007-2-00139 0
441 0 FR941011-2-00100 0
441 0 FR941012-2-00080 0
441 0 FR941012-2-00106 0
441 0 FR941017-1-00040 0
441 0 FR941021-1-00050 0
441 0 FR941021-2-00060 0
441 0 FR941021-2-00061 0
441 0 FR941025-2-00058 0
441 0 FR941025-2-00062 0
441 0 FR941026-2-00082 0
441 0 FR941027-2-00067 0
441 0 FR941027-2-00070 0
441 0 FR941027-2-00075 0
441 0 FR941028-2-00024 0
441 0 FR941028-2-00153 0
441 0 FR941028-2-00159 0
441 0 FR941028-2-00176 0
441 0 FR941028-2-00208 0
441 0 FR941028-2-00215 0
441 0 FR941028-2-00216 0
441 0 FR941028-2-00217 0
441 0 FR941028-2-00218 0
441 0 FR941103-2-00021 0
441 0 FR941107-2-00216 0
441 0 FR941107-2-00217 0
441 0 FR941107-2-00218 0
441 0 FR941107-2-00220 0
441 0 FR941107-2-00229 0
441 0 FR941107-2-00230 0
441 0 FR941107-2-00232 0
441 0 FR941107-2-00233 0
441 0 FR941110-0-00237 0
441 0 FR941117-0-00029 0
441 0 FR941117-2-00158 0
441 0 FR941121-2-00068 0
441 0 FR941121-2-00069 0
441 0 FR941122-2-00060 0
441 0 FR941122-2-00079 0
441 0 FR941202-0-00029 0
441 0 FR941205-2-00033 0
441 0 FR941207-2-00068 0
441 0 FR941213-2-00039 0
441 0 FR941220-1-00027 0
441 0 FR941220-1-00031 0
441 0 FR941220-1-00044 0
441 0 FR941221-1-00030 0
441 0 FR941221-1-00033 1
441 0 FR941221-1-00039 1
441 0 FR941221-2-00128 0
441 0 FR941222-1-00072 0
441 0 FR941230-0-00119 0
441 0 FT911-1143 0
441 0 FT911-1686 0
441 0 FT911-2716 0
441 0 FT911-2806 0
441 0 FT911-2892 0
441 0 FT911-4014 0
441 0 FT911-4087 0
441 0 FT911-4590 0
441 0 FT921-10190 0
441 0 FT921-10261 0
441 0 FT921-10742 0
441 0 FT921-10750 0
441 0 FT921-10888 0
441 0 FT921-11140 0
441 0 FT921-1150 0
441 0 FT921-11910 0
441 0 FT921-12003 0
441 0 FT921-13424 0
441 0 FT921-14339 0
441 0 FT921-14452 0
441 0 FT921-15676 0
441 0 FT921-16134 0
441 0 FT921-16135 0
441 0 FT921-16191 0
441 0 FT921-16208 0
441 0 FT921-16322 0
441 0 FT921-16643 0
441 0 FT921-310 0
441 0 FT921-359 0
441 0 FT921-4721 0
441 0 FT921-4829 0
441 0 FT921-537 0
441 0 FT921-5709 0
441 0 FT921-7393 0
441 0 FT921-7951 0
441 0 FT921-8131 0
441 0 FT921-8315 0
441 0 FT921-9310 0
441 0 FT921-9505 0
441 0 FT922-10209 0
441 0 FT922-12131 0
441 0 FT922-13330 0
441 0 FT922-15167 0
441 0 FT922-2251 0
441 0 FT922-299 0
441 0 FT922-4053 0
441 0 FT922-4449 0
441 0 FT922-448 0
441 0 FT922-4926 0
441 0 FT922-7419 0
441 0 FT922-9138 0
441 0 FT922-9796 0
441 0 FT922-9957 0
441 0 FT923-11350 0
441 0 FT923-11693 0
441 0 FT923-11885 0
441 0 FT923-12060 0
441 0 FT923-12845 0
441 0 FT923-14836 0
441 0 FT923-14971 0
441 0 FT923-15575 0
441 0 FT923-3278 0
441 0 FT923-5148 0
441 0 FT923-528 0
441 0 FT923-5538 0
441 0 FT923-598 0
441 0 FT923-5981 0
441 0 FT923-673 0
441 0 FT923-6864 0
441 0 FT923-8974 0
441 0 FT923-9266 0
441 0 FT924-10987 0
441 0 FT924-1170 0
441 0 FT924-11882 0
441 0 FT924-1254 0
441 0 FT924-2357 0
441 0 FT924-310 0
441 0 FT924-4737 0
441 0 FT924-5259 0
441 0 FT924-5307 0
441 0 FT924-6140 0
441 0 FT924-8428 0
441 0 FT924-8967 0
441 0 FT924-8971 0
441 0 FT924-9740 0
441 0 FT931-10954 0
441 0 FT931-12903 0
441 0 FT931-1335 0
441 0 FT931-14151 0
441 0 FT931-15225 0
441 0 FT931-15924 0
441 0 FT931-1909 0
441 0 FT931-419 0
441 0 FT931-5547 0
441 0 FT931-614 0
441 0 FT931-7060 0
441 0 FT931-9129 0
441 0 FT932-12232 0
441 0 FT932-1265 0
441 0 FT932-12777 0
441 0 FT932-13227 0
441 0 FT932-13769 0
441 0 FT932-15388 0
441 0 FT932-15510 0
441 0 FT932-16160 0
441 0 FT932-2515 0
441 0 FT932-2516 0
441 0 FT932-3794 0
441 0 FT932-3963 0
441 0 FT932-4292 0
441 0 FT932-4317 0
441 0 FT932-4643 0
441 0 FT932-4805 0
441 0 FT932-491 0
441 0 FT932-5810 0
441 0 FT932-613 0
441 0 FT932-623 0
441 0 FT932-7262 0
441 0 FT933-11998 0
441 0 FT933-12864 0
441 0 FT933-14628 0
441 0 FT933-16948 0
441 0 FT933-4681 0
441 0 FT933-4868 0
441 0 FT933-5254 0
441 0 FT933-5693 0
441 0 FT933-5736 0
441 0 FT933-5910 0
441 0 FT933-7658 0
441 0 FT933-8272 0
441 0 FT933-880 0
441 0 FT933-9041 0
441 0 FT933-9350 0
441 0 FT934-10458 0
441 0 FT934-10620 0
441 0 FT934-11977 0
441 0 FT934-1290 0
441 0 FT934-12933 0
441 0 FT934-15411 0
441 0 FT934-15865 0
441 0 FT934-347 0
441 0 FT934-5175 0
441 0 FT934-5207 0
441 0 FT934-6716 0
441 0 FT934-6864 0
441 0 FT934-7150 0
441 0 FT934-7268 0
441 0 FT934-9726 0
441 0 FT941-11881 0
441 0 FT941-13857 0
441 0 FT941-1547 0
441 0 FT941-15850 0
441 0 FT941-15902 0
441 0 FT941-170 0
441 0 FT941-190 0
441 0 FT941-5519 0
441 0 FT941-5713 0
441 0 FT941-6496 0
441 0 FT941-7587 0
441 0 FT941-841 0
441 0 FT941-9662 0
441 0 FT941-9667 0
441 0 FT942-10057 0
441 0 FT942-1099 0
441 0 FT942-11035 0
441 0 FT942-12310 0
441 0 FT942-12479 0
441 0 FT942-14105 0
441 0 FT942-16800 0
441 0 FT942-17133 0
441 0 FT942-17141 0
441 0 FT942-17143 0
441 0 FT942-17260 0
441 0 FT942-2140 0
441 0 FT942-2461 0
441 0 FT942-3990 0
441 0 FT942-6092 0
441 0 FT942-628 0
441 0 FT942-6645 0
441 0 FT942-7 0
441 0 FT942-7603 0
441 0 FT942-8985 0
441 0 FT942-9189 0
441 0 FT942-972 0
441 0 FT943-1002 0
441 0 FT943-10078 0
441 0 FT943-1140 0
441 0 FT943-11853 0
441 0 FT943-12041 0
441 0 FT943-13932 0
441 0 FT943-14037 0
441 0 FT943-14461 0
441 0 FT943-14714 0
441 0 FT943-15179 0
441 0 FT943-15886 0
441 0 FT943-16404 0
441 0 FT943-208 0
441 0 FT943-2955 0
441 0 FT943-3268 0
441 0 FT943-4589 0
441 0 FT943-4851 0
441 0 FT943-6757 0
441 0 FT943-677 0
441 0 FT943-6896 0
441 0 FT943-7095 0
441 0 FT943-9078 0
441 0 FT943-9238 0
441 0 FT943-979 0
441 0 FT943-9853 0
441 0 FT944-10282 0
441 0 FT944-10375 0
441 0 FT944-10827 0
441 0 FT944-11241 0
441 0 FT944-12625 0
441 0 FT944-12844 0
441 0 FT944-12887 0
441 0 FT944-13579 0
441 0 FT944-13990 0
441 0 FT944-13995 0
441 0 FT944-14035 0
441 0 FT944-14469 0
441 0 FT944-16329 0
441 0 FT944-16464 0
441 0 FT944-18523 0
441 0 FT944-18645 0
441 0 FT944-1882 0
441 0 FT944-18821 0
441 0 FT944-1950 0
441 0 FT944-2089 0
441 0 FT944-2160 0
441 0 FT944-2254 0
441 0 FT944-2256 0
441 0 FT944-2261 0
441 0 FT944-2695 0
441 0 FT944-3523 0
441 0 FT944-3562 0
441 0 FT944-3850 0
441 0 FT944-4245 0
441 0 FT944-517 0
441 0 FT944-5785 0
441 0 FT944-5940 0
441 0 FT944-6035 0
441 0 FT944-6546 0
441 0 FT944-6607 0
441 0 FT944-8056 0
441 0 FT944-893 0
441 0 FT944-9617 0
441 0 LA010490-0006 0
441 0 LA010490-0007 0
441 0 LA010490-0008 0
441 0 LA010490-0009 0
441 0 LA010490-0010 0
441 0 LA010490-0011 0
441 0 LA010490-0012 0
441 0 LA010490-0013 0
441 0 LA010490-0014 0
441 0 LA010490-0015 0
441 0 LA010490-0016 0
441 0 LA010490-0017 0
441 0 LA010490-0018 0
441 0 LA010490-0019 0
441 0 LA010490-0020 0
441 0 LA010490-0021 0
441 0 LA010490-0022 0
441 0 LA010490-0023 0
441 0 LA010490-0024 0
441 0 LA010490-0025 0
441 0 LA010490-0026 0
441 0 LA010490-0027 0
441 0 LA010490-0028 0
441 0 LA010490-0029 0
441 0 LA010490-0030 0
441 0 LA010490-0031 0
441 0 LA010490-0032 0
441 0 LA010490-0033 0
441 0 LA010490-0034 0
441 0 LA010490-0035 0
441 0 LA010490-0036 0
441 0 LA010490-0037 0
441 0 LA010490-0038 0
441 0 LA010490-0039 0
441 0 LA010490-0040 0
441 0 LA010490-0041 0
441 0 LA010490-0042 0
441 0 LA010490-0043 0
441 0 LA010490-0044 0
441 0 LA010490-0045 0
441 0 LA010490-0046 0
441 0 LA010490-0047 0
441 0 LA010490-0048 0
441 0 LA010490-0049 0
441 0 LA010490-0050 0
441 0 LA010490-0051 0
441 0 LA010490-0052 0
441 0 LA010490-0053 0
441 0 LA010490-0054 0
441 0 LA010490-0055 0
441 0 LA010490-0056 0
441 0 LA010490-0057 0
441 0 LA010490-0058 0
441 0 LA010490-0059 0
441 0 LA010490-0060 0
441 0 LA010490-0061 0
441 0 LA010490-0062 0
441 0 LA010490-0063 0
441 0 LA010490-0064 0
441 0 LA010490-0065 0
441 0 LA010490-0066 0
441 0 LA010490-0067 0
441 0 LA010490-0068 0
441 0 LA010490-0069 0
441 0 LA010490-0070 0
441 0 LA010490-0071 0
441 0 LA010490-0072 0
441 0 LA010490-0073 0
441 0 LA010490-0074 0
441 0 LA010490-0075 0
441 0 LA010490-0076 0
441 0 LA010490-0077 0
441 0 LA010490-0078 0
441 0 LA010490-0079 0
441 0 LA010490-0080 0
441 0 LA010490-0081 0
441 0 LA010490-0082 0
441 0 LA010490-0083 0
441 0 LA010490-0084 0
441 0 LA010490-0085 0
441 0 LA010490-0086 0
441 0 LA010490-0087 0
441 0 LA010490-0088 0
441 0 LA010490-0089 0
441 0 LA010490-0090 0
441 0 LA010490-0091 0
441 0 LA010490-0092 0
441 0 LA010490-0093 0
441 0 LA010490-0094 0
441 0 LA010490-0095 0
441 0 LA010490-0096 0
441 0 LA010490-0097 0
441 0 LA010490-0098 0
441 0 LA010490-0099 0
441 0 LA010590-0062 0
441 0 LA010590-0064 0
441 0 LA010690-0091 0
441 0 LA010790-0029 0
441 0 LA010790-0212 0
441 0 LA010890-0029 0
441 0 LA010989-0047 0
441 0 LA011089-0008 0
441 0 LA011289-0149 0
441 0 LA011490-0133 0
441 0 LA011589-0005 0
441 0 LA011589-0027 0
441 0 LA011590-0097 0
441 0 LA011689-0003 0
441 0 LA011890-0021 0
441 0 LA011890-0024 0
441 0 LA012090-0059 0
441 0 LA012290-0038 0
441 0 LA012489-0078 0
441 0 LA012490-0120 0
441 0 LA012690-0099 0
441 0 LA012890-0114 0
441 0 LA013090-0111 0
441 0 LA020189-0049 0
441 0 LA020190-0043 0
441 0 LA020389-0033 0
441 0 LA020590-0053 0
441 0 LA020689-0061 0
441 0 LA020789-0010 0
441 0 LA020989-0137 0
441 0 LA021089-0070 0
441 0 LA021090-0128 0
441 0 LA021189-0114 0
441 0 LA021389-0067 0
441 0 LA021590-0067 0
441 0 LA021690-0081 0
441 0 LA021789-0036 0
441 0 LA021890-0038 0
441 0 LA021990-0053 0
441 0 LA022189-0016 0
441 0 LA022190-0022 0
441 0 LA022290-0150 0
441 0 LA022489-0079 0
441 0 LA022489-0135 0
441 0 LA022489-0166 0
441 0 LA022589-0086 0
441 0 LA022689-0006 0
441 0 LA022689-0217 0
441 0 LA022789-0085 0
441 0 LA022889-0014 0
441 0 LA030390-0089 0
441 0 LA030490-0017 0
441 0 LA030490-0121 0
441 0 LA030589-0108 0
441 0 LA030589-0251 0
441 0 LA030789-0058 0
441 0 LA030790-0084 0
441 0 LA030890-0110 0
441 0 LA030890-0166 0
441 0 LA031089-0169 0
441 0 LA031090-0131 0
441 0 LA031190-0011 0
441 0 LA031289-0009 0
441 0 LA031389-0016 0
441 0 LA031390-0113 0
441 0 LA031490-0028 0
441 0 LA031990-0052 0
441 0 LA032089-0015 0
441 0 LA032089-0016 0
441 0 LA032190-0081 0
441 0 LA032289-0014 0
441 0 LA032290-0110 0
441 0 LA032389-0106 0
441 0 LA032390-0070 0
441 0 LA032590-0128 0
441 0 LA033089-0019 0
441 0 LA033089-0202 0
441 0 LA033190-0001 0
441 0 LA040190-0221 0
441 0 LA040289-0070 0
441 0 LA040390-0158 0
441 0 LA040490-0011 0
441 0 LA040590-0209 0
441 0 LA040790-0154 0
441 0 LA040890-0084 0
441 0 LA040989-0094 0
441 0 LA040990-0045 0
441 0 LA040990-0066 0
441 0 LA041390-0070 0
441 0 LA041490-0129 0
441 0 LA041590-0046 0
441 0 LA041690-0042 0
441 0 LA041690-0044 0
441 0 LA041789-0063 0
441 0 LA041790-0126 0
441 0 LA041889-0082 0
441 0 LA042090-0081 0
441 0 LA042190-0056 0
441 0 LA042289-0001 0
441 0 LA042290-0104 0
441 0 LA042389-0154 0
441 0 LA042489-0065 0
441 0 LA042590-0136 0
441 0 LA042789-0140 0
441 0 LA042889-0070 0
441 0 LA042990-0138 0
441 0 LA050189-0014 0
441 0 LA050290-0172 0
441 0 LA050390-0212 0
441 0 LA050390-0242 0
441 0 LA050490-0049 0
441 0 LA050689-0091 0
441 0 LA050690-0198 0
441 0 LA050789-0131 0
441 0 LA050790-0123 0
441 0 LA050889-0015 0
441 0 LA050889-0049 0
441 0 LA051090-0141 0
441 0 LA051189-0020 0
441 0 LA051190-0179 0
441 0 LA051690-0132 0
441 0 LA051790-0095 0
441 0 LA051890-0016 0
441 0 LA052190-0047 0
441 0 LA052789-0045 0
441 0 LA052889-0107 0
441 0 LA060189-0089 0
441 0 LA060289-0090 0
441 0 LA060490-0010 0
441 0 LA060490-0083 0
441 0 LA060589-0049 0
441 0 LA060589-0053 0
441 0 LA060689-0075 0
441 0 LA060890-0027 0
441 0 LA061190-0013 0
441 0 LA061289-0004 0
441 0 LA061290-0185 0
441 0 LA061390-0002 0
441 0 LA061390-0007 0
441 0 LA061589-0030 0
441 0 LA061589-0094 0
441 0 LA061689-0054 0
441 0 LA061790-0071 0
441 0 LA061889-0205 0
441 0 LA061989-0045 0
441 0 LA062189-0015 0
441 0 LA062290-0024 0
441 0 LA062389-0056 0
441 0 LA062389-0128 0
441 0 LA062489-0134 0
441 0 LA062890-0104 0
441 0 LA070289-0104 0
441 0 LA070390-0042 0
441 0 LA070390-0087 0
441 0 LA070489-0051 0
441 0 LA070689-0080 0
441 0 LA070690-0177 0
441 0 LA070890-0150 0
441 0 LA071090-0010 0
441 0 LA071190-0137 0
441 0 LA071290-0133 0
441 0 LA071590-0111 0
441 0 LA071590-0202 0
441 0 LA071689-0215 0
441 0 LA072089-0177 0
441 0 LA072390-0003 0
441 0 LA072489-0041 0
441 0 LA072590-0057 0
441 0 LA072690-0122 0
441 0 LA072789-0084 0
441 0 LA072990-0014 0
441 0 LA073090-0057 0
441 0 LA073189-0040 0
441 0 LA073190-0159 0
441 0 LA080190-0001 0
441 0 LA080190-0140 0
441 0 LA080290-0048 0
441 0 LA080290-0073 0
441 0 LA080489-0045 0
441 0 LA080589-0052 0
441 0 LA080589-0091 0
441 0 LA080789-0031 0
441 0 LA081089-0049 0
441 0 LA081290-0070 0
441 0 LA081389-0044 0
441 0 LA081390-0052 0
441 0 LA081390-0053 0
441 0 LA081889-0061 0
441 0 LA081989-0049 0
441 0 LA081990-0064 0
441 0 LA081990-0219 0
441 0 LA082089-0024 0
441 0 LA082090-0069 0
441 0 LA082390-0094 0
441 0 LA082489-0024 0
441 0 LA082489-0115 0
441 0 LA082490-0065 0
441 0 LA082689-0128 0
441 0 LA082889-0046 0
441 0 LA082890-0074 0
441 0 LA090189-0093 0
441 0 LA090389-0155 0
441 0 LA090490-0021 0
441 0 LA091390-0084 0
441 0 LA091390-0213 0
441 0 LA091489-0031 0
441 0 LA091489-0130 0
441 0 LA091489-0204 0
441 0 LA091789-0058 0
441 0 LA091890-0056 0
441 0 LA091989-0087 0
441 0 LA092089-0020 0
441 0 LA092089-0117 0
441 0 LA092189-0046 0
441 0 LA092290-0081 0
441 0 LA092490-0069 0
441 0 LA092589-0002 0
441 0 LA092589-0071 0
441 0 LA092589-0083 0
441 0 LA092590-0185 0
441 0 LA092890-0010 0
441 0 LA092890-0127 0
441 0 LA100189-0047 0
441 0 LA100490-0220 0
441 0 LA100590-0195 0
441 0 LA100789-0125 0
441 0 LA100790-0252 0
441 0 LA100889-0041 0
441 0 LA100889-0136 0
441 0 LA100889-0146 0
441 0 LA100889-0155 0
441 0 LA101089-0113 0
441 0 LA101090-0147 0
441 0 LA101289-0068 0
441 0 LA101289-0111 0
441 0 LA101589-0186 0
441 0 LA101689-0021 0
441 0 LA101689-0055 0
441 0 LA101689-0060 0
441 0 LA101690-0040 0
441 0 LA101889-0091 0
441 0 LA101989-0210 0
441 0 LA102190-0157 0
441 0 LA102389-0100 0
441 0 LA102789-0141 0
441 0 LA102989-0049 0
441 0 LA102989-0126 0
441 0 LA102990-0098 0
441 0 LA110190-0081 0
441 0 LA110290-0095 0
441 0 LA110290-0100 0
441 0 LA110290-0126 0
441 0 LA110389-0010 0
441 0 LA110389-0072 0
441 0 LA110589-0189 0
441 0 LA110590-0024 0
441 0 LA110689-0060 0
441 0 LA110690-0014 0
441 0 LA110690-0193 0
441 0 LA110989-0114 0
441 0 LA110989-0214 0
441 0 LA111090-0106 0
441 0 LA111189-0018 0
441 0 LA111190-0161 0
441 0 LA111390-0102 1
441 0 LA111590-0227 0
441 0 LA111689-0145 0
441 0 LA111989-0024 0
441 0 LA112089-0054 0
441 0 LA112090-0153 0
441 0 LA112390-0084 0
441 0 LA112490-0108 0
441 0 LA112690-0028 0
441 0 LA112690-0079 0
441 0 LA112889-0031 0
441 0 LA112990-0145 0
441 0 LA113089-0213 0
441 0 LA120689-0090 0
441 0 LA120690-0155 0
441 0 LA120690-0159 0
441 0 LA120690-0203 0
441 0 LA120789-0120 0
441 0 LA120789-0237 0
441 0 LA120889-0104 0
441 0 LA120990-0167 0
441 0 LA121089-0235 0
441 0 LA121189-0042 0
441 0 LA121590-0028 0
441 0 LA121689-0034 0
441 0 LA121690-0061 0
441 0 LA121790-0082 0
441 0 LA121990-0118 0
441 0 LA122089-0062 0
441 0 LA122289-0169 0
441 0 LA122290-0138 0
441 0 LA122589-0047 0
441 0 LA122589-0099 0
441 0 LA122590-0033 0
441 0 LA122590-0066 0
441 0 LA122689-0070 0
441 0 LA122890-0102 0
441 0 LA122989-0042 0
441 0 LA123190-0047 0
