426 0 FBIS3-11731 0
426 0 FBIS3-12504 0
426 0 FBIS3-13157 0
426 0 FBIS3-13222 0
426 0 FBIS3-1424 0
426 0 FBIS3-1448 0
426 0 FBIS3-14832 0
426 0 FBIS3-15592 0
426 0 FBIS3-15636 0
426 0 FBIS3-1572 0
426 0 FBIS3-16075 0
426 0 FBIS3-1619 0
426 0 FBIS3-1687 0
426 0 FBIS3-1692 0
426 0 FBIS3-1698 0
426 0 FBIS3-17031 0
426 0 FBIS3-18 0
426 0 FBIS3-1876 0
426 0 FBIS3-18879 0
426 0 FBIS3-1937 0
426 0 FBIS3-1945 0
426 0 FBIS3-1956 0
426 0 FBIS3-20424 0
426 0 FBIS3-20444 0
426 0 FBIS3-2047 0
426 0 FBIS3-2055 0
426 0 FBIS3-20797 0
426 0 FBIS3-2114 0
426 0 FBIS3-2115 0
426 0 FBIS3-21193 0
426 0 FBIS3-21464 0
426 0 FBIS3-21674 0
426 0 FBIS3-21694 1
426 0 FBIS3-21762 0
426 0 FBIS3-21879 1
426 0 FBIS3-21891 1
426 0 FBIS3-21899 1
426 0 FBIS3-21914 1
426 0 FBIS3-21949 0
426 0 FBIS3-21966 1
426 0 FBIS3-21975 1
426 0 FBIS3-21977 0
426 0 FBIS3-21978 1
426 0 FBIS3-21999 1
426 0 FBIS3-22094 1
426 0 FBIS3-22101 1
426 0 FBIS3-2212 0
426 0 FBIS3-22547 0
426 0 FBIS3-22622 0
426 0 FBIS3-22643 0
426 0 FBIS3-2337 0
426 0 FBIS3-23482 1
426 0 FBIS3-23751 0
426 0 FBIS3-23786 1
426 0 FBIS3-24043 1
426 0 FBIS3-24072 0
426 0 FBIS3-24088 0
426 0 FBIS3-24133 0
426 0 FBIS3-24145 0
426 0 FBIS3-24228 0
426 0 FBIS3-24288 1
426 0 FBIS3-24318 0
426 0 FBIS3-24469 0
426 0 FBIS3-2455 0
426 0 FBIS3-24653 0
426 0 FBIS3-2516 0
426 0 FBIS3-2529 0
426 0 FBIS3-26 0
426 0 FBIS3-26025 0
426 0 FBIS3-26064 0
426 0 FBIS3-2612 0
426 0 FBIS3-26212 0
426 0 FBIS3-26218 0
426 0 FBIS3-26359 0
426 0 FBIS3-26371 0
426 0 FBIS3-26720 0
426 0 FBIS3-26805 0
426 0 FBIS3-26825 0
426 0 FBIS3-26913 0
426 0 FBIS3-26918 0
426 0 FBIS3-27051 0
426 0 FBIS3-2730 0
426 0 FBIS3-27407 0
426 0 FBIS3-27465 0
426 0 FBIS3-27474 0
426 0 FBIS3-28 0
426 0 FBIS3-2824 0
426 0 FBIS3-28702 0
426 0 FBIS3-2913 0
426 0 FBIS3-2934 0
426 0 FBIS3-3012 0
426 0 FBIS3-3020 0
426 0 FBIS3-3021 0
426 0 FBIS3-3094 0
426 0 FBIS3-32 0
426 0 FBIS3-3228 0
426 0 FBIS3-32560 0
426 0 FBIS3-32874 0
426 0 FBIS3-3302 0
426 0 FBIS3-33681 0
426 0 FBIS3-3382 0
426 0 FBIS3-33849 0
426 0 FBIS3-3411 0
426 0 FBIS3-3417 0
426 0 FBIS3-34292 0
426 0 FBIS3-34336 0
426 0 FBIS3-3491 0
426 0 FBIS3-35830 0
426 0 FBIS3-36078 0
426 0 FBIS3-36385 0
426 0 FBIS3-3729 0
426 0 FBIS3-3743 0
426 0 FBIS3-37947 0
426 0 FBIS3-38544 0
426 0 FBIS3-3958 0
426 0 FBIS3-39883 0
426 0 FBIS3-40076 0
426 0 FBIS3-40162 0
426 0 FBIS3-40450 0
426 0 FBIS3-40497 0
426 0 FBIS3-40705 0
426 0 FBIS3-41113 0
426 0 FBIS3-41135 1
426 0 FBIS3-41239 0
426 0 FBIS3-41259 0
426 0 FBIS3-41331 1
426 0 FBIS3-41360 0
426 0 FBIS3-41363 0
426 0 FBIS3-42163 1
426 0 FBIS3-42242 0
426 0 FBIS3-42399 0
426 0 FBIS3-42400 0
426 0 FBIS3-42405 0
426 0 FBIS3-42459 0
426 0 FBIS3-42821 0
426 0 FBIS3-42940 0
426 0 FBIS3-43132 0
426 0 FBIS3-43142 0
426 0 FBIS3-43160 0
426 0 FBIS3-43186 0
426 0 FBIS3-43196 0
426 0 FBIS3-43214 0
426 0 FBIS3-43602 0
426 0 FBIS3-44 0
426 0 FBIS3-44372 0
426 0 FBIS3-4461 0
426 0 FBIS3-44617 0
426 0 FBIS3-44835 0
426 0 FBIS3-44971 0
426 0 FBIS3-45072 0
426 0 FBIS3-45386 0
426 0 FBIS3-45640 0
426 0 FBIS3-45675 0
426 0 FBIS3-45822 0
426 0 FBIS3-46100 0
426 0 FBIS3-46116 0
426 0 FBIS3-46587 0
426 0 FBIS3-466 0
426 0 FBIS3-46614 0
426 0 FBIS3-4662 0
426 0 FBIS3-48 0
426 0 FBIS3-4812 0
426 0 FBIS3-4909 0
426 0 FBIS3-5197 0
426 0 FBIS3-5210 0
426 0 FBIS3-54461 0
426 0 FBIS3-55959 1
426 0 FBIS3-57019 0
426 0 FBIS3-57217 0
426 0 FBIS3-57582 0
426 0 FBIS3-5808 0
426 0 FBIS3-5834 0
426 0 FBIS3-584 0
426 0 FBIS3-59296 0
426 0 FBIS3-59325 0
426 0 FBIS3-59395 0
426 0 FBIS3-59433 0
426 0 FBIS3-60 0
426 0 FBIS3-60000 0
426 0 FBIS3-60008 1
426 0 FBIS3-60178 0
426 0 FBIS3-60179 0
426 0 FBIS3-60336 0
426 0 FBIS3-60431 0
426 0 FBIS3-61562 0
426 0 FBIS3-6482 0
426 0 FBIS3-661 0
426 0 FBIS3-712 0
426 0 FBIS3-7252 1
426 0 FBIS3-751 0
426 0 FBIS3-767 0
426 0 FBIS3-794 1
426 0 FBIS3-8 0
426 0 FBIS3-928 0
426 0 FBIS4-11284 0
426 0 FBIS4-1141 0
426 0 FBIS4-1244 1
426 0 FBIS4-1245 1
426 0 FBIS4-1531 0
426 0 FBIS4-1537 0
426 0 FBIS4-1549 0
426 0 FBIS4-1627 0
426 0 FBIS4-1668 0
426 0 FBIS4-1671 0
426 0 FBIS4-16951 0
426 0 FBIS4-17908 1
426 0 FBIS4-17994 0
426 0 FBIS4-18238 0
426 0 FBIS4-1842 0
426 0 FBIS4-1843 0
426 0 FBIS4-1844 0
426 0 FBIS4-1860 0
426 0 FBIS4-1865 0
426 0 FBIS4-1866 0
426 0 FBIS4-19 0
426 0 FBIS4-19744 0
426 0 FBIS4-2047 0
426 0 FBIS4-2048 0
426 0 FBIS4-2049 0
426 0 FBIS4-20504 0
426 0 FBIS4-20553 0
426 0 FBIS4-21024 1
426 0 FBIS4-21081 0
426 0 FBIS4-2111 0
426 0 FBIS4-2114 0
426 0 FBIS4-2115 0
426 0 FBIS4-21265 1
426 0 FBIS4-21328 1
426 0 FBIS4-21960 0
426 0 FBIS4-2201 0
426 0 FBIS4-22220 0
426 0 FBIS4-22662 0
426 0 FBIS4-22703 0
426 0 FBIS4-22773 0
426 0 FBIS4-23112 0
426 0 FBIS4-23114 0
426 0 FBIS4-23131 0
426 0 FBIS4-2413 0
426 0 FBIS4-2458 0
426 0 FBIS4-24629 0
426 0 FBIS4-24957 0
426 0 FBIS4-2498 0
426 0 FBIS4-25159 0
426 0 FBIS4-25161 0
426 0 FBIS4-25224 0
426 0 FBIS4-25614 0
426 0 FBIS4-25979 0
426 0 FBIS4-26002 0
426 0 FBIS4-26038 0
426 0 FBIS4-26052 0
426 0 FBIS4-26053 0
426 0 FBIS4-26097 0
426 0 FBIS4-26398 0
426 0 FBIS4-26545 0
426 0 FBIS4-26645 0
426 0 FBIS4-26738 0
426 0 FBIS4-26946 0
426 0 FBIS4-2721 0
426 0 FBIS4-27389 0
426 0 FBIS4-27798 0
426 0 FBIS4-28068 0
426 0 FBIS4-28712 0
426 0 FBIS4-29 0
426 0 FBIS4-29283 0
426 0 FBIS4-3046 0
426 0 FBIS4-31030 0
426 0 FBIS4-3114 0
426 0 FBIS4-3199 1
426 0 FBIS4-3223 0
426 0 FBIS4-3230 0
426 0 FBIS4-3367 0
426 0 FBIS4-33740 0
426 0 FBIS4-34515 0
426 0 FBIS4-3463 0
426 0 FBIS4-3489 0
426 0 FBIS4-34934 0
426 0 FBIS4-3617 0
426 0 FBIS4-3758 0
426 0 FBIS4-38409 0
426 0 FBIS4-38410 0
426 0 FBIS4-38462 0
426 0 FBIS4-38481 0
426 0 FBIS4-3925 0
426 0 FBIS4-39330 0
426 0 FBIS4-39778 0
426 0 FBIS4-4041 0
426 0 FBIS4-4063 0
426 0 FBIS4-4067 0
426 0 FBIS4-4089 0
426 0 FBIS4-41083 0
426 0 FBIS4-4127 1
426 0 FBIS4-41483 0
426 0 FBIS4-41541 0
426 0 FBIS4-42 0
426 0 FBIS4-42820 0
426 0 FBIS4-4294 0
426 0 FBIS4-44356 0
426 0 FBIS4-44396 0
426 0 FBIS4-44912 0
426 0 FBIS4-44913 0
426 0 FBIS4-45041 0
426 0 FBIS4-45157 0
426 0 FBIS4-45204 1
426 0 FBIS4-45219 0
426 0 FBIS4-45241 1
426 0 FBIS4-45336 1
426 0 FBIS4-45472 1
426 0 FBIS4-45552 0
426 0 FBIS4-45582 0
426 0 FBIS4-46469 0
426 0 FBIS4-46733 0
426 0 FBIS4-46806 0
426 0 FBIS4-46819 0
426 0 FBIS4-46935 0
426 0 FBIS4-47118 0
426 0 FBIS4-47629 0
426 0 FBIS4-49021 0
426 0 FBIS4-49107 0
426 0 FBIS4-49108 0
426 0 FBIS4-49245 0
426 0 FBIS4-49284 0
426 0 FBIS4-49285 0
426 0 FBIS4-49668 0
426 0 FBIS4-49754 0
426 0 FBIS4-49832 0
426 0 FBIS4-50026 0
426 0 FBIS4-50195 0
426 0 FBIS4-50246 0
426 0 FBIS4-50314 0
426 0 FBIS4-50703 0
426 0 FBIS4-50706 0
426 0 FBIS4-50807 0
426 0 FBIS4-50811 0
426 0 FBIS4-50901 0
426 0 FBIS4-50981 0
426 0 FBIS4-50993 0
426 0 FBIS4-51088 0
426 0 FBIS4-51932 0
426 0 FBIS4-52045 0
426 0 FBIS4-52752 0
426 0 FBIS4-53607 0
426 0 FBIS4-54149 0
426 0 FBIS4-56187 1
426 0 FBIS4-56582 1
426 0 FBIS4-57200 0
426 0 FBIS4-60400 0
426 0 FBIS4-61123 0
426 0 FBIS4-66161 0
426 0 FBIS4-66183 0
426 0 FBIS4-66185 0
426 0 FBIS4-66308 0
426 0 FBIS4-66382 0
426 0 FBIS4-66951 1
426 0 FBIS4-66965 1
426 0 FBIS4-66975 0
426 0 FBIS4-66995 0
426 0 FBIS4-67060 1
426 0 FBIS4-67112 0
426 0 FBIS4-67231 0
426 0 FBIS4-67264 1
426 0 FBIS4-67301 0
426 0 FBIS4-67309 0
426 0 FBIS4-67533 0
426 0 FBIS4-67542 0
426 0 FBIS4-67764 0
426 0 FBIS4-67811 0
426 0 FBIS4-67877 0
426 0 FBIS4-67881 0
426 0 FBIS4-68220 0
426 0 FBIS4-68245 0
426 0 FBIS4-68275 0
426 0 FBIS4-68344 0
426 0 FBIS4-68346 0
426 0 FBIS4-68349 0
426 0 FBIS4-68356 0
426 0 FBIS4-68357 0
426 0 FBIS4-68416 0
426 0 FBIS4-68427 0
426 0 FBIS4-68445 0
426 0 FBIS4-68472 0
426 0 FBIS4-68519 0
426 0 FBIS4-68535 0
426 0 FBIS4-68681 0
426 0 FBIS4-68688 0
426 0 FBIS4-68720 0
426 0 FBIS4-68751 0
426 0 FBIS4-68893 0
426 0 FBIS4-954 0
426 0 FR940104-0-00003 0
426 0 FR940104-0-00032 0
426 0 FR940104-0-00033 0
426 0 FR940105-0-00044 0
426 0 FR940105-2-00112 0
426 0 FR940106-0-00125 0
426 0 FR940106-0-00126 0
426 0 FR940106-0-00157 0
426 0 FR940106-0-00160 0
426 0 FR940106-0-00162 0
426 0 FR940106-0-00163 0
426 0 FR940106-0-00165 0
426 0 FR940111-0-00089 0
426 0 FR940112-0-00126 0
426 0 FR940112-2-00041 0
426 0 FR940112-2-00095 0
426 0 FR940114-1-00032 0
426 0 FR940114-1-00033 0
426 0 FR940114-1-00040 0
426 0 FR940114-1-00050 0
426 0 FR940114-1-00057 0
426 0 FR940118-1-00021 0
426 0 FR940119-1-00014 0
426 0 FR940119-2-00067 0
426 0 FR940119-2-00115 0
426 0 FR940124-1-00091 0
426 0 FR940126-2-00029 0
426 0 FR940128-2-00176 0
426 0 FR940202-2-00072 0
426 0 FR940202-2-00147 0
426 0 FR940202-2-00154 0
426 0 FR940202-2-00156 0
426 0 FR940203-0-00042 0
426 0 FR940203-0-00084 0
426 0 FR940203-1-00069 0
426 0 FR940204-1-00032 0
426 0 FR940204-2-00087 0
426 0 FR940207-1-00030 0
426 0 FR940208-0-00021 0
426 0 FR940214-0-00092 0
426 0 FR940214-0-00096 0
426 0 FR940214-0-00100 0
426 0 FR940214-0-00101 0
426 0 FR940216-0-00096 0
426 0 FR940216-0-00103 0
426 0 FR940216-0-00122 0
426 0 FR940216-1-00013 0
426 0 FR940216-1-00014 0
426 0 FR940216-1-00015 0
426 0 FR940216-1-00022 0
426 0 FR940223-1-00009 0
426 0 FR940223-2-00042 0
426 0 FR940223-2-00239 0
426 0 FR940228-1-00005 0
426 0 FR940228-2-00077 0
426 0 FR940302-0-00024 0
426 0 FR940302-2-00082 0
426 0 FR940303-1-00005 0
426 0 FR940303-1-00006 0
426 0 FR940303-1-00007 0
426 0 FR940303-1-00008 0
426 0 FR940303-1-00014 0
426 0 FR940303-1-00017 0
426 0 FR940303-1-00021 0
426 0 FR940304-2-00088 0
426 0 FR940304-2-00089 0
426 0 FR940304-2-00090 0
426 0 FR940304-2-00091 0
426 0 FR940304-2-00094 0
426 0 FR940304-2-00095 0
426 0 FR940304-2-00097 0
426 0 FR940304-2-00098 0
426 0 FR940304-2-00099 0
426 0 FR940304-2-00100 0
426 0 FR940304-2-00101 0
426 0 FR940314-0-00004 0
426 0 FR940314-1-00041 0
426 0 FR940314-2-00018 0
426 0 FR940317-1-00090 0
426 0 FR940317-1-00210 0
426 0 FR940317-2-00051 0
426 0 FR940318-0-00099 0
426 0 FR940318-0-00125 0
426 0 FR940318-0-00184 0
426 0 FR940318-1-00028 0
426 0 FR940318-2-00058 0
426 0 FR940323-0-00023 0
426 0 FR940324-0-00005 0
426 0 FR940324-2-00042 0
426 0 FR940325-1-00020 0
426 0 FR940325-1-00062 0
426 0 FR940325-2-00087 0
426 0 FR940325-2-00090 0
426 0 FR940404-0-00042 0
426 0 FR940404-1-00004 0
426 0 FR940404-1-00039 0
426 0 FR940404-2-00164 0
426 0 FR940406-0-00092 0
426 0 FR940406-0-00190 0
426 0 FR940406-2-00081 0
426 0 FR940406-2-00172 0
426 0 FR940407-0-00013 0
426 0 FR940407-2-00062 0
426 0 FR940407-2-00070 0
426 0 FR940412-1-00072 0
426 0 FR940413-1-00025 0
426 0 FR940413-2-00130 0
426 0 FR940414-0-00030 0
426 0 FR940414-1-00003 0
426 0 FR940414-1-00005 0
426 0 FR940414-1-00008 0
426 0 FR940414-1-00009 0
426 0 FR940414-1-00010 0
426 0 FR940414-1-00012 0
426 0 FR940414-1-00025 0
426 0 FR940418-0-00055 0
426 0 FR940418-1-00011 0
426 0 FR940418-2-00076 0
426 0 FR940418-2-00079 0
426 0 FR940419-1-00017 0
426 0 FR940426-1-00061 0
426 0 FR940429-0-00128 0
426 0 FR940503-0-00046 0
426 0 FR940503-0-00047 0
426 0 FR940503-1-00026 0
426 0 FR940503-1-00032 0
426 0 FR940503-1-00053 0
426 0 FR940503-2-00145 0
426 0 FR940505-1-00058 0
426 0 FR940505-1-00178 0
426 0 FR940505-1-00228 0
426 0 FR940505-1-00469 0
426 0 FR940505-2-00136 0
426 0 FR940506-1-00016 0
426 0 FR940506-1-00055 0
426 0 FR940511-0-00019 0
426 0 FR940511-0-00031 0
426 0 FR940511-0-00067 0
426 0 FR940511-0-00069 0
426 0 FR940511-1-00106 0
426 0 FR940511-2-00086 0
426 0 FR940512-1-00060 0
426 0 FR940512-2-00165 0
426 0 FR940512-2-00185 0
426 0 FR940513-2-00047 0
426 0 FR940513-2-00048 0
426 0 FR940513-2-00049 0
426 0 FR940513-2-00051 0
426 0 FR940513-2-00052 0
426 0 FR940513-2-00053 0
426 0 FR940513-2-00054 0
426 0 FR940513-2-00055 0
426 0 FR940513-2-00056 0
426 0 FR940513-2-00122 0
426 0 FR940513-2-00209 0
426 0 FR940516-1-00087 0
426 0 FR940516-2-00138 0
426 0 FR940523-2-00059 0
426 0 FR940523-2-00078 0
426 0 FR940523-2-00080 0
426 0 FR940523-2-00082 0
426 0 FR940523-2-00083 0
426 0 FR940525-0-00025 0
426 0 FR940526-0-00021 0
426 0 FR940526-0-00046 0
426 0 FR940526-2-00098 0
426 0 FR940526-2-00101 0
426 0 FR940527-0-00059 0
426 0 FR940527-2-00053 0
426 0 FR940602-0-00010 0
426 0 FR940602-2-00038 0
426 0 FR940602-2-00079 0
426 0 FR940603-0-00085 0
426 0 FR940603-2-00145 0
426 0 FR940603-2-00146 0
426 0 FR940606-1-00021 0
426 0 FR940606-2-00011 0
426 0 FR940606-2-00107 0
426 0 FR940610-2-00100 0
426 0 FR940610-2-00239 0
426 0 FR940613-0-00066 0
426 0 FR940613-0-00078 0
426 0 FR940616-0-00105 0
426 0 FR940616-0-00111 0
426 0 FR940616-1-00016 0
426 0 FR940616-1-00017 0
426 0 FR940616-2-00152 0
426 0 FR940617-0-00067 0
426 0 FR940617-0-00139 0
426 0 FR940617-1-00090 0
426 0 FR940617-2-00162 0
426 0 FR940620-1-00004 0
426 0 FR940620-1-00007 0
426 0 FR940620-1-00056 0
426 0 FR940620-1-00073 0
426 0 FR940620-1-00080 0
426 0 FR940620-1-00091 0
426 0 FR940620-2-00117 0
426 0 FR940621-0-00031 0
426 0 FR940622-0-00054 0
426 0 FR940622-1-00049 0
426 0 FR940622-1-00071 0
426 0 FR940627-2-00074 0
426 0 FR940628-1-00048 0
426 0 FR940628-1-00097 0
426 0 FR940628-1-00098 0
426 0 FR940628-1-00099 0
426 0 FR940628-1-00101 0
426 0 FR940628-1-00108 0
426 0 FR940628-1-00109 0
426 0 FR940628-1-00110 0
426 0 FR940628-2-00128 0
426 0 FR940628-2-00129 0
426 0 FR940628-2-00132 0
426 0 FR940630-0-00071 0
426 0 FR940630-2-00029 0
426 0 FR940630-2-00031 0
426 0 FR940705-2-00184 0
426 0 FR940706-2-00046 0
426 0 FR940707-0-00021 0
426 0 FR940707-0-00022 0
426 0 FR940711-0-00016 0
426 0 FR940711-0-00018 0
426 0 FR940711-0-00019 0
426 0 FR940711-0-00020 0
426 0 FR940711-0-00021 0
426 0 FR940711-0-00023 0
426 0 FR940711-0-00024 0
426 0 FR940711-0-00025 0
426 0 FR940711-0-00026 0
426 0 FR940711-0-00031 0
426 0 FR940711-0-00032 0
426 0 FR940711-2-00068 0
426 0 FR940712-2-00072 0
426 0 FR940713-0-00028 0
426 0 FR940719-0-00030 0
426 0 FR940720-0-00116 0
426 0 FR940721-0-00075 0
426 0 FR940721-2-00049 0
426 0 FR940721-2-00061 0
426 0 FR940721-2-00159 0
426 0 FR940721-2-00160 0
426 0 FR940722-1-00008 0
426 0 FR940722-1-00009 0
426 0 FR940722-2-00054 0
426 0 FR940722-2-00096 0
426 0 FR940722-2-00132 0
426 0 FR940725-1-00046 0
426 0 FR940727-0-00009 0
426 0 FR940727-0-00017 0
426 0 FR940727-0-00018 0
426 0 FR940727-1-00008 0
426 0 FR940727-2-00076 0
426 0 FR940728-1-00002 0
426 0 FR940728-1-00003 0
426 0 FR940728-1-00004 0
426 0 FR940728-1-00021 0
426 0 FR940728-1-00059 0
426 0 FR940728-2-00087 0
426 0 FR940802-0-00094 0
426 0 FR940802-2-00112 0
426 0 FR940803-0-00013 0
426 0 FR940803-0-00014 0
426 0 FR940803-0-00045 0
426 0 FR940803-0-00083 0
426 0 FR940803-1-00043 0
426 0 FR940803-1-00047 0
426 0 FR940803-1-00048 0
426 0 FR940803-1-00050 0
426 0 FR940803-1-00051 0
426 0 FR940803-1-00053 0
426 0 FR940803-2-00061 0
426 0 FR940804-0-00100 0
426 0 FR940804-0-00101 0
426 0 FR940804-0-00102 0
426 0 FR940804-0-00103 0
426 0 FR940804-0-00108 0
426 0 FR940804-0-00111 0
426 0 FR940804-0-00112 0
426 0 FR940804-0-00122 0
426 0 FR940804-0-00124 0
426 0 FR940804-1-00057 0
426 0 FR940805-1-00061 0
426 0 FR940805-1-00062 0
426 0 FR940805-1-00091 0
426 0 FR940805-1-00092 0
426 0 FR940805-1-00102 0
426 0 FR940805-1-00114 0
426 0 FR940810-0-00195 0
426 0 FR940811-2-00042 0
426 0 FR940811-2-00048 0
426 0 FR940811-2-00049 0
426 0 FR940811-2-00051 0
426 0 FR940811-2-00058 0
426 0 FR940811-2-00100 0
426 0 FR940816-0-00002 0
426 0 FR940816-0-00009 0
426 0 FR940816-1-00007 0
426 0 FR940816-1-00072 0
426 0 FR940816-1-00087 0
426 0 FR940816-2-00060 0
426 0 FR940817-0-00046 0
426 0 FR940817-0-00047 0
426 0 FR940817-0-00051 0
426 0 FR940817-0-00052 0
426 0 FR940817-0-00055 0
426 0 FR940817-0-00057 0
426 0 FR940817-0-00060 0
426 0 FR940817-0-00062 0
426 0 FR940817-0-00063 0
426 0 FR940817-2-00213 0
426 0 FR940819-0-00017 0
426 0 FR940819-0-00028 0
426 0 FR940819-2-00111 0
426 0 FR940822-0-00067 0
426 0 FR940822-0-00068 0
426 0 FR940822-0-00077 0
426 0 FR940822-2-00144 0
426 0 FR940825-1-00028 0
426 0 FR940826-0-00034 0
426 0 FR940826-0-00115 0
426 0 FR940826-1-00055 0
426 0 FR940830-1-00005 0
426 0 FR940830-1-00006 0
426 0 FR940830-1-00009 0
426 0 FR940830-2-00004 0
426 0 FR940831-1-00024 0
426 0 FR940831-2-00088 0
426 0 FR940831-2-00107 0
426 0 FR940831-2-00148 0
426 0 FR940831-2-00150 0
426 0 FR940906-1-00010 0
426 0 FR940906-1-00015 0
426 0 FR940906-1-00016 0
426 0 FR940907-2-00055 0
426 0 FR940912-0-00043 0
426 0 FR940913-0-00063 0
426 0 FR940916-0-00022 0
426 0 FR940916-0-00053 0
426 0 FR940916-1-00081 0
426 0 FR940916-1-00084 0
426 0 FR940916-1-00094 0
426 0 FR940916-1-00096 0
426 0 FR940916-1-00104 0
426 0 FR940916-1-00105 0
426 0 FR940916-1-00106 0
426 0 FR940916-1-00114 0
426 0 FR940916-1-00128 0
426 0 FR940916-1-00129 0
426 0 FR940916-1-00130 0
426 0 FR940916-1-00137 0
426 0 FR940916-1-00143 0
426 0 FR940916-1-00144 0
426 0 FR940916-1-00148 0
426 0 FR940916-1-00152 0
426 0 FR940916-1-00162 0
426 0 FR940919-1-00019 0
426 0 FR940920-1-00116 0
426 0 FR940922-2-00080 0
426 0 FR940922-2-00114 0
426 0 FR940926-2-00044 0
426 0 FR940927-0-00113 0
426 0 FR940927-1-00005 0
426 0 FR940927-1-00006 0
426 0 FR940928-0-00033 0
426 0 FR940928-1-00031 0
426 0 FR940928-1-00051 0
426 0 FR940930-0-00162 0
426 0 FR940930-0-00216 0
426 0 FR940930-0-00218 0
426 0 FR940930-0-00219 0
426 0 FR940930-0-00220 0
426 0 FR940930-0-00241 0
426 0 FR940930-1-00026 0
426 0 FR940930-2-00164 0
426 0 FR941003-1-00010 0
426 0 FR941003-1-00061 0
426 0 FR941003-2-00062 0
426 0 FR941004-1-00068 0
426 0 FR941004-2-00032 0
426 0 FR941004-2-00077 0
426 0 FR941004-2-00099 0
426 0 FR941004-2-00114 0
426 0 FR941005-0-00002 0
426 0 FR941005-0-00003 0
426 0 FR941006-0-00044 0
426 0 FR941006-1-00006 0
426 0 FR941006-1-00007 0
426 0 FR941007-0-00012 0
426 0 FR941007-0-00013 0
426 0 FR941007-0-00016 0
426 0 FR941011-0-00003 0
426 0 FR941011-0-00004 0
426 0 FR941011-2-00003 0
426 0 FR941011-2-00007 0
426 0 FR941011-2-00111 0
426 0 FR941012-0-00057 0
426 0 FR941012-0-00058 0
426 0 FR941012-0-00069 0
426 0 FR941012-0-00150 0
426 0 FR941012-2-00106 0
426 0 FR941012-2-00161 0
426 0 FR941012-2-00174 0
426 0 FR941012-2-00178 0
426 0 FR941012-2-00181 0
426 0 FR941013-1-00031 0
426 0 FR941013-1-00051 0
426 0 FR941013-2-00135 0
426 0 FR941017-0-00028 0
426 0 FR941017-2-00056 0
426 0 FR941017-2-00066 0
426 0 FR941017-2-00067 0
426 0 FR941019-0-00057 0
426 0 FR941019-0-00060 0
426 0 FR941019-0-00066 0
426 0 FR941019-0-00079 0
426 0 FR941019-2-00115 0
426 0 FR941019-2-00117 0
426 0 FR941019-2-00135 0
426 0 FR941019-2-00136 0
426 0 FR941019-2-00144 0
426 0 FR941019-2-00146 0
426 0 FR941021-0-00044 0
426 0 FR941021-0-00072 0
426 0 FR941021-0-00089 0
426 0 FR941025-1-00035 0
426 0 FR941025-2-00069 0
426 0 FR941026-0-00038 0
426 0 FR941026-1-00016 0
426 0 FR941026-2-00082 0
426 0 FR941027-0-00017 0
426 0 FR941027-1-00013 0
426 0 FR941027-1-00030 0
426 0 FR941027-2-00049 0
426 0 FR941027-2-00066 0
426 0 FR941028-2-00126 0
426 0 FR941031-0-00010 0
426 0 FR941031-2-00124 0
426 0 FR941102-0-00060 0
426 0 FR941102-0-00063 0
426 0 FR941102-1-00086 0
426 0 FR941102-1-00101 0
426 0 FR941102-1-00119 0
426 0 FR941103-0-00006 0
426 0 FR941103-0-00062 0
426 0 FR941103-0-00065 0
426 0 FR941103-0-00156 0
426 0 FR941103-2-00120 0
426 0 FR941104-1-00048 0
426 0 FR941104-2-00085 0
426 0 FR941107-1-00040 0
426 0 FR941107-1-00041 0
426 0 FR941107-2-00178 0
426 0 FR941107-2-00183 0
426 0 FR941110-0-00067 0
426 0 FR941110-0-00134 0
426 0 FR941110-0-00145 0
426 0 FR941110-0-00146 0
426 0 FR941110-0-00152 0
426 0 FR941110-0-00190 0
426 0 FR941110-1-00003 0
426 0 FR941110-1-00038 0
426 0 FR941110-1-00044 0
426 0 FR941110-1-00049 0
426 0 FR941110-1-00053 0
426 0 FR941110-1-00059 0
426 0 FR941110-1-00062 0
426 0 FR941116-0-00082 0
426 0 FR941116-0-00083 0
426 0 FR941116-0-00084 0
426 0 FR941116-0-00086 0
426 0 FR941117-0-00194 0
426 0 FR941122-0-00014 0
426 0 FR941122-0-00018 0
426 0 FR941122-0-00054 0
426 0 FR941122-0-00070 0
426 0 FR941122-0-00095 0
426 0 FR941122-1-00044 0
426 0 FR941128-0-00012 0
426 0 FR941128-2-00046 0
426 0 FR941128-2-00187 0
426 0 FR941130-0-00071 0
426 0 FR941130-0-00123 0
426 0 FR941130-1-00004 0
426 0 FR941130-1-00005 0
426 0 FR941130-1-00009 0
426 0 FR941130-1-00010 0
426 0 FR941130-1-00011 0
426 0 FR941130-1-00012 0
426 0 FR941130-1-00015 0
426 0 FR941202-0-00166 0
426 0 FR941202-0-00168 0
426 0 FR941202-2-00139 0
426 0 FR941206-1-00016 0
426 0 FR941206-1-00142 0
426 0 FR941207-0-00027 0
426 0 FR941213-0-00011 0
426 0 FR941213-0-00036 0
426 0 FR941213-0-00084 0
426 0 FR941213-1-00004 0
426 0 FR941213-1-00005 0
426 0 FR941219-0-00017 0
426 0 FR941220-2-00043 0
426 0 FR941220-2-00083 0
426 0 FR941221-1-00022 0
426 0 FR941221-2-00083 0
426 0 FR941221-2-00104 0
426 0 FR941222-2-00122 0
426 0 FR941230-0-00005 0
426 0 FR941230-0-00119 0
426 0 FR941230-0-00123 0
426 0 FR941230-2-00138 0
426 0 FR941230-2-00148 0
426 0 FR941230-2-00155 0
426 0 FT911-1004 0
426 0 FT911-1651 0
426 0 FT911-1806 0
426 0 FT911-2081 0
426 0 FT911-3417 0
426 0 FT911-3886 0
426 0 FT911-3916 0
426 0 FT911-4753 0
426 0 FT911-4790 0
426 0 FT911-4968 0
426 0 FT911-5264 0
426 0 FT921-10209 0
426 0 FT921-11043 0
426 0 FT921-1426 0
426 0 FT921-14261 0
426 0 FT921-2108 0
426 0 FT921-5334 0
426 0 FT921-6191 0
426 0 FT921-6326 0
426 0 FT921-6345 0
426 0 FT921-667 0
426 0 FT921-7387 0
426 0 FT921-8481 0
426 0 FT921-9396 0
426 0 FT922-10222 0
426 0 FT922-10671 0
426 0 FT922-1141 0
426 0 FT922-12801 0
426 0 FT922-14198 0
426 0 FT922-14750 1
426 0 FT922-15479 0
426 0 FT922-2743 0
426 0 FT922-2909 0
426 0 FT922-440 0
426 0 FT922-5950 0
426 0 FT922-714 0
426 0 FT922-989 0
426 0 FT923-10964 0
426 0 FT923-11681 0
426 0 FT923-12530 0
426 0 FT923-13024 0
426 0 FT923-14457 0
426 0 FT923-15342 0
426 0 FT923-1693 0
426 0 FT923-3583 0
426 0 FT923-9485 1
426 0 FT923-9585 0
426 0 FT924-10839 0
426 0 FT924-11022 0
426 0 FT924-11363 0
426 0 FT924-11987 0
426 0 FT924-13045 1
426 0 FT924-14767 0
426 0 FT924-15606 0
426 0 FT924-1681 0
426 0 FT924-1727 0
426 0 FT924-3625 1
426 0 FT924-3982 0
426 0 FT924-464 0
426 0 FT924-5367 1
426 0 FT924-5855 0
426 0 FT931-10306 0
426 0 FT931-10706 0
426 0 FT931-10812 0
426 0 FT931-11680 0
426 0 FT931-12381 0
426 0 FT931-16372 0
426 0 FT931-16883 0
426 0 FT931-3359 0
426 0 FT931-5162 0
426 0 FT931-5223 0
426 0 FT931-5341 0
426 0 FT931-7299 0
426 0 FT931-8090 0
426 0 FT931-9093 0
426 0 FT932-10358 0
426 0 FT932-10511 1
426 0 FT932-11637 1
426 0 FT932-15115 0
426 0 FT932-15321 0
426 0 FT932-15420 0
426 0 FT932-15795 0
426 0 FT932-425 0
426 0 FT932-5298 0
426 0 FT932-7469 0
426 0 FT932-909 0
426 0 FT933-10979 0
426 0 FT933-11508 0
426 0 FT933-11773 0
426 0 FT933-11775 0
426 0 FT933-12248 0
426 0 FT933-12510 0
426 0 FT933-12879 0
426 0 FT933-12939 0
426 0 FT933-12944 0
426 0 FT933-13138 0
426 0 FT933-13823 0
426 0 FT933-14020 0
426 0 FT933-16128 0
426 0 FT933-166 0
426 0 FT933-2516 0
426 0 FT933-2710 0
426 0 FT933-3748 0
426 0 FT933-5476 0
426 0 FT933-7866 0
426 0 FT933-8284 0
426 0 FT933-9016 0
426 0 FT934-11565 0
426 0 FT934-11785 0
426 0 FT934-12108 0
426 0 FT934-13629 0
426 0 FT934-13681 0
426 0 FT934-16947 0
426 0 FT934-3271 0
426 0 FT934-3479 0
426 0 FT934-3699 0
426 0 FT934-563 0
426 0 FT934-5781 0
426 0 FT934-6718 0
426 0 FT934-6886 0
426 0 FT934-8113 0
426 0 FT934-9444 0
426 0 FT941-10512 0
426 0 FT941-11004 0
426 0 FT941-11265 0
426 0 FT941-11377 0
426 0 FT941-11629 0
426 0 FT941-11649 0
426 0 FT941-11650 0
426 0 FT941-11811 0
426 0 FT941-11812 0
426 0 FT941-11828 0
426 0 FT941-11834 0
426 0 FT941-11849 0
426 0 FT941-11850 0
426 0 FT941-11851 0
426 0 FT941-12106 0
426 0 FT941-12107 0
426 0 FT941-12109 0
426 0 FT941-12111 0
426 0 FT941-12112 0
426 0 FT941-12113 0
426 0 FT941-12116 0
426 0 FT941-12125 0
426 0 FT941-12126 0
426 0 FT941-12144 0
426 0 FT941-14334 0
426 0 FT941-14983 0
426 0 FT941-16080 0
426 0 FT941-1619 0
426 0 FT941-2400 0
426 0 FT941-2481 0
426 0 FT941-2540 0
426 0 FT941-3294 0
426 0 FT941-334 0
426 0 FT941-5236 0
426 0 FT941-6138 0
426 0 FT941-6141 0
426 0 FT941-7049 0
426 0 FT941-7670 0
426 0 FT941-8150 0
426 0 FT941-8153 0
426 0 FT941-8165 0
426 0 FT941-8171 0
426 0 FT941-8239 0
426 0 FT941-8790 0
426 0 FT941-8822 0
426 0 FT941-8899 0
426 0 FT941-8904 0
426 0 FT941-9215 0
426 0 FT941-9238 0
426 0 FT942-12163 0
426 0 FT942-12197 0
426 0 FT942-13275 0
426 0 FT942-14293 0
426 0 FT942-14742 0
426 0 FT942-14829 0
426 0 FT942-15088 0
426 0 FT942-16578 0
426 0 FT942-2375 0
426 0 FT942-3334 0
426 0 FT942-3600 0
426 0 FT942-5701 0
426 0 FT942-5940 0
426 0 FT942-6358 0
426 0 FT942-6647 1
426 0 FT942-7410 0
426 0 FT942-8424 0
426 0 FT942-8808 0
426 0 FT942-9481 0
426 0 FT943-10342 0
426 0 FT943-116 0
426 0 FT943-11765 0
426 0 FT943-12275 0
426 0 FT943-12344 0
426 0 FT943-15196 0
426 0 FT943-16075 0
426 0 FT943-16080 0
426 0 FT943-16238 0
426 0 FT943-1942 0
426 0 FT943-2071 0
426 0 FT943-3726 0
426 0 FT943-5716 0
426 0 FT943-60 0
426 0 FT943-6535 0
426 0 FT943-6750 0
426 0 FT943-7023 0
426 0 FT943-8990 0
426 0 FT944-10775 0
426 0 FT944-13004 0
426 0 FT944-13041 0
426 0 FT944-14267 0
426 0 FT944-15805 0
426 0 FT944-16684 0
426 0 FT944-16806 0
426 0 FT944-16850 0
426 0 FT944-17023 0
426 0 FT944-17459 0
426 0 FT944-17691 0
426 0 FT944-261 0
426 0 FT944-2707 0
426 0 FT944-3488 0
426 0 FT944-4812 0
426 0 FT944-6000 0
426 0 FT944-6736 0
426 0 FT944-6848 0
426 0 FT944-6975 0
426 0 FT944-7993 0
426 0 FT944-8277 0
426 0 FT944-9300 0
426 0 FT944-9539 0
426 0 LA010189-0001 0
426 0 LA010189-0002 0
426 0 LA010189-0052 0
426 0 LA010189-0059 0
426 0 LA010189-0097 0
426 0 LA010189-0098 0
426 0 LA010189-0113 0
426 0 LA010189-0117 0
426 0 LA010189-0133 0
426 0 LA010190-0008 0
426 0 LA010190-0083 0
426 0 LA010289-0003 0
426 0 LA010289-0057 0
426 0 LA010290-0025 0
426 0 LA010389-0006 1
426 0 LA010389-0045 0
426 0 LA010489-0004 0
426 0 LA010490-0150 0
426 0 LA010589-0006 0
426 0 LA010689-0082 0
426 0 LA010789-0069 0
426 0 LA010790-0056 0
426 0 LA010889-0041 0
426 0 LA010890-0029 0
426 0 LA010890-0065 0
426 0 LA010990-0039 0
426 0 LA011089-0004 0
426 0 LA011090-0003 0
426 0 LA011090-0017 0
426 0 LA011189-0054 0
426 0 LA011189-0127 0
426 0 LA011189-0131 0
426 0 LA011190-0211 0
426 0 LA011289-0031 0
426 0 LA011290-0115 0
426 0 LA011389-0054 0
426 0 LA011390-0054 0
426 0 LA011489-0003 0
426 0 LA011489-0128 0
426 0 LA011490-0078 0
426 0 LA011490-0117 0
426 0 LA011490-0196 0
426 0 LA011589-0005 0
426 0 LA011589-0141 0
426 0 LA011689-0044 0
426 0 LA011689-0045 0
426 0 LA011889-0112 0
426 0 LA011890-0175 1
426 0 LA011989-0094 0
426 0 LA011990-0091 0
426 0 LA012089-0090 0
426 0 LA012090-0091 0
426 0 LA012090-0129 1
426 0 LA012189-0021 1
426 0 LA012189-0074 0
426 0 LA012189-0128 0
426 0 LA012190-0004 0
426 0 LA012190-0103 0
426 0 LA012190-0120 1
426 0 LA012289-0186 0
426 0 LA012390-0092 0
426 0 LA012490-0042 0
426 0 LA012590-0213 0
426 0 LA012689-0120 0
426 0 LA012690-0001 0
426 0 LA012690-0120 0
426 0 LA012789-0070 0
426 0 LA012889-0022 0
426 0 LA012889-0039 0
426 0 LA012890-0090 0
426 0 LA013090-0038 0
426 0 LA013190-0108 0
426 0 LA020189-0027 0
426 0 LA020190-0055 0
426 0 LA020190-0129 0
426 0 LA020290-0196 0
426 0 LA020390-0028 1
426 0 LA020489-0001 0
426 0 LA020489-0060 0
426 0 LA020490-0003 0
426 0 LA020490-0011 0
426 0 LA020589-0119 0
426 0 LA020589-0202 0
426 0 LA020789-0131 1
426 0 LA020789-0158 0
426 0 LA020790-0088 1
426 0 LA020990-0129 0
426 0 LA021090-0145 0
426 0 LA021189-0013 0
426 0 LA021189-0015 0
426 0 LA021189-0113 0
426 0 LA021190-0156 0
426 0 LA021190-0233 0
426 0 LA021289-0013 0
426 0 LA021290-0027 0
426 0 LA021290-0041 1
426 0 LA021290-0053 0
426 0 LA021389-0101 1
426 0 LA021490-0110 0
426 0 LA021490-0113 0
426 0 LA021690-0144 1
426 0 LA021690-0162 0
426 0 LA021890-0102 0
426 0 LA021890-0205 0
426 0 LA021989-0176 0
426 0 LA021990-0031 0
426 0 LA021990-0097 0
426 0 LA022089-0048 0
426 0 LA022089-0050 0
426 0 LA022089-0075 0
426 0 LA022089-0079 0
426 0 LA022089-0088 0
426 0 LA022090-0064 0
426 0 LA022090-0096 1
426 0 LA022090-0136 0
426 0 LA022090-0145 0
426 0 LA022189-0020 1
426 0 LA022190-0119 0
426 0 LA022289-0059 1
426 0 LA022289-0091 0
426 0 LA022289-0106 0
426 0 LA022290-0026 0
426 0 LA022290-0049 0
426 0 LA022290-0054 1
426 0 LA022290-0055 0
426 0 LA022290-0083 0
426 0 LA022290-0126 0
426 0 LA022290-0131 0
426 0 LA022290-0140 0
426 0 LA022290-0143 0
426 0 LA022290-0152 0
426 0 LA022290-0215 0
426 0 LA022389-0016 0
426 0 LA022390-0042 0
426 0 LA022690-0004 0
426 0 LA022789-0077 0
426 0 LA022789-0113 0
426 0 LA022889-0020 0
426 0 LA022889-0106 0
426 0 LA022890-0117 0
426 0 LA030190-0014 1
426 0 LA030289-0107 1
426 0 LA030389-0112 0
426 0 LA030390-0132 1
426 0 LA030490-0043 0
426 0 LA030490-0202 0
426 0 LA030589-0045 0
426 0 LA030589-0055 0
426 0 LA030589-0134 0
426 0 LA030589-0156 0
426 0 LA030689-0073 0
426 0 LA030889-0026 1
426 0 LA030989-0037 0
426 0 LA031089-0050 0
426 0 LA031089-0058 1
426 0 LA031089-0138 0
426 0 LA031090-0058 0
426 0 LA031189-0102 0
426 0 LA031289-0058 0
426 0 LA031289-0140 0
426 0 LA031389-0072 0
426 0 LA031389-0087 0
426 0 LA031389-0105 0
426 0 LA031489-0006 0
426 0 LA031490-0061 1
426 0 LA031490-0074 0
426 0 LA031490-0167 0
426 0 LA031589-0066 0
426 0 LA031590-0048 0
426 0 LA031590-0154 0
426 0 LA031689-0098 0
426 0 LA031689-0123 0
426 0 LA031689-0149 0
426 0 LA031690-0003 0
426 0 LA031690-0083 0
426 0 LA031789-0075 0
426 0 LA031889-0099 1
426 0 LA032090-0043 1
426 0 LA032189-0004 0
426 0 LA032289-0033 1
426 0 LA032289-0118 0
426 0 LA032290-0191 0
426 0 LA032389-0011 1
426 0 LA032390-0084 0
426 0 LA032589-0101 0
426 0 LA032589-0107 0
426 0 LA032590-0187 0
426 0 LA032690-0008 1
426 0 LA032789-0051 1
426 0 LA032790-0103 0
426 0 LA032790-0125 0
426 0 LA032790-0138 0
426 0 LA032790-0148 1
426 0 LA032889-0014 0
426 0 LA032889-0067 0
426 0 LA032890-0028 0
426 0 LA033189-0104 1
426 0 LA040189-0043 0
426 0 LA040190-0053 1
426 0 LA040289-0133 0
426 0 LA040289-0166 0
426 0 LA040289-0167 0
426 0 LA040289-0225 0
426 0 LA040289-0226 0
426 0 LA040290-0102 1
426 0 LA040390-0162 1
426 0 LA040489-0060 1
426 0 LA040490-0048 0
426 0 LA040490-0137 1
426 0 LA040589-0006 1
426 0 LA040590-0025 0
426 0 LA040590-0140 0
426 0 LA040989-0066 0
426 0 LA040989-0133 1
426 0 LA040989-0136 1
426 0 LA040990-0067 0
426 0 LA041190-0089 0
426 0 LA041289-0027 0
426 0 LA041289-0085 0
426 0 LA041290-0131 0
426 0 LA041389-0016 0
426 0 LA041389-0038 0
426 0 LA041589-0059 1
426 0 LA041589-0133 0
426 0 LA041689-0147 0
426 0 LA041789-0032 0
426 0 LA041790-0057 0
426 0 LA041990-0089 0
426 0 LA041990-0226 1
426 0 LA042089-0001 0
426 0 LA042089-0175 0
426 0 LA042090-0127 1
426 0 LA042189-0066 0
426 0 LA042189-0086 0
426 0 LA042190-0112 1
426 0 LA042190-0129 0
426 0 LA042290-0023 0
426 0 LA042290-0199 0
426 0 LA042389-0079 0
426 0 LA042689-0024 0
426 0 LA042790-0141 0
426 0 LA042889-0041 0
426 0 LA042890-0138 1
426 0 LA050189-0036 0
426 0 LA050289-0143 0
426 0 LA050389-0006 0
426 0 LA050390-0106 0
426 0 LA050490-0002 0
426 0 LA050589-0074 0
426 0 LA050590-0087 0
426 0 LA050690-0108 0
426 0 LA050690-0206 0
426 0 LA050789-0006 0
426 0 LA050789-0008 0
426 0 LA050790-0008 0
426 0 LA050790-0072 1
426 0 LA050990-0002 0
426 0 LA051090-0203 0
426 0 LA051289-0078 1
426 0 LA051389-0023 0
426 0 LA051390-0046 0
426 0 LA051390-0101 0
426 0 LA051390-0108 0
426 0 LA051390-0154 0
426 0 LA051390-0155 0
426 0 LA051390-0169 0
426 0 LA051390-0170 0
426 0 LA051390-0172 0
426 0 LA051390-0187 0
426 0 LA051390-0197 0
426 0 LA051390-0205 0
426 0 LA051390-0219 0
426 0 LA051489-0013 0
426 0 LA051489-0218 0
426 0 LA051490-0003 0
426 0 LA051689-0126 0
426 0 LA051690-0108 0
426 0 LA051889-0015 1
426 0 LA051889-0191 0
426 0 LA051989-0032 0
426 0 LA051990-0040 0
426 0 LA052089-0081 1
426 0 LA052089-0130 1
426 0 LA052189-0046 0
426 0 LA052189-0147 0
426 0 LA052189-0209 0
426 0 LA052190-0074 0
426 0 LA052289-0030 0
426 0 LA052589-0196 0
426 0 LA052590-0170 0
426 0 LA052690-0135 0
426 0 LA052789-0097 1
426 0 LA052790-0125 1
426 0 LA052790-0204 0
426 0 LA052790-0239 0
426 0 LA052889-0173 0
426 0 LA052890-0036 0
426 0 LA052990-0014 1
426 0 LA053089-0043 0
426 0 LA053189-0076 1
426 0 LA053190-0211 0
426 0 LA060189-0005 0
426 0 LA060189-0116 0
426 0 LA060189-0147 1
426 0 LA060189-0194 0
426 0 LA060190-0081 0
426 0 LA060390-0109 1
426 0 LA060390-0223 0
426 0 LA060490-0009 0
426 0 LA060690-0126 0
426 0 LA060789-0021 1
426 0 LA060790-0084 0
426 0 LA060790-0100 0
426 0 LA060790-0212 0
426 0 LA060889-0171 0
426 0 LA060890-0041 0
426 0 LA060890-0099 0
426 0 LA061089-0006 0
426 0 LA061189-0076 0
426 0 LA061290-0085 1
426 0 LA061290-0087 0
426 0 LA061390-0051 0
426 0 LA061390-0074 0
426 0 LA061489-0086 0
426 0 LA061490-0163 0
426 0 LA061490-0218 0
426 0 LA061589-0103 0
426 0 LA061589-0186 0
426 0 LA061590-0127 0
426 0 LA061590-0172 1
426 0 LA061689-0012 0
426 0 LA061689-0065 0
426 0 LA061690-0002 0
426 0 LA061690-0076 0
426 0 LA061789-0044 0
426 0 LA061790-0207 0
426 0 LA061889-0130 0
426 0 LA061890-0066 0
426 0 LA061989-0019 0
426 0 LA062090-0086 0
426 0 LA062090-0102 0
426 0 LA062189-0010 0
426 0 LA062190-0049 1
426 0 LA062290-0169 0
426 0 LA062389-0045 0
426 0 LA062390-0057 0
426 0 LA062490-0037 0
426 0 LA062690-0035 0
426 0 LA062790-0054 0
426 0 LA062790-0126 1
426 0 LA062890-0027 0
426 0 LA062989-0038 0
426 0 LA062990-0062 0
426 0 LA063089-0004 0
426 0 LA063090-0092 1
426 0 LA070190-0093 0
426 0 LA070290-0076 0
426 0 LA070389-0018 1
426 0 LA070389-0075 0
426 0 LA070390-0022 0
426 0 LA070390-0059 0
426 0 LA070590-0072 0
426 0 LA070689-0007 1
426 0 LA070689-0175 0
426 0 LA070889-0092 0
426 0 LA070890-0074 0
426 0 LA070890-0144 0
426 0 LA070990-0051 0
426 0 LA071189-0091 0
426 0 LA071189-0133 0
426 0 LA071190-0028 1
426 0 LA071190-0112 0
426 0 LA071290-0018 0
426 0 LA071290-0123 0
426 0 LA071590-0068 1
426 0 LA071590-0075 0
426 0 LA071689-0061 0
426 0 LA071689-0175 0
426 0 LA071690-0016 0
426 0 LA071889-0014 0
426 0 LA071890-0007 1
426 0 LA071890-0120 1
426 0 LA071990-0073 0
426 0 LA072090-0041 0
426 0 LA072189-0093 0
426 0 LA072189-0133 0
426 0 LA072190-0038 0
426 0 LA072290-0034 0
426 0 LA072290-0161 0
426 0 LA072390-0052 0
426 0 LA072390-0073 0
426 0 LA072589-0011 1
426 0 LA072590-0072 0
426 0 LA072590-0103 0
426 0 LA072690-0069 1
426 0 LA072690-0200 0
426 0 LA072790-0077 1
426 0 LA072790-0156 1
426 0 LA072989-0085 0
426 0 LA072990-0112 0
426 0 LA073089-0061 0
426 0 LA073089-0118 0
426 0 LA073090-0027 0
426 0 LA080189-0116 0
426 0 LA080290-0011 0
426 0 LA080290-0209 0
426 0 LA080490-0045 0
426 0 LA080589-0017 0
426 0 LA080589-0056 0
426 0 LA080589-0121 1
426 0 LA080590-0129 0
426 0 LA080790-0074 1
426 0 LA080790-0079 1
426 0 LA080790-0163 0
426 0 LA080990-0180 0
426 0 LA081090-0112 0
426 0 LA081189-0047 0
426 0 LA081189-0059 0
426 0 LA081189-0074 0
426 0 LA081189-0078 0
426 0 LA081189-0139 0
426 0 LA081190-0003 0
426 0 LA081190-0005 0
426 0 LA081190-0059 0
426 0 LA081290-0070 0
426 0 LA081389-0033 0
426 0 LA081390-0047 1
426 0 LA081489-0009 1
426 0 LA081490-0068 0
426 0 LA081690-0121 0
426 0 LA081789-0067 0
426 0 LA081789-0087 0
426 0 LA081790-0133 1
426 0 LA081889-0133 0
426 0 LA081990-0230 0
426 0 LA082190-0132 0
426 0 LA082289-0002 0
426 0 LA082289-0021 0
426 0 LA082290-0104 0
426 0 LA082389-0014 0
426 0 LA082390-0201 0
426 0 LA082689-0127 0
426 0 LA082689-0128 0
426 0 LA082690-0064 0
426 0 LA082690-0200 0
426 0 LA082790-0095 0
426 0 LA082890-0062 1
426 0 LA082990-0023 0
426 0 LA083090-0221 0
426 0 LA090189-0070 0
426 0 LA090190-0147 0
426 0 LA090289-0041 0
426 0 LA090289-0051 0
426 0 LA090290-0074 0
426 0 LA090589-0046 0
426 0 LA090689-0030 0
426 0 LA090689-0033 1
426 0 LA090689-0042 1
426 0 LA090689-0061 0
426 0 LA090789-0159 0
426 0 LA090890-0027 1
426 0 LA090989-0103 0
426 0 LA090990-0215 0
426 0 LA091089-0084 0
426 0 LA091089-0205 0
426 0 LA091090-0001 0
426 0 LA091090-0043 0
426 0 LA091189-0048 0
426 0 LA091190-0167 1
426 0 LA091289-0129 0
426 0 LA091389-0059 0
426 0 LA091390-0073 1
426 0 LA091390-0268 0
426 0 LA091489-0131 0
426 0 LA091489-0169 0
426 0 LA091490-0104 0
426 0 LA091790-0014 0
426 0 LA091790-0057 1
426 0 LA091890-0152 0
426 0 LA091989-0053 1
426 0 LA091990-0008 0
426 0 LA091990-0011 0
426 0 LA091990-0022 0
426 0 LA092090-0089 0
426 0 LA092090-0161 0
426 0 LA092189-0152 0
426 0 LA092189-0178 0
426 0 LA092189-0191 0
426 0 LA092589-0043 1
426 0 LA092789-0009 0
426 0 LA092889-0088 0
426 0 LA092889-0153 0
426 0 LA092890-0123 1
426 0 LA092989-0120 0
426 0 LA093090-0037 0
426 0 LA100189-0135 0
426 0 LA100190-0042 0
426 0 LA100289-0057 0
426 0 LA100489-0137 1
426 0 LA100490-0051 0
426 0 LA100589-0053 0
426 0 LA100589-0095 0
426 0 LA100589-0144 0
426 0 LA100590-0001 1
426 0 LA100590-0099 0
426 0 LA100689-0088 1
426 0 LA100689-0098 0
426 0 LA100689-0160 0
426 0 LA100690-0007 0
426 0 LA100690-0057 1
426 0 LA100690-0149 1
426 0 LA100789-0072 0
426 0 LA100790-0188 1
426 0 LA100790-0215 0
426 0 LA100889-0176 0
426 0 LA100989-0029 1
426 0 LA100989-0084 0
426 0 LA101189-0043 1
426 0 LA101190-0202 0
426 0 LA101389-0084 0
426 0 LA101589-0091 0
426 0 LA101589-0139 0
426 0 LA101589-0199 0
426 0 LA101590-0071 0
426 0 LA101590-0080 0
426 0 LA101689-0040 0
426 0 LA101689-0078 1
426 0 LA101690-0099 0
426 0 LA101790-0013 0
426 0 LA101790-0098 0
426 0 LA101790-0107 0
426 0 LA101890-0016 0
426 0 LA101890-0130 1
426 0 LA101989-0030 0
426 0 LA101989-0135 0
426 0 LA101990-0064 0
426 0 LA102089-0114 0
426 0 LA102090-0048 0
426 0 LA102090-0127 0
426 0 LA102189-0086 0
426 0 LA102189-0095 1
426 0 LA102190-0203 0
426 0 LA102289-0051 0
426 0 LA102289-0235 0
426 0 LA102290-0025 0
426 0 LA102489-0043 0
426 0 LA102890-0240 0
426 0 LA102989-0072 0
426 0 LA102989-0223 0
426 0 LA103190-0137 0
426 0 LA110189-0064 0
426 0 LA110190-0004 0
426 0 LA110190-0069 0
426 0 LA110190-0200 0
426 0 LA110289-0058 0
426 0 LA110290-0079 0
426 0 LA110290-0092 0
426 0 LA110490-0220 0
426 0 LA110590-0077 0
426 0 LA110590-0105 1
426 0 LA110689-0034 0
426 0 LA110689-0046 0
426 0 LA110689-0048 0
426 0 LA110789-0054 0
426 0 LA110789-0067 0
426 0 LA110790-0042 0
426 0 LA110890-0034 1
426 0 LA111090-0121 0
426 0 LA111189-0011 0
426 0 LA111289-0094 0
426 0 LA111289-0131 0
426 0 LA111589-0018 0
426 0 LA111689-0115 0
426 0 LA111689-0204 0
426 0 LA111789-0048 0
426 0 LA111790-0009 0
426 0 LA111890-0099 0
426 0 LA111890-0115 0
426 0 LA111989-0018 0
426 0 LA111989-0227 0
426 0 LA112090-0055 0
426 0 LA112189-0129 0
426 0 LA112189-0147 0
426 0 LA112190-0053 0
426 0 LA112190-0077 0
426 0 LA112190-0130 0
426 0 LA112190-0156 0
426 0 LA112289-0001 1
426 0 LA112289-0035 0
426 0 LA112289-0040 0
426 0 LA112289-0085 0
426 0 LA112290-0010 0
426 0 LA112290-0168 0
426 0 LA112290-0233 0
426 0 LA112389-0016 0
426 0 LA112389-0199 0
426 0 LA112489-0089 0
426 0 LA112790-0083 1
426 0 LA112790-0085 0
426 0 LA112890-0034 0
426 0 LA112890-0090 1
426 0 LA112990-0060 0
426 0 LA113089-0007 0
426 0 LA113089-0084 0
426 0 LA113090-0061 0
426 0 LA120290-0215 0
426 0 LA120389-0045 0
426 0 LA120389-0047 0
426 0 LA120389-0051 0
426 0 LA120390-0036 0
426 0 LA120490-0119 0
426 0 LA120589-0120 1
426 0 LA120590-0046 1
426 0 LA120789-0247 0
426 0 LA120989-0018 0
426 0 LA121089-0031 0
426 0 LA121089-0176 0
426 0 LA121090-0141 0
426 0 LA121190-0077 0
426 0 LA121190-0133 1
426 0 LA121289-0112 0
426 0 LA121390-0186 0
426 0 LA121489-0013 0
426 0 LA121490-0027 0
426 0 LA121589-0071 0
426 0 LA121590-0110 0
426 0 LA121789-0051 0
426 0 LA121789-0060 0
426 0 LA121789-0170 0
426 0 LA121790-0090 0
426 0 LA121889-0036 0
426 0 LA121889-0037 0
426 0 LA121890-0078 0
426 0 LA121890-0079 0
426 0 LA121989-0030 0
426 0 LA121989-0052 0
426 0 LA121989-0085 0
426 0 LA121989-0111 0
426 0 LA122090-0018 0
426 0 LA122090-0222 0
426 0 LA122090-0232 0
426 0 LA122189-0071 0
426 0 LA122289-0049 0
426 0 LA122289-0103 0
426 0 LA122290-0071 0
426 0 LA122290-0096 0
426 0 LA122290-0133 0
426 0 LA122390-0123 0
426 0 LA122489-0017 0
426 0 LA122489-0046 0
426 0 LA122590-0102 0
426 0 LA122690-0029 0
426 0 LA122789-0019 0
426 0 LA122789-0026 0
426 0 LA122790-0077 0
426 0 LA122889-0106 0
426 0 LA122989-0062 0
426 0 LA122989-0064 0
426 0 LA122989-0068 0
426 0 LA122990-0057 0
426 0 LA123089-0053 0
426 0 LA123089-0060 1
426 0 LA123089-0125 0
426 0 LA123090-0174 0
426 0 LA123090-0176 1
426 0 LA123189-0033 0
426 0 LA123189-0196 0
426 0 LA123190-0040 0
426 0 LA123190-0042 0
