418 0 FBIS3-10160 0
418 0 FBIS3-10291 0
418 0 FBIS3-10385 0
418 0 FBIS3-10661 0
418 0 FBIS3-11378 0
418 0 FBIS3-13309 0
418 0 FBIS3-1408 0
418 0 FBIS3-14832 0
418 0 FBIS3-14929 0
418 0 FBIS3-15267 0
418 0 FBIS3-15272 0
418 0 FBIS3-15397 0
418 0 FBIS3-1846 0
418 0 FBIS3-20414 0
418 0 FBIS3-20444 0
418 0 FBIS3-20460 0
418 0 FBIS3-20528 0
418 0 FBIS3-20529 0
418 0 FBIS3-20537 0
418 0 FBIS3-20538 0
418 0 FBIS3-20542 0
418 0 FBIS3-20576 0
418 0 FBIS3-20605 0
418 0 FBIS3-20796 0
418 0 FBIS3-21269 0
418 0 FBIS3-21281 0
418 0 FBIS3-21461 0
418 0 FBIS3-21475 0
418 0 FBIS3-22466 0
418 0 FBIS3-22596 0
418 0 FBIS3-22601 0
418 0 FBIS3-22672 0
418 0 FBIS3-22691 0
418 0 FBIS3-22716 0
418 0 FBIS3-2297 0
418 0 FBIS3-23 0
418 0 FBIS3-23751 0
418 0 FBIS3-23963 0
418 0 FBIS3-24068 0
418 0 FBIS3-24263 0
418 0 FBIS3-24355 0
418 0 FBIS3-24441 0
418 0 FBIS3-24469 0
418 0 FBIS3-24678 0
418 0 FBIS3-25664 0
418 0 FBIS3-25979 0
418 0 FBIS3-26036 0
418 0 FBIS3-26581 0
418 0 FBIS3-26731 0
418 0 FBIS3-26778 0
418 0 FBIS3-26829 0
418 0 FBIS3-27216 0
418 0 FBIS3-27469 0
418 0 FBIS3-28102 0
418 0 FBIS3-28122 0
418 0 FBIS3-28152 0
418 0 FBIS3-2816 0
418 0 FBIS3-28324 0
418 0 FBIS3-28344 0
418 0 FBIS3-2859 0
418 0 FBIS3-28684 0
418 0 FBIS3-28784 0
418 0 FBIS3-29 0
418 0 FBIS3-29035 0
418 0 FBIS3-29180 0
418 0 FBIS3-2926 0
418 0 FBIS3-29309 0
418 0 FBIS3-2955 0
418 0 FBIS3-2962 0
418 0 FBIS3-30332 0
418 0 FBIS3-30628 0
418 0 FBIS3-31919 0
418 0 FBIS3-32058 0
418 0 FBIS3-32193 0
418 0 FBIS3-32693 0
418 0 FBIS3-33987 0
418 0 FBIS3-34344 0
418 0 FBIS3-34684 0
418 0 FBIS3-35439 0
418 0 FBIS3-35704 0
418 0 FBIS3-35771 0
418 0 FBIS3-3593 0
418 0 FBIS3-36078 0
418 0 FBIS3-3623 0
418 0 FBIS3-3778 0
418 0 FBIS3-37947 0
418 0 FBIS3-38938 0
418 0 FBIS3-39447 0
418 0 FBIS3-39518 0
418 0 FBIS3-39649 0
418 0 FBIS3-40155 0
418 0 FBIS3-40175 0
418 0 FBIS3-40193 0
418 0 FBIS3-40199 0
418 0 FBIS3-40329 0
418 0 FBIS3-40450 0
418 0 FBIS3-40495 0
418 0 FBIS3-40497 0
418 0 FBIS3-4123 0
418 0 FBIS3-41783 0
418 0 FBIS3-41793 0
418 0 FBIS3-41981 0
418 0 FBIS3-42399 0
418 0 FBIS3-42400 0
418 0 FBIS3-4257 0
418 0 FBIS3-42675 0
418 0 FBIS3-42726 0
418 0 FBIS3-42811 0
418 0 FBIS3-42812 0
418 0 FBIS3-42872 0
418 0 FBIS3-42899 0
418 0 FBIS3-42994 0
418 0 FBIS3-43002 0
418 0 FBIS3-43018 0
418 0 FBIS3-43032 0
418 0 FBIS3-43040 0
418 0 FBIS3-43068 0
418 0 FBIS3-43118 0
418 0 FBIS3-43120 0
418 0 FBIS3-43132 0
418 0 FBIS3-43160 0
418 0 FBIS3-43172 0
418 0 FBIS3-43174 0
418 0 FBIS3-43186 0
418 0 FBIS3-43214 0
418 0 FBIS3-44568 0
418 0 FBIS3-44706 0
418 0 FBIS3-45087 0
418 0 FBIS3-45196 0
418 0 FBIS3-45512 0
418 0 FBIS3-45530 0
418 0 FBIS3-45594 0
418 0 FBIS3-45661 0
418 0 FBIS3-45662 0
418 0 FBIS3-45833 0
418 0 FBIS3-45839 0
418 0 FBIS3-45950 0
418 0 FBIS3-46142 0
418 0 FBIS3-46382 0
418 0 FBIS3-46525 0
418 0 FBIS3-46596 0
418 0 FBIS3-46614 0
418 0 FBIS3-46915 0
418 0 FBIS3-47084 0
418 0 FBIS3-48284 0
418 0 FBIS3-48289 0
418 0 FBIS3-48296 0
418 0 FBIS3-48482 0
418 0 FBIS3-48483 0
418 0 FBIS3-48927 0
418 0 FBIS3-50081 0
418 0 FBIS3-50334 0
418 0 FBIS3-51410 0
418 0 FBIS3-51474 0
418 0 FBIS3-52382 0
418 0 FBIS3-52628 0
418 0 FBIS3-52893 0
418 0 FBIS3-53204 0
418 0 FBIS3-54460 0
418 0 FBIS3-54461 0
418 0 FBIS3-55250 0
418 0 FBIS3-5542 0
418 0 FBIS3-55454 0
418 0 FBIS3-56862 0
418 0 FBIS3-58 0
418 0 FBIS3-58022 0
418 0 FBIS3-59260 0
418 0 FBIS3-59261 0
418 0 FBIS3-59272 0
418 0 FBIS3-59276 0
418 0 FBIS3-59296 0
418 0 FBIS3-59362 0
418 0 FBIS3-59363 0
418 0 FBIS3-59398 0
418 0 FBIS3-59491 0
418 0 FBIS3-59791 0
418 0 FBIS3-60342 0
418 0 FBIS3-60477 0
418 0 FBIS3-60519 0
418 0 FBIS3-60537 0
418 0 FBIS3-60547 0
418 0 FBIS3-60578 0
418 0 FBIS3-61090 0
418 0 FBIS3-61192 0
418 0 FBIS3-61277 0
418 0 FBIS3-61286 0
418 0 FBIS3-61307 0
418 0 FBIS3-61335 0
418 0 FBIS3-61336 0
418 0 FBIS3-61392 0
418 0 FBIS3-67 0
418 0 FBIS3-6859 0
418 0 FBIS3-6967 0
418 0 FBIS3-7183 0
418 0 FBIS3-8803 0
418 0 FBIS4-11284 0
418 0 FBIS4-1141 0
418 0 FBIS4-12481 0
418 0 FBIS4-13 0
418 0 FBIS4-1627 0
418 0 FBIS4-1781 0
418 0 FBIS4-1843 0
418 0 FBIS4-1844 0
418 0 FBIS4-1860 0
418 0 FBIS4-1861 0
418 0 FBIS4-1866 0
418 0 FBIS4-19 0
418 0 FBIS4-1988 0
418 0 FBIS4-20068 0
418 0 FBIS4-20313 0
418 0 FBIS4-20314 0
418 0 FBIS4-20351 0
418 0 FBIS4-20387 0
418 0 FBIS4-20420 0
418 0 FBIS4-2047 0
418 0 FBIS4-20504 0
418 0 FBIS4-2052 0
418 0 FBIS4-2204 0
418 0 FBIS4-22286 0
418 0 FBIS4-22687 0
418 0 FBIS4-23549 0
418 0 FBIS4-25207 0
418 0 FBIS4-25261 0
418 0 FBIS4-26426 0
418 0 FBIS4-26610 0
418 0 FBIS4-29 0
418 0 FBIS4-2959 0
418 0 FBIS4-30972 0
418 0 FBIS4-31787 0
418 0 FBIS4-33854 0
418 0 FBIS4-37350 0
418 0 FBIS4-3757 0
418 0 FBIS4-39271 0
418 0 FBIS4-4067 0
418 0 FBIS4-41251 0
418 0 FBIS4-42 0
418 0 FBIS4-42678 0
418 0 FBIS4-44892 0
418 0 FBIS4-44913 0
418 0 FBIS4-45041 0
418 0 FBIS4-45661 0
418 0 FBIS4-46444 0
418 0 FBIS4-46469 0
418 0 FBIS4-46675 0
418 0 FBIS4-46889 0
418 0 FBIS4-46907 0
418 0 FBIS4-47081 0
418 0 FBIS4-47124 0
418 0 FBIS4-47134 0
418 0 FBIS4-47155 0
418 0 FBIS4-47156 0
418 0 FBIS4-47609 0
418 0 FBIS4-47613 0
418 0 FBIS4-47623 0
418 0 FBIS4-47629 0
418 0 FBIS4-49021 0
418 0 FBIS4-49245 0
418 0 FBIS4-49832 0
418 0 FBIS4-50706 0
418 0 FBIS4-50913 0
418 0 FBIS4-51345 0
418 0 FBIS4-51503 0
418 0 FBIS4-51932 0
418 0 FBIS4-52044 0
418 0 FBIS4-52340 0
418 0 FBIS4-52359 0
418 0 FBIS4-52449 0
418 0 FBIS4-52587 0
418 0 FBIS4-52754 0
418 0 FBIS4-53078 0
418 0 FBIS4-53182 0
418 0 FBIS4-53281 0
418 0 FBIS4-53455 0
418 0 FBIS4-53858 0
418 0 FBIS4-53862 0
418 0 FBIS4-54007 0
418 0 FBIS4-54567 0
418 0 FBIS4-56282 0
418 0 FBIS4-56569 0
418 0 FBIS4-56953 0
418 0 FBIS4-57433 0
418 0 FBIS4-58615 0
418 0 FBIS4-60251 0
418 0 FBIS4-61316 0
418 0 FBIS4-65102 0
418 0 FBIS4-66161 0
418 0 FBIS4-66166 0
418 0 FBIS4-66185 0
418 0 FBIS4-66187 0
418 0 FBIS4-66191 0
418 0 FBIS4-66194 0
418 0 FBIS4-66272 0
418 0 FBIS4-66277 0
418 0 FBIS4-66308 0
418 0 FBIS4-66382 0
418 0 FBIS4-67164 0
418 0 FBIS4-67320 0
418 0 FBIS4-67670 0
418 0 FBIS4-68433 0
418 0 FBIS4-68445 0
418 0 FBIS4-68495 0
418 0 FBIS4-68782 0
418 0 FBIS4-68893 0
418 0 FBIS4-8351 0
418 0 FR940104-0-00032 0
418 0 FR940104-0-00033 0
418 0 FR940104-0-00034 0
418 0 FR940110-1-00057 0
418 0 FR940110-1-00097 0
418 0 FR940110-2-00087 0
418 0 FR940112-1-00044 0
418 0 FR940126-2-00027 0
418 0 FR940127-2-00130 0
418 0 FR940127-2-00141 0
418 0 FR940128-2-00017 0
418 0 FR940203-0-00084 0
418 0 FR940204-2-00133 0
418 0 FR940204-2-00135 0
418 0 FR940204-2-00172 0
418 0 FR940207-2-00185 0
418 0 FR940208-2-00111 0
418 0 FR940214-0-00030 0
418 0 FR940214-1-00010 0
418 0 FR940222-2-00078 0
418 0 FR940223-1-00052 0
418 0 FR940304-1-00018 0
418 0 FR940304-1-00087 0
418 0 FR940304-1-00088 0
418 0 FR940304-1-00142 0
418 0 FR940304-1-00143 0
418 0 FR940304-1-00156 0
418 0 FR940314-2-00132 0
418 0 FR940314-2-00134 0
418 0 FR940314-2-00150 0
418 0 FR940317-0-00006 0
418 0 FR940318-2-00248 0
418 0 FR940318-2-00271 0
418 0 FR940324-2-00005 1
418 0 FR940324-2-00020 0
418 0 FR940325-2-00042 0
418 0 FR940328-2-00096 0
418 0 FR940328-2-00123 0
418 0 FR940404-0-00060 0
418 0 FR940406-0-00036 0
418 0 FR940406-0-00037 0
418 0 FR940406-0-00190 0
418 0 FR940407-0-00013 0
418 0 FR940407-2-00128 0
418 0 FR940413-2-00008 1
418 0 FR940414-2-00012 0
418 0 FR940414-2-00127 0
418 0 FR940425-2-00076 0
418 0 FR940429-2-00129 0
418 0 FR940506-2-00147 0
418 0 FR940512-1-00010 0
418 0 FR940526-2-00096 0
418 0 FR940527-1-00092 0
418 0 FR940527-2-00135 0
418 0 FR940602-1-00023 0
418 0 FR940602-2-00125 0
418 0 FR940607-0-00012 0
418 0 FR940607-2-00107 0
418 0 FR940610-1-00037 0
418 0 FR940610-1-00039 0
418 0 FR940610-1-00040 0
418 0 FR940610-1-00042 0
418 0 FR940610-1-00045 0
418 0 FR940610-1-00046 0
418 0 FR940617-2-00175 0
418 0 FR940627-0-00171 0
418 0 FR940630-0-00097 0
418 0 FR940706-0-00024 0
418 0 FR940706-0-00082 0
418 0 FR940706-2-00097 0
418 0 FR940706-2-00143 0
418 0 FR940713-2-00044 0
418 0 FR940725-0-00039 0
418 0 FR940725-0-00040 0
418 0 FR940727-0-00066 0
418 0 FR940805-1-00013 0
418 0 FR940805-1-00134 0
418 0 FR940810-0-00097 0
418 0 FR940810-1-00044 0
418 0 FR940810-1-00047 0
418 0 FR940810-1-00052 0
418 0 FR940812-2-00247 0
418 0 FR940816-2-00118 0
418 0 FR940816-2-00123 0
418 0 FR940819-0-00028 0
418 0 FR940819-1-00007 0
418 0 FR940822-0-00067 0
418 0 FR940822-0-00077 0
418 0 FR940826-1-00010 0
418 0 FR940826-1-00011 0
418 0 FR940826-1-00015 0
418 0 FR940826-1-00016 0
418 0 FR940826-1-00019 0
418 0 FR940826-1-00020 0
418 0 FR940826-1-00022 0
418 0 FR940831-2-00145 0
418 0 FR940902-0-00122 0
418 0 FR940902-1-00048 0
418 0 FR940902-1-00088 0
418 0 FR940922-2-00117 0
418 0 FR940927-0-00088 0
418 0 FR941003-1-00053 0
418 0 FR941003-1-00056 0
418 0 FR941006-1-00082 0
418 0 FR941007-1-00094 0
418 0 FR941007-1-00104 0
418 0 FR941007-1-00119 0
418 0 FR941007-1-00143 0
418 0 FR941007-1-00144 0
418 0 FR941007-1-00145 0
418 0 FR941007-1-00170 0
418 0 FR941007-1-00171 0
418 0 FR941007-1-00172 0
418 0 FR941011-0-00033 0
418 0 FR941011-0-00034 0
418 0 FR941011-0-00036 0
418 0 FR941011-0-00037 0
418 0 FR941011-0-00038 0
418 0 FR941011-0-00042 0
418 0 FR941012-2-00120 0
418 0 FR941012-2-00122 0
418 0 FR941013-2-00139 0
418 0 FR941019-0-00025 0
418 0 FR941019-2-00199 0
418 0 FR941021-0-00121 0
418 0 FR941027-2-00007 0
418 0 FR941031-2-00125 0
418 0 FR941107-0-00034 0
418 0 FR941117-0-00014 0
418 0 FR941122-2-00102 0
418 0 FR941122-2-00103 0
418 0 FR941122-2-00105 0
418 0 FR941128-2-00180 0
418 0 FR941130-0-00122 0
418 0 FR941202-1-00033 0
418 0 FR941207-2-00074 0
418 0 FR941216-1-00058 0
418 0 FR941219-2-00148 0
418 0 FR941220-2-00084 0
418 0 FT911-1628 0
418 0 FT911-1662 0
418 0 FT911-2796 0
418 0 FT911-2983 0
418 0 FT911-3013 0
418 0 FT911-3115 0
418 0 FT911-3167 0
418 0 FT911-4797 0
418 0 FT921-10705 0
418 0 FT921-11243 1
418 0 FT921-12150 0
418 0 FT921-12365 0
418 0 FT921-12422 0
418 0 FT921-13026 0
418 0 FT921-13226 0
418 0 FT921-13247 0
418 0 FT921-13410 0
418 0 FT921-14152 0
418 0 FT921-15190 0
418 0 FT921-15216 0
418 0 FT921-15222 0
418 0 FT921-15865 0
418 0 FT921-16022 0
418 0 FT921-16281 0
418 0 FT921-1908 0
418 0 FT921-2544 0
418 0 FT921-2773 0
418 0 FT921-3267 0
418 0 FT921-3276 0
418 0 FT921-3367 0
418 0 FT921-3874 0
418 0 FT921-4035 0
418 0 FT921-4189 0
418 0 FT921-4711 0
418 0 FT921-4951 0
418 0 FT921-4952 0
418 0 FT921-5146 0
418 0 FT921-609 0
418 0 FT921-6385 0
418 0 FT921-7099 0
418 0 FT921-7123 0
418 0 FT921-7499 0
418 0 FT921-8977 0
418 0 FT921-9113 0
418 0 FT921-944 0
418 0 FT921-9478 0
418 0 FT922-10141 0
418 0 FT922-10615 0
418 0 FT922-10939 0
418 0 FT922-11583 0
418 0 FT922-1195 0
418 0 FT922-12963 0
418 0 FT922-13038 0
418 0 FT922-14642 0
418 0 FT922-14743 0
418 0 FT922-14752 0
418 0 FT922-14964 0
418 0 FT922-15276 0
418 0 FT922-2219 0
418 0 FT922-3033 0
418 0 FT922-3388 1
418 0 FT922-3458 0
418 0 FT922-4126 1
418 0 FT922-4172 1
418 0 FT922-4523 0
418 0 FT922-5116 0
418 0 FT922-5400 0
418 0 FT922-5444 1
418 0 FT922-5883 0
418 0 FT922-6429 0
418 0 FT922-7238 0
418 0 FT922-7249 0
418 0 FT922-802 0
418 0 FT922-8790 0
418 0 FT922-9247 0
418 0 FT922-9718 0
418 0 FT923-10014 1
418 0 FT923-10926 0
418 0 FT923-11349 0
418 0 FT923-11428 0
418 0 FT923-11430 0
418 0 FT923-11572 0
418 0 FT923-11642 0
418 0 FT923-11875 0
418 0 FT923-12175 0
418 0 FT923-12530 0
418 0 FT923-12693 0
418 0 FT923-12797 0
418 0 FT923-13413 0
418 0 FT923-13478 0
418 0 FT923-13647 0
418 0 FT923-14061 0
418 0 FT923-1499 0
418 0 FT923-15504 0
418 0 FT923-1720 0
418 0 FT923-2825 0
418 0 FT923-3589 0
418 0 FT923-4029 0
418 0 FT923-4234 0
418 0 FT923-4522 0
418 0 FT923-4689 0
418 0 FT923-5989 0
418 0 FT923-6063 0
418 0 FT923-7542 0
418 0 FT923-7743 0
418 0 FT923-8009 0
418 0 FT923-8022 0
418 0 FT923-8873 0
418 0 FT923-9487 0
418 0 FT923-9979 0
418 0 FT924-10247 1
418 0 FT924-1054 1
418 0 FT924-10987 0
418 0 FT924-11448 0
418 0 FT924-11669 0
418 0 FT924-11967 0
418 0 FT924-11987 0
418 0 FT924-12067 0
418 0 FT924-13005 0
418 0 FT924-13150 0
418 0 FT924-14227 0
418 0 FT924-14573 0
418 0 FT924-14905 0
418 0 FT924-15658 1
418 0 FT924-15807 0
418 0 FT924-1601 0
418 0 FT924-16061 0
418 0 FT924-2270 0
418 0 FT924-2388 0
418 0 FT924-2668 0
418 0 FT924-2984 0
418 0 FT924-3404 0
418 0 FT924-3414 0
418 0 FT924-3734 0
418 0 FT924-3800 0
418 0 FT924-4337 0
418 0 FT924-4403 0
418 0 FT924-5019 0
418 0 FT924-5181 1
418 0 FT924-625 0
418 0 FT924-6271 1
418 0 FT924-6277 1
418 0 FT924-6324 0
418 0 FT924-6563 0
418 0 FT924-7113 0
418 0 FT924-7673 1
418 0 FT924-7816 0
418 0 FT924-8980 0
418 0 FT924-9192 0
418 0 FT924-9261 1
418 0 FT924-9362 0
418 0 FT924-9435 0
418 0 FT931-10482 0
418 0 FT931-10515 0
418 0 FT931-10731 0
418 0 FT931-10734 0
418 0 FT931-11625 0
418 0 FT931-12029 0
418 0 FT931-12119 0
418 0 FT931-12134 0
418 0 FT931-12161 0
418 0 FT931-12184 0
418 0 FT931-12188 0
418 0 FT931-12776 0
418 0 FT931-13234 0
418 0 FT931-13346 0
418 0 FT931-13414 0
418 0 FT931-13806 0
418 0 FT931-14153 0
418 0 FT931-14761 1
418 0 FT931-14911 0
418 0 FT931-15931 0
418 0 FT931-15934 0
418 0 FT931-16714 0
418 0 FT931-2686 0
418 0 FT931-3052 0
418 0 FT931-4140 0
418 0 FT931-4330 0
418 0 FT931-4932 0
418 0 FT931-5450 0
418 0 FT931-5490 0
418 0 FT931-5977 0
418 0 FT931-6098 0
418 0 FT931-6713 0
418 0 FT931-6723 0
418 0 FT931-6855 0
418 0 FT931-6878 0
418 0 FT931-6982 0
418 0 FT931-8082 1
418 0 FT931-8107 0
418 0 FT931-8302 0
418 0 FT932-10066 0
418 0 FT932-10159 0
418 0 FT932-10165 0
418 0 FT932-10575 0
418 0 FT932-10678 0
418 0 FT932-10773 0
418 0 FT932-10916 0
418 0 FT932-10923 0
418 0 FT932-12033 0
418 0 FT932-12139 0
418 0 FT932-12266 0
418 0 FT932-13086 0
418 0 FT932-13100 0
418 0 FT932-13156 0
418 0 FT932-13251 0
418 0 FT932-13261 0
418 0 FT932-13987 0
418 0 FT932-14200 0
418 0 FT932-1450 0
418 0 FT932-14569 1
418 0 FT932-14597 0
418 0 FT932-15115 0
418 0 FT932-15933 0
418 0 FT932-16700 0
418 0 FT932-16887 0
418 0 FT932-2634 0
418 0 FT932-3272 0
418 0 FT932-3502 0
418 0 FT932-3525 0
418 0 FT932-3988 0
418 0 FT932-5307 0
418 0 FT932-6548 0
418 0 FT932-8875 0
418 0 FT932-974 0
418 0 FT933-1021 0
418 0 FT933-10263 0
418 0 FT933-10863 0
418 0 FT933-10964 0
418 0 FT933-11174 0
418 0 FT933-11673 0
418 0 FT933-11731 0
418 0 FT933-11765 0
418 0 FT933-12469 0
418 0 FT933-13625 0
418 0 FT933-13627 0
418 0 FT933-13673 0
418 0 FT933-13826 0
418 0 FT933-13882 0
418 0 FT933-14501 0
418 0 FT933-15022 1
418 0 FT933-15026 1
418 0 FT933-15042 0
418 0 FT933-15043 0
418 0 FT933-15051 0
418 0 FT933-1751 0
418 0 FT933-2382 0
418 0 FT933-2388 0
418 0 FT933-2485 0
418 0 FT933-2938 0
418 0 FT933-3735 0
418 0 FT933-3808 0
418 0 FT933-4024 0
418 0 FT933-4306 0
418 0 FT933-5164 0
418 0 FT933-5257 0
418 0 FT933-5922 0
418 0 FT933-6599 0
418 0 FT933-6695 0
418 0 FT933-7372 0
418 0 FT933-7381 0
418 0 FT933-8195 0
418 0 FT933-9582 0
418 0 FT934-10170 0
418 0 FT934-10179 0
418 0 FT934-11239 0
418 0 FT934-12289 0
418 0 FT934-12324 0
418 0 FT934-13106 0
418 0 FT934-13118 0
418 0 FT934-13134 0
418 0 FT934-13137 0
418 0 FT934-13196 0
418 0 FT934-13280 0
418 0 FT934-17046 0
418 0 FT934-2329 0
418 0 FT934-2330 0
418 0 FT934-3022 0
418 0 FT934-3652 0
418 0 FT934-3727 0
418 0 FT934-4176 0
418 0 FT934-4187 1
418 0 FT934-4279 0
418 0 FT934-4482 0
418 0 FT934-6020 0
418 0 FT934-6264 0
418 0 FT934-6760 0
418 0 FT934-7186 1
418 0 FT934-748 0
418 0 FT934-7541 0
418 0 FT934-7868 1
418 0 FT934-8711 1
418 0 FT934-9028 0
418 0 FT934-9174 0
418 0 FT941-10740 0
418 0 FT941-1120 0
418 0 FT941-11345 0
418 0 FT941-12662 0
418 0 FT941-1310 0
418 0 FT941-13903 0
418 0 FT941-13933 0
418 0 FT941-14225 0
418 0 FT941-15262 0
418 0 FT941-15463 0
418 0 FT941-15693 0
418 0 FT941-15785 0
418 0 FT941-16080 0
418 0 FT941-163 0
418 0 FT941-16479 0
418 0 FT941-17082 0
418 0 FT941-17647 0
418 0 FT941-17702 0
418 0 FT941-2594 0
418 0 FT941-2603 0
418 0 FT941-3169 0
418 0 FT941-3576 0
418 0 FT941-3577 0
418 0 FT941-5395 0
418 0 FT941-5516 0
418 0 FT941-6095 0
418 0 FT941-6314 0
418 0 FT941-643 0
418 0 FT941-6598 0
418 0 FT941-6604 0
418 0 FT941-6980 0
418 0 FT941-6986 0
418 0 FT941-7743 0
418 0 FT941-8423 0
418 0 FT941-8846 0
418 0 FT941-9564 0
418 0 FT941-9953 0
418 0 FT942-10646 0
418 0 FT942-10941 0
418 0 FT942-11642 0
418 0 FT942-12190 0
418 0 FT942-12346 0
418 0 FT942-12748 1
418 0 FT942-12861 0
418 0 FT942-12968 0
418 0 FT942-13614 1
418 0 FT942-13856 0
418 0 FT942-14153 0
418 0 FT942-14172 0
418 0 FT942-14418 0
418 0 FT942-14647 0
418 0 FT942-15100 0
418 0 FT942-1520 0
418 0 FT942-1587 1
418 0 FT942-16129 0
418 0 FT942-17318 0
418 0 FT942-2541 0
418 0 FT942-2625 0
418 0 FT942-3897 0
418 0 FT942-3998 0
418 0 FT942-4193 0
418 0 FT942-4452 0
418 0 FT942-5384 0
418 0 FT942-6670 0
418 0 FT942-7459 0
418 0 FT942-7602 0
418 0 FT942-8137 1
418 0 FT942-8156 0
418 0 FT942-8173 0
418 0 FT942-9115 0
418 0 FT942-9478 0
418 0 FT942-9542 0
418 0 FT942-9834 0
418 0 FT943-10995 0
418 0 FT943-12360 0
418 0 FT943-12611 0
418 0 FT943-12721 0
418 0 FT943-1310 0
418 0 FT943-13469 0
418 0 FT943-13636 0
418 0 FT943-14065 0
418 0 FT943-14877 1
418 0 FT943-15526 0
418 0 FT943-16299 0
418 0 FT943-16724 0
418 0 FT943-3089 0
418 0 FT943-3102 0
418 0 FT943-3115 0
418 0 FT943-3128 0
418 0 FT943-3142 0
418 0 FT943-3144 0
418 0 FT943-3148 0
418 0 FT943-3159 0
418 0 FT943-389 0
418 0 FT943-4329 0
418 0 FT943-4549 0
418 0 FT943-4764 0
418 0 FT943-4841 0
418 0 FT943-5440 0
418 0 FT943-623 0
418 0 FT943-6287 0
418 0 FT943-8664 0
418 0 FT943-9239 0
418 0 FT943-9475 0
418 0 FT944-10924 0
418 0 FT944-11031 0
418 0 FT944-11195 0
418 0 FT944-11486 0
418 0 FT944-11706 0
418 0 FT944-12082 0
418 0 FT944-13446 0
418 0 FT944-13474 0
418 0 FT944-13587 0
418 0 FT944-14418 0
418 0 FT944-14603 0
418 0 FT944-14710 0
418 0 FT944-15137 0
418 0 FT944-15465 0
418 0 FT944-15890 0
418 0 FT944-15892 1
418 0 FT944-18799 0
418 0 FT944-2248 0
418 0 FT944-2249 0
418 0 FT944-2250 0
418 0 FT944-2254 0
418 0 FT944-2255 0
418 0 FT944-2256 0
418 0 FT944-2261 0
418 0 FT944-2262 0
418 0 FT944-2263 0
418 0 FT944-2265 0
418 0 FT944-2267 0
418 0 FT944-2689 0
418 0 FT944-2690 0
418 0 FT944-2691 0
418 0 FT944-2695 0
418 0 FT944-2696 0
418 0 FT944-2697 0
418 0 FT944-2702 0
418 0 FT944-2703 0
418 0 FT944-2704 0
418 0 FT944-2706 0
418 0 FT944-2708 0
418 0 FT944-3026 0
418 0 FT944-3252 0
418 0 FT944-3836 0
418 0 FT944-5115 0
418 0 FT944-5432 0
418 0 FT944-5433 0
418 0 FT944-56 0
418 0 FT944-60 0
418 0 FT944-6228 0
418 0 FT944-63 0
418 0 FT944-7053 0
418 0 FT944-76 0
418 0 FT944-769 0
418 0 FT944-83 0
418 0 FT944-84 0
418 0 FT944-846 0
418 0 FT944-8654 0
418 0 FT944-8922 0
418 0 FT944-8937 0
418 0 FT944-90 0
418 0 FT944-9730 0
418 0 FT944-9973 1
418 0 FT944-9983 0
418 0 LA010189-0032 0
418 0 LA010189-0046 0
418 0 LA010189-0139 0
418 0 LA010189-0192 0
418 0 LA010190-0021 0
418 0 LA010190-0056 0
418 0 LA010190-0064 0
418 0 LA010289-0001 0
418 0 LA010289-0021 0
418 0 LA010289-0063 0
418 0 LA010289-0064 0
418 0 LA010289-0078 0
418 0 LA010289-0086 0
418 0 LA010290-0021 0
418 0 LA010589-0018 0
418 0 LA010590-0147 0
418 0 LA010689-0063 0
418 0 LA010690-0045 0
418 0 LA010790-0121 1
418 0 LA010790-0199 0
418 0 LA010790-0210 0
418 0 LA010889-0017 0
418 0 LA010889-0023 0
418 0 LA010889-0025 0
418 0 LA010889-0142 0
418 0 LA011089-0031 0
418 0 LA011090-0096 0
418 0 LA011190-0150 0
418 0 LA011490-0060 0
418 0 LA011589-0027 0
418 0 LA011589-0036 0
418 0 LA011590-0005 0
418 0 LA011690-0099 0
418 0 LA011789-0108 0
418 0 LA011889-0128 1
418 0 LA012289-0069 0
418 0 LA012389-0084 0
418 0 LA012390-0005 0
418 0 LA012589-0133 0
418 0 LA012590-0067 1
418 0 LA012689-0215 0
418 0 LA012690-0118 0
418 0 LA012789-0063 0
418 0 LA012789-0085 0
418 0 LA012890-0046 0
418 0 LA012890-0056 1
418 0 LA012890-0061 0
418 0 LA012989-0027 0
418 0 LA013089-0099 0
418 0 LA013190-0068 0
418 0 LA020389-0047 0
418 0 LA020489-0057 0
418 0 LA020489-0135 0
418 0 LA020689-0037 0
418 0 LA020690-0084 0
418 0 LA020790-0011 0
418 0 LA020890-0004 0
418 0 LA020989-0003 0
418 0 LA020990-0168 0
418 0 LA021089-0058 0
418 0 LA021190-0012 0
418 0 LA021190-0036 0
418 0 LA021190-0162 0
418 0 LA021289-0087 0
418 0 LA021589-0048 0
418 0 LA021689-0049 1
418 0 LA021689-0165 0
418 0 LA021690-0147 0
418 0 LA021889-0106 1
418 0 LA021889-0107 0
418 0 LA021989-0057 0
418 0 LA022190-0100 0
418 0 LA022489-0087 0
418 0 LA022490-0056 0
418 0 LA022490-0139 0
418 0 LA022590-0049 0
418 0 LA022590-0078 1
418 0 LA022789-0034 0
418 0 LA030190-0153 0
418 0 LA030290-0124 0
418 0 LA030390-0141 0
418 0 LA030490-0097 0
418 0 LA030490-0223 0
418 0 LA030589-0108 0
418 0 LA030589-0235 0
418 0 LA030589-0238 0
418 0 LA030790-0137 0
418 0 LA030890-0005 1
418 0 LA030890-0031 0
418 0 LA030890-0130 0
418 0 LA030989-0088 0
418 0 LA031089-0038 0
418 0 LA031090-0105 0
418 0 LA031090-0107 0
418 0 LA031090-0108 0
418 0 LA031090-0157 0
418 0 LA031189-0119 0
418 0 LA031190-0224 1
418 0 LA031289-0032 0
418 0 LA031390-0138 0
418 0 LA031689-0165 0
418 0 LA031789-0022 0
418 0 LA031789-0147 0
418 0 LA031889-0003 0
418 0 LA031890-0174 0
418 0 LA031890-0242 0
418 0 LA031989-0048 1
418 0 LA031989-0069 0
418 0 LA031989-0088 0
418 0 LA031989-0231 0
418 0 LA031989-0232 0
418 0 LA031990-0140 0
418 0 LA032290-0003 0
418 0 LA032290-0041 0
418 0 LA032389-0068 0
418 0 LA032590-0012 0
418 0 LA032590-0098 0
418 0 LA032689-0012 0
418 0 LA032689-0015 0
418 0 LA032689-0076 0
418 0 LA032690-0046 0
418 0 LA032790-0099 0
418 0 LA032790-0142 0
418 0 LA032890-0108 0
418 0 LA032989-0079 0
418 0 LA032989-0112 1
418 0 LA033189-0014 0
418 0 LA033189-0134 0
418 0 LA040189-0077 0
418 0 LA040189-0137 0
418 0 LA040190-0009 0
418 0 LA040290-0014 0
418 0 LA040490-0003 0
418 0 LA040590-0236 0
418 0 LA040789-0049 0
418 0 LA040989-0149 0
418 0 LA041089-0002 0
418 0 LA041089-0028 0
418 0 LA041089-0053 1
418 0 LA041090-0125 0
418 0 LA041290-0191 0
418 0 LA041290-0195 0
418 0 LA041390-0194 0
418 0 LA041590-0153 0
418 0 LA041689-0203 0
418 0 LA041689-0221 0
418 0 LA041790-0019 0
418 0 LA041890-0094 0
418 0 LA042189-0088 0
418 0 LA042190-0113 0
418 0 LA042290-0194 0
418 0 LA042389-0209 0
418 0 LA042489-0007 0
418 0 LA042489-0102 0
418 0 LA042590-0136 0
418 0 LA042690-0071 0
418 0 LA050290-0042 0
418 0 LA050290-0141 1
418 0 LA050489-0163 0
418 0 LA050490-0069 0
418 0 LA050490-0154 1
418 0 LA050889-0042 0
418 0 LA050989-0070 0
418 0 LA051090-0091 0
418 0 LA051189-0090 0
418 0 LA051289-0167 0
418 0 LA051289-0169 1
418 0 LA051389-0049 0
418 0 LA051390-0093 0
418 0 LA051489-0133 0
418 0 LA051589-0093 0
418 0 LA051790-0120 0
418 0 LA052090-0184 0
418 0 LA052090-0246 0
418 0 LA052189-0189 0
418 0 LA052189-0196 0
418 0 LA052389-0120 0
418 0 LA052390-0175 0
418 0 LA052589-0123 0
418 0 LA052589-0174 1
418 0 LA052590-0132 1
418 0 LA052590-0204 0
418 0 LA052689-0094 0
418 0 LA052790-0121 0
418 0 LA052790-0191 0
418 0 LA052889-0014 0
418 0 LA052889-0025 0
418 0 LA052889-0085 0
418 0 LA053190-0041 0
418 0 LA060389-0032 0
418 0 LA060390-0139 0
418 0 LA060390-0150 0
418 0 LA060489-0053 1
418 0 LA060489-0102 0
418 0 LA060489-0221 0
418 0 LA060589-0046 0
418 0 LA060790-0245 0
418 0 LA060889-0184 0
418 0 LA060989-0031 0
418 0 LA060989-0037 0
418 0 LA060989-0129 0
418 0 LA061089-0041 0
418 0 LA061090-0127 0
418 0 LA061289-0014 0
418 0 LA061289-0092 0
418 0 LA061389-0122 0
418 0 LA061489-0067 0
418 0 LA061489-0134 0
418 0 LA061490-0080 0
418 0 LA061589-0025 0
418 0 LA061590-0117 0
418 0 LA061789-0105 0
418 0 LA061790-0038 1
418 0 LA061790-0077 0
418 0 LA061889-0206 0
418 0 LA062189-0071 0
418 0 LA062189-0078 0
418 0 LA062189-0094 0
418 0 LA062190-0035 1
418 0 LA062190-0103 0
418 0 LA062290-0004 0
418 0 LA062390-0085 0
418 0 LA062490-0164 0
418 0 LA062589-0049 0
418 0 LA062589-0065 0
418 0 LA062589-0187 0
418 0 LA062690-0003 0
418 0 LA062789-0083 0
418 0 LA062789-0089 0
418 0 LA062889-0123 1
418 0 LA062889-0124 0
418 0 LA062989-0043 0
418 0 LA062989-0045 0
418 0 LA062989-0141 0
418 0 LA062990-0075 0
418 0 LA063089-0034 0
418 0 LA070189-0027 0
418 0 LA070189-0112 0
418 0 LA070189-0124 0
418 0 LA070190-0030 1
418 0 LA070190-0120 0
418 0 LA070289-0046 0
418 0 LA070289-0157 0
418 0 LA070290-0021 0
418 0 LA070290-0095 0
418 0 LA070489-0044 0
418 0 LA070490-0033 0
418 0 LA070490-0045 0
418 0 LA070590-0155 0
418 0 LA070689-0124 0
418 0 LA070690-0086 1
418 0 LA070690-0141 0
418 0 LA070789-0025 0
418 0 LA070789-0167 0
418 0 LA070889-0130 1
418 0 LA070890-0029 0
418 0 LA070890-0125 0
418 0 LA070989-0048 0
418 0 LA070990-0112 0
418 0 LA071089-0019 0
418 0 LA071290-0083 0
418 0 LA071390-0149 0
418 0 LA071589-0053 0
418 0 LA071590-0037 0
418 0 LA071590-0084 0
418 0 LA071590-0182 0
418 0 LA071689-0125 0
418 0 LA071790-0037 0
418 0 LA071790-0151 0
418 0 LA071790-0171 0
418 0 LA071989-0136 0
418 0 LA072090-0136 1
418 0 LA072190-0059 0
418 0 LA072190-0136 0
418 0 LA072290-0075 0
418 0 LA072489-0032 0
418 0 LA072589-0019 0
418 0 LA072889-0076 0
418 0 LA072990-0110 0
418 0 LA072990-0142 0
418 0 LA072990-0212 0
418 0 LA073089-0030 1
418 0 LA073089-0077 0
418 0 LA080190-0085 0
418 0 LA080190-0148 0
418 0 LA080290-0140 0
418 0 LA080290-0158 0
418 0 LA080389-0054 0
418 0 LA080390-0070 1
418 0 LA080490-0024 0
418 0 LA080589-0003 0
418 0 LA080989-0055 0
418 0 LA081089-0160 0
418 0 LA081090-0135 0
418 0 LA081190-0140 0
418 0 LA081289-0097 0
418 0 LA081290-0037 0
418 0 LA081389-0088 0
418 0 LA081489-0090 0
418 0 LA081789-0054 0
418 0 LA081989-0105 0
418 0 LA081989-0135 0
418 0 LA081989-0140 0
418 0 LA081990-0178 1
418 0 LA082089-0024 0
418 0 LA082089-0029 0
418 0 LA082089-0111 0
418 0 LA082089-0116 0
418 0 LA082489-0103 0
418 0 LA082589-0152 0
418 0 LA082590-0006 0
418 0 LA082590-0118 0
418 0 LA082689-0043 0
418 0 LA082690-0191 0
418 0 LA082889-0038 0
418 0 LA082890-0058 0
418 0 LA082989-0013 1
418 0 LA082990-0044 0
418 0 LA083089-0071 0
418 0 LA083190-0132 0
418 0 LA090189-0065 0
418 0 LA090190-0042 0
418 0 LA090290-0153 1
418 0 LA090389-0013 0
418 0 LA090490-0035 0
418 0 LA090590-0162 0
418 0 LA090689-0029 0
418 0 LA090790-0011 0
418 0 LA090889-0025 0
418 0 LA090890-0086 0
418 0 LA090989-0109 0
418 0 LA090990-0130 0
418 0 LA090990-0155 0
418 0 LA091189-0078 0
418 0 LA091289-0087 0
418 0 LA091290-0049 0
418 0 LA091290-0116 0
418 0 LA091389-0117 0
418 0 LA091489-0058 0
418 0 LA091490-0163 0
418 0 LA091589-0023 0
418 0 LA091589-0105 0
418 0 LA091590-0017 0
418 0 LA091590-0123 0
418 0 LA091689-0054 0
418 0 LA091789-0145 0
418 0 LA091790-0020 1
418 0 LA091890-0056 0
418 0 LA091890-0062 0
418 0 LA091989-0082 0
418 0 LA091989-0137 0
418 0 LA092089-0084 0
418 0 LA092089-0133 0
418 0 LA092190-0163 0
418 0 LA092289-0128 0
418 0 LA092289-0139 0
418 0 LA092390-0041 0
418 0 LA092689-0138 0
418 0 LA092690-0018 0
418 0 LA092690-0143 0
418 0 LA092789-0125 0
418 0 LA092790-0008 0
418 0 LA092989-0011 0
418 0 LA093089-0124 0
418 0 LA093089-0125 0
418 0 LA093090-0005 0
418 0 LA093090-0057 0
418 0 LA093090-0241 0
418 0 LA100189-0028 0
418 0 LA100189-0190 0
418 0 LA100189-0191 0
418 0 LA100389-0008 0
418 0 LA100389-0009 0
418 0 LA100390-0070 0
418 0 LA100390-0174 0
418 0 LA100489-0122 0
418 0 LA100490-0042 0
418 0 LA100589-0090 0
418 0 LA100589-0143 0
418 0 LA100589-0171 0
418 0 LA100590-0151 0
418 0 LA100690-0013 0
418 0 LA100789-0063 0
418 0 LA100790-0133 0
418 0 LA100790-0223 0
418 0 LA100790-0250 0
418 0 LA100889-0034 0
418 0 LA101089-0136 0
418 0 LA101090-0092 0
418 0 LA101189-0110 0
418 0 LA101189-0133 0
418 0 LA101190-0124 0
418 0 LA101289-0171 0
418 0 LA101289-0201 0
418 0 LA101290-0114 0
418 0 LA101389-0027 0
418 0 LA101389-0050 0
418 0 LA101390-0138 0
418 0 LA101489-0053 0
418 0 LA101490-0028 0
418 0 LA101490-0062 0
418 0 LA101490-0130 0
418 0 LA101490-0187 0
418 0 LA101589-0043 0
418 0 LA101689-0036 0
418 0 LA101690-0073 0
418 0 LA101790-0107 0
418 0 LA101790-0130 0
418 0 LA101889-0008 0
418 0 LA101889-0067 0
418 0 LA101989-0007 0
418 0 LA101989-0105 0
418 0 LA101989-0183 0
418 0 LA101989-0216 0
418 0 LA102089-0117 0
418 0 LA102089-0174 0
418 0 LA102189-0054 0
418 0 LA102189-0172 0
418 0 LA102189-0173 0
418 0 LA102190-0066 0
418 0 LA102190-0084 0
418 0 LA102190-0086 0
418 0 LA102289-0073 0
418 0 LA102290-0047 0
418 0 LA102290-0133 0
418 0 LA102389-0100 0
418 0 LA102590-0214 0
418 0 LA102689-0121 0
418 0 LA102690-0106 0
418 0 LA102789-0074 0
418 0 LA102789-0107 0
418 0 LA102789-0141 0
418 0 LA102890-0020 0
418 0 LA102890-0115 0
418 0 LA102890-0218 0
418 0 LA102989-0072 0
418 0 LA102989-0145 0
418 0 LA102990-0069 0
418 0 LA102990-0130 0
418 0 LA103089-0029 0
418 0 LA103089-0035 0
418 0 LA103089-0049 0
418 0 LA103089-0095 0
418 0 LA103090-0062 0
418 0 LA103090-0140 0
418 0 LA103090-0174 0
418 0 LA103189-0027 0
418 0 LA103189-0034 0
418 0 LA103190-0031 0
418 0 LA103190-0114 0
418 0 LA103190-0129 0
418 0 LA110189-0009 0
418 0 LA110189-0056 0
418 0 LA110189-0101 0
418 0 LA110189-0128 0
418 0 LA110190-0003 0
418 0 LA110190-0037 0
418 0 LA110190-0042 0
418 0 LA110190-0079 0
418 0 LA110190-0129 0
418 0 LA110190-0130 0
418 0 LA110190-0162 0
418 0 LA110190-0234 0
418 0 LA110190-0252 0
418 0 LA110289-0028 0
418 0 LA110289-0060 0
418 0 LA110289-0074 0
418 0 LA110289-0075 0
418 0 LA110289-0085 0
418 0 LA110289-0103 0
418 0 LA110289-0119 0
418 0 LA110289-0172 0
418 0 LA110289-0175 0
418 0 LA110289-0201 0
418 0 LA110290-0015 0
418 0 LA110290-0064 0
418 0 LA110290-0088 0
418 0 LA110290-0090 0
418 0 LA110389-0120 0
418 0 LA110489-0168 0
418 0 LA110490-0054 0
418 0 LA110490-0142 0
418 0 LA110590-0004 0
418 0 LA110590-0082 0
418 0 LA110689-0088 0
418 0 LA110889-0065 0
418 0 LA110890-0121 0
418 0 LA111189-0018 0
418 0 LA111190-0181 0
418 0 LA111489-0147 0
418 0 LA111589-0069 0
418 0 LA111689-0253 0
418 0 LA111690-0033 1
418 0 LA111690-0045 1
418 0 LA111789-0106 0
418 0 LA111989-0141 0
418 0 LA111990-0002 0
418 0 LA112189-0047 0
418 0 LA112289-0106 0
418 0 LA112289-0108 0
418 0 LA112289-0129 0
418 0 LA112290-0068 0
418 0 LA112389-0024 0
418 0 LA112390-0159 0
418 0 LA112489-0080 1
418 0 LA112690-0022 0
418 0 LA112690-0036 0
418 0 LA112690-0109 0
418 0 LA112890-0032 1
418 0 LA112989-0070 0
418 0 LA112990-0019 0
418 0 LA112990-0052 0
418 0 LA112990-0226 0
418 0 LA113089-0182 0
418 0 LA113090-0138 0
418 0 LA120389-0052 0
418 0 LA120389-0218 0
418 0 LA120390-0107 1
418 0 LA120589-0128 0
418 0 LA120590-0100 0
418 0 LA120690-0001 0
418 0 LA120690-0136 0
418 0 LA120890-0135 0
418 0 LA120990-0215 0
418 0 LA121090-0012 0
418 0 LA121190-0054 0
418 0 LA121389-0163 0
418 0 LA121390-0027 0
418 0 LA121489-0007 0
418 0 LA121490-0039 0
418 0 LA121490-0102 0
418 0 LA121589-0061 0
418 0 LA121589-0136 1
418 0 LA121589-0198 0
418 0 LA121690-0156 0
418 0 LA121789-0075 0
418 0 LA121789-0164 0
418 0 LA121789-0168 0
418 0 LA121789-0218 0
418 0 LA121889-0081 0
418 0 LA121990-0145 0
418 0 LA122089-0057 0
418 0 LA122290-0083 0
418 0 LA122290-0137 0
418 0 LA122389-0021 0
418 0 LA122389-0074 0
418 0 LA122390-0022 0
418 0 LA122390-0084 0
418 0 LA122390-0085 0
418 0 LA122390-0086 0
418 0 LA122390-0102 0
418 0 LA122390-0110 0
418 0 LA122390-0117 0
418 0 LA122390-0218 0
418 0 LA122489-0008 0
418 0 LA122489-0017 0
418 0 LA122489-0035 0
418 0 LA122489-0119 0
418 0 LA122489-0170 0
418 0 LA122489-0177 0
418 0 LA122489-0198 0
418 0 LA122489-0201 0
418 0 LA122489-0217 0
418 0 LA122589-0047 0
418 0 LA122589-0051 0
418 0 LA122589-0058 0
418 0 LA122589-0081 0
418 0 LA122590-0043 0
418 0 LA122590-0045 0
418 0 LA122590-0060 0
418 0 LA122590-0064 0
418 0 LA122590-0108 1
418 0 LA122590-0117 0
418 0 LA122689-0002 0
418 0 LA122689-0015 0
418 0 LA122689-0085 0
418 0 LA122689-0149 0
418 0 LA122690-0038 0
418 0 LA122789-0030 0
418 0 LA122789-0032 0
418 0 LA122889-0033 0
418 0 LA122889-0092 0
418 0 LA122889-0160 0
418 0 LA122889-0195 0
418 0 LA122890-0035 1
418 0 LA122890-0102 0
418 0 LA122990-0055 0
418 0 LA122990-0069 0
418 0 LA122990-0108 0
418 0 LA123089-0028 0
418 0 LA123090-0136 0
418 0 LA123090-0151 0
418 0 LA123189-0003 0
418 0 LA123189-0053 0
418 0 LA123189-0120 0
418 0 LA123189-0180 0
418 0 LA123189-0189 0
418 0 LA123190-0018 0
418 0 LA123190-0042 0
418 0 LA123190-0047 0
418 0 LA123190-0057 0
