406 0 FBIS3-10133 0
406 0 FBIS3-1411 0
406 0 FBIS3-1790 0
406 0 FBIS3-18526 0
406 0 FBIS3-19276 0
406 0 FBIS3-20441 0
406 0 FBIS3-20890 0
406 0 FBIS3-2143 0
406 0 FBIS3-21522 0
406 0 FBIS3-21656 0
406 0 FBIS3-21668 0
406 0 FBIS3-21874 0
406 0 FBIS3-22090 0
406 0 FBIS3-22119 0
406 0 FBIS3-22274 0
406 0 FBIS3-22473 0
406 0 FBIS3-22490 0
406 0 FBIS3-22494 0
406 0 FBIS3-22496 0
406 0 FBIS3-22518 0
406 0 FBIS3-22546 0
406 0 FBIS3-22553 0
406 0 FBIS3-22555 0
406 0 FBIS3-22564 0
406 0 FBIS3-22573 0
406 0 FBIS3-22578 0
406 0 FBIS3-22580 0
406 0 FBIS3-22596 0
406 0 FBIS3-22635 0
406 0 FBIS3-22639 0
406 0 FBIS3-22659 0
406 0 FBIS3-22663 0
406 0 FBIS3-22664 0
406 0 FBIS3-22672 0
406 0 FBIS3-22679 0
406 0 FBIS3-22692 0
406 0 FBIS3-22693 0
406 0 FBIS3-22695 0
406 0 FBIS3-22713 0
406 0 FBIS3-23561 0
406 0 FBIS3-23858 0
406 0 FBIS3-24065 0
406 0 FBIS3-24177 0
406 0 FBIS3-24469 0
406 0 FBIS3-24623 0
406 0 FBIS3-25069 0
406 0 FBIS3-2516 0
406 0 FBIS3-28229 0
406 0 FBIS3-2925 0
406 0 FBIS3-3170 0
406 0 FBIS3-33468 0
406 0 FBIS3-3565 0
406 0 FBIS3-35813 0
406 0 FBIS3-36078 0
406 0 FBIS3-37759 0
406 0 FBIS3-37947 0
406 0 FBIS3-40377 0
406 0 FBIS3-40450 0
406 0 FBIS3-40645 0
406 0 FBIS3-40859 0
406 0 FBIS3-41671 0
406 0 FBIS3-41698 0
406 0 FBIS3-41702 0
406 0 FBIS3-41710 0
406 0 FBIS3-41742 0
406 0 FBIS3-41790 0
406 0 FBIS3-41792 0
406 0 FBIS3-41799 0
406 0 FBIS3-41801 0
406 0 FBIS3-41810 0
406 0 FBIS3-41824 0
406 0 FBIS3-41839 0
406 0 FBIS3-4209 0
406 0 FBIS3-42399 0
406 0 FBIS3-42400 0
406 0 FBIS3-42996 0
406 0 FBIS3-43034 0
406 0 FBIS3-44449 0
406 0 FBIS3-44484 0
406 0 FBIS3-44656 0
406 0 FBIS3-44993 0
406 0 FBIS3-50071 0
406 0 FBIS3-50776 0
406 0 FBIS3-5197 0
406 0 FBIS3-57077 0
406 0 FBIS3-58 0
406 0 FBIS3-58659 0
406 0 FBIS3-59753 0
406 0 FBIS3-59778 0
406 0 FBIS3-60336 0
406 0 FBIS3-60342 0
406 0 FBIS3-60398 0
406 0 FBIS3-60407 0
406 0 FBIS3-60412 0
406 0 FBIS3-60449 0
406 0 FBIS3-60490 0
406 0 FBIS3-60499 0
406 0 FBIS3-60514 0
406 0 FBIS3-60516 0
406 0 FBIS3-60525 0
406 0 FBIS3-60556 0
406 0 FBIS3-60557 0
406 0 FBIS3-60559 0
406 0 FBIS3-61442 0
406 0 FBIS3-61517 0
406 0 FBIS3-61532 0
406 0 FBIS3-61562 0
406 0 FBIS3-61569 0
406 0 FBIS3-61578 0
406 0 FBIS3-67 0
406 0 FBIS3-9140 0
406 0 FBIS3-9538 0
406 0 FBIS3-9700 0
406 0 FBIS3-9919 0
406 0 FBIS4-10723 0
406 0 FBIS4-11428 0
406 0 FBIS4-12842 0
406 0 FBIS4-14680 0
406 0 FBIS4-15877 0
406 0 FBIS4-20110 0
406 0 FBIS4-20345 0
406 0 FBIS4-20504 0
406 0 FBIS4-21022 0
406 0 FBIS4-21217 0
406 0 FBIS4-21232 0
406 0 FBIS4-21235 0
406 0 FBIS4-21379 0
406 0 FBIS4-22597 0
406 0 FBIS4-22887 0
406 0 FBIS4-22927 0
406 0 FBIS4-23435 0
406 0 FBIS4-2427 0
406 0 FBIS4-24482 0
406 0 FBIS4-25261 0
406 0 FBIS4-25555 0
406 0 FBIS4-25703 0
406 0 FBIS4-26773 0
406 0 FBIS4-27392 0
406 0 FBIS4-27625 0
406 0 FBIS4-27672 0
406 0 FBIS4-2775 0
406 0 FBIS4-30468 0
406 0 FBIS4-31697 0
406 0 FBIS4-3232 0
406 0 FBIS4-33295 0
406 0 FBIS4-37536 0
406 0 FBIS4-38534 0
406 0 FBIS4-40140 0
406 0 FBIS4-40436 0
406 0 FBIS4-44511 0
406 0 FBIS4-45041 0
406 0 FBIS4-45216 0
406 0 FBIS4-45461 0
406 0 FBIS4-45597 0
406 0 FBIS4-45613 0
406 0 FBIS4-45839 0
406 0 FBIS4-45842 0
406 0 FBIS4-45872 0
406 0 FBIS4-45874 0
406 0 FBIS4-45876 0
406 0 FBIS4-45883 0
406 0 FBIS4-45890 0
406 0 FBIS4-45904 0
406 0 FBIS4-45905 0
406 0 FBIS4-47166 0
406 0 FBIS4-47446 0
406 0 FBIS4-47579 0
406 0 FBIS4-47580 0
406 0 FBIS4-47592 0
406 0 FBIS4-47665 0
406 0 FBIS4-49021 0
406 0 FBIS4-49131 0
406 0 FBIS4-49245 0
406 0 FBIS4-49457 0
406 0 FBIS4-49776 0
406 0 FBIS4-50195 0
406 0 FBIS4-50579 0
406 0 FBIS4-50583 0
406 0 FBIS4-50621 0
406 0 FBIS4-50706 0
406 0 FBIS4-50850 0
406 0 FBIS4-51059 0
406 0 FBIS4-52020 0
406 0 FBIS4-52032 0
406 0 FBIS4-52039 0
406 0 FBIS4-52042 0
406 0 FBIS4-52043 0
406 0 FBIS4-52156 0
406 0 FBIS4-52158 0
406 0 FBIS4-52480 0
406 0 FBIS4-52546 0
406 0 FBIS4-52754 0
406 0 FBIS4-52963 0
406 0 FBIS4-53490 0
406 0 FBIS4-55912 0
406 0 FBIS4-59177 0
406 0 FBIS4-60384 0
406 0 FBIS4-60762 0
406 0 FBIS4-63688 0
406 0 FBIS4-65497 0
406 0 FBIS4-66185 0
406 0 FBIS4-66382 0
406 0 FBIS4-66406 0
406 0 FBIS4-67046 0
406 0 FBIS4-67047 0
406 0 FBIS4-67115 0
406 0 FBIS4-67376 0
406 0 FBIS4-67458 0
406 0 FBIS4-67472 0
406 0 FBIS4-67515 0
406 0 FBIS4-67533 0
406 0 FBIS4-67598 0
406 0 FBIS4-67601 0
406 0 FBIS4-67616 0
406 0 FBIS4-67619 0
406 0 FBIS4-67635 0
406 0 FBIS4-67644 0
406 0 FBIS4-67664 0
406 0 FBIS4-67666 0
406 0 FBIS4-67670 0
406 0 FBIS4-67685 0
406 0 FBIS4-67689 0
406 0 FBIS4-67698 0
406 0 FBIS4-67703 0
406 0 FBIS4-67711 0
406 0 FBIS4-67725 0
406 0 FBIS4-67727 0
406 0 FBIS4-68343 0
406 0 FBIS4-68893 0
406 0 FBIS4-9242 0
406 0 FR940105-2-00060 0
406 0 FR940106-1-00024 0
406 0 FR940110-0-00027 0
406 0 FR940112-0-00011 0
406 0 FR940112-1-00007 0
406 0 FR940112-1-00009 0
406 0 FR940112-1-00015 0
406 0 FR940112-1-00018 0
406 0 FR940112-1-00044 0
406 0 FR940114-2-00055 0
406 0 FR940114-2-00104 0
406 0 FR940118-0-00013 0
406 0 FR940118-0-00018 0
406 0 FR940118-0-00021 0
406 0 FR940126-2-00107 0
406 0 FR940127-1-00063 0
406 0 FR940127-1-00066 0
406 0 FR940127-1-00080 0
406 0 FR940127-2-00050 0
406 0 FR940127-2-00060 0
406 0 FR940127-2-00201 0
406 0 FR940128-2-00144 0
406 0 FR940202-2-00119 0
406 0 FR940202-2-00125 0
406 0 FR940202-2-00140 0
406 0 FR940203-0-00084 0
406 0 FR940203-2-00062 0
406 0 FR940208-2-00048 0
406 0 FR940216-2-00025 0
406 0 FR940217-1-00137 0
406 0 FR940217-2-00086 0
406 0 FR940222-0-00037 0
406 0 FR940222-2-00051 0
406 0 FR940222-2-00052 0
406 0 FR940223-1-00039 0
406 0 FR940228-0-00030 0
406 0 FR940302-0-00003 0
406 0 FR940302-1-00002 0
406 0 FR940303-2-00091 0
406 0 FR940304-0-00039 0
406 0 FR940304-1-00137 0
406 0 FR940314-1-00041 0
406 0 FR940317-2-00070 0
406 0 FR940318-1-00024 0
406 0 FR940323-2-00087 0
406 0 FR940404-0-00013 0
406 0 FR940404-0-00014 0
406 0 FR940404-2-00110 0
406 0 FR940404-2-00111 0
406 0 FR940405-1-00042 0
406 0 FR940405-2-00075 0
406 0 FR940406-0-00016 0
406 0 FR940412-2-00024 0
406 0 FR940414-2-00050 0
406 0 FR940414-2-00052 1
406 0 FR940418-1-00036 0
406 0 FR940425-2-00060 0
406 0 FR940426-1-00002 0
406 0 FR940429-2-00075 0
406 0 FR940506-0-00012 0
406 0 FR940506-0-00016 0
406 0 FR940506-1-00005 0
406 0 FR940511-0-00011 0
406 0 FR940511-0-00012 0
406 0 FR940511-0-00013 0
406 0 FR940511-0-00065 0
406 0 FR940511-0-00079 0
406 0 FR940512-2-00054 0
406 0 FR940512-2-00055 0
406 0 FR940513-0-00046 0
406 0 FR940523-2-00061 0
406 0 FR940523-2-00062 0
406 0 FR940523-2-00065 0
406 0 FR940523-2-00066 0
406 0 FR940523-2-00067 0
406 0 FR940523-2-00069 0
406 0 FR940523-2-00070 0
406 0 FR940524-2-00039 0
406 0 FR940525-0-00010 0
406 0 FR940527-0-00022 0
406 0 FR940527-0-00023 0
406 0 FR940527-0-00031 0
406 0 FR940527-1-00008 0
406 0 FR940527-1-00009 0
406 0 FR940527-1-00162 0
406 0 FR940603-0-00049 0
406 0 FR940603-2-00047 0
406 0 FR940603-2-00065 0
406 0 FR940603-2-00066 0
406 0 FR940606-0-00005 0
406 0 FR940610-0-00007 0
406 0 FR940610-0-00008 0
406 0 FR940610-0-00009 0
406 0 FR940610-0-00010 0
406 0 FR940610-0-00011 0
406 0 FR940610-0-00013 0
406 0 FR940610-0-00014 0
406 0 FR940610-1-00025 0
406 0 FR940610-1-00081 0
406 0 FR940610-2-00076 0
406 0 FR940613-2-00065 0
406 0 FR940616-2-00072 0
406 0 FR940617-1-00036 0
406 0 FR940617-1-00094 0
406 0 FR940617-2-00120 0
406 0 FR940620-0-00080 0
406 0 FR940622-0-00006 0
406 0 FR940622-0-00047 0
406 0 FR940622-0-00048 0
406 0 FR940622-0-00062 0
406 0 FR940627-2-00074 0
406 0 FR940628-1-00028 0
406 0 FR940628-1-00033 0
406 0 FR940705-2-00081 0
406 0 FR940705-2-00218 0
406 0 FR940705-2-00221 0
406 0 FR940707-0-00010 0
406 0 FR940707-2-00111 0
406 0 FR940707-2-00116 0
406 0 FR940712-0-00008 0
406 0 FR940713-2-00065 0
406 0 FR940721-1-00011 0
406 0 FR940721-2-00042 0
406 0 FR940722-2-00069 0
406 0 FR940728-2-00025 0
406 0 FR940802-1-00015 0
406 0 FR940802-2-00130 0
406 0 FR940804-1-00050 0
406 0 FR940805-0-00004 0
406 0 FR940805-1-00070 0
406 0 FR940805-1-00071 0
406 0 FR940805-1-00098 0
406 0 FR940805-1-00110 0
406 0 FR940805-2-00074 0
406 0 FR940805-2-00075 0
406 0 FR940810-0-00067 0
406 0 FR940810-0-00068 0
406 0 FR940810-0-00150 0
406 0 FR940810-0-00269 0
406 0 FR940810-0-00297 0
406 0 FR940812-2-00229 0
406 0 FR940816-2-00070 0
406 0 FR940817-2-00072 0
406 0 FR940817-2-00073 0
406 0 FR940817-2-00075 0
406 0 FR940817-2-00077 0
406 0 FR940817-2-00082 0
406 0 FR940817-2-00084 0
406 0 FR940817-2-00086 0
406 0 FR940817-2-00087 0
406 0 FR940817-2-00093 0
406 0 FR940817-2-00224 0
406 0 FR940817-2-00226 0
406 0 FR940817-2-00228 0
406 0 FR940817-2-00229 0
406 0 FR940817-2-00230 0
406 0 FR940817-2-00231 0
406 0 FR940817-2-00251 0
406 0 FR940817-2-00269 0
406 0 FR940817-2-00272 0
406 0 FR940817-2-00274 0
406 0 FR940817-2-00275 0
406 0 FR940822-0-00067 0
406 0 FR940826-1-00039 0
406 0 FR940826-1-00042 0
406 0 FR940826-1-00043 0
406 0 FR940826-1-00053 0
406 0 FR940826-1-00056 0
406 0 FR940902-1-00048 0
406 0 FR940906-0-00027 0
406 0 FR940906-0-00078 0
406 0 FR940906-2-00073 0
406 0 FR940907-0-00014 0
406 0 FR940907-0-00015 0
406 0 FR940907-0-00017 0
406 0 FR940907-0-00022 0
406 0 FR940907-1-00012 0
406 0 FR940912-0-00009 0
406 0 FR940912-1-00074 0
406 0 FR940919-2-00063 0
406 0 FR940926-2-00050 0
406 0 FR940927-0-00113 0
406 0 FR940928-2-00048 0
406 0 FR941003-2-00108 0
406 0 FR941012-0-00022 0
406 0 FR941021-0-00205 0
406 0 FR941021-0-00209 0
406 0 FR941021-0-00210 0
406 0 FR941026-1-00008 0
406 0 FR941027-2-00076 0
406 0 FR941028-2-00144 0
406 0 FR941028-2-00176 0
406 0 FR941028-2-00177 0
406 0 FR941028-2-00184 0
406 0 FR941028-2-00215 0
406 0 FR941028-2-00223 0
406 0 FR941103-2-00089 0
406 0 FR941107-0-00034 0
406 0 FR941107-1-00059 0
406 0 FR941107-2-00222 0
406 0 FR941107-2-00225 0
406 0 FR941107-2-00228 0
406 0 FR941107-2-00231 0
406 0 FR941117-0-00120 0
406 0 FR941117-0-00122 0
406 0 FR941117-0-00123 0
406 0 FR941117-1-00012 0
406 0 FR941122-1-00082 0
406 0 FR941122-1-00083 0
406 0 FR941122-1-00085 0
406 0 FR941122-1-00087 0
406 0 FR941202-0-00029 0
406 0 FR941205-0-00056 0
406 0 FR941212-0-00008 0
406 0 FR941212-1-00020 0
406 0 FR941213-0-00084 0
406 0 FR941216-0-00021 0
406 0 FR941216-1-00164 0
406 0 FR941219-1-00013 0
406 0 FR941219-1-00049 0
406 0 FR941219-2-00078 0
406 0 FR941230-0-00119 0
406 0 FR941230-0-00120 0
406 0 FR941230-2-00038 0
406 0 FT911-1218 0
406 0 FT911-1824 0
406 0 FT911-2819 0
406 0 FT911-3727 0
406 0 FT911-4014 0
406 0 FT911-4087 0
406 0 FT911-4854 0
406 0 FT921-10529 0
406 0 FT921-10939 0
406 0 FT921-11140 0
406 0 FT921-12967 0
406 0 FT921-13614 0
406 0 FT921-13615 0
406 0 FT921-14764 0
406 0 FT921-15854 0
406 0 FT921-16484 0
406 0 FT921-3332 0
406 0 FT921-3467 0
406 0 FT921-4225 0
406 0 FT921-4455 0
406 0 FT921-5994 0
406 0 FT921-7291 0
406 0 FT921-7961 0
406 0 FT922-11280 0
406 0 FT922-11327 0
406 0 FT922-12035 0
406 0 FT922-12251 0
406 0 FT922-12737 0
406 0 FT922-14526 0
406 0 FT922-15136 0
406 0 FT922-1594 0
406 0 FT922-1814 0
406 0 FT922-2252 0
406 0 FT922-3125 0
406 0 FT922-4053 0
406 0 FT922-5629 0
406 0 FT922-6652 0
406 0 FT922-7419 0
406 0 FT922-7512 0
406 0 FT922-8250 0
406 0 FT923-11709 0
406 0 FT923-11885 0
406 0 FT923-11929 0
406 0 FT923-1199 0
406 0 FT923-12060 0
406 0 FT923-12315 0
406 0 FT923-14263 0
406 0 FT923-1701 0
406 0 FT923-2516 0
406 0 FT923-2819 0
406 0 FT923-3461 0
406 0 FT923-3815 0
406 0 FT923-453 0
406 0 FT923-7577 0
406 0 FT923-8135 0
406 0 FT923-8509 0
406 0 FT924-10987 0
406 0 FT924-11252 0
406 0 FT924-11882 0
406 0 FT924-12783 0
406 0 FT924-12903 0
406 0 FT924-13705 0
406 0 FT924-14004 0
406 0 FT924-15355 0
406 0 FT924-16050 0
406 0 FT924-16079 0
406 0 FT924-4737 0
406 0 FT924-6183 0
406 0 FT924-7031 0
406 0 FT924-8105 0
406 0 FT924-8306 0
406 0 FT931-10381 0
406 0 FT931-13695 0
406 0 FT931-14388 0
406 0 FT931-1465 0
406 0 FT931-16953 0
406 0 FT931-17092 0
406 0 FT931-2736 0
406 0 FT931-2763 0
406 0 FT931-4092 0
406 0 FT931-4694 0
406 0 FT931-5067 0
406 0 FT931-5795 0
406 0 FT931-679 0
406 0 FT932-10834 0
406 0 FT932-11250 0
406 0 FT932-11282 0
406 0 FT932-11323 0
406 0 FT932-11739 0
406 0 FT932-12021 0
406 0 FT932-12777 0
406 0 FT932-13552 0
406 0 FT932-14832 0
406 0 FT932-15360 0
406 0 FT932-16160 0
406 0 FT932-1617 0
406 0 FT932-17169 0
406 0 FT932-196 0
406 0 FT932-206 0
406 0 FT932-230 0
406 0 FT932-2515 0
406 0 FT932-2516 0
406 0 FT932-2596 0
406 0 FT932-3090 0
406 0 FT932-3181 0
406 0 FT932-3240 0
406 0 FT932-3241 0
406 0 FT932-4046 0
406 0 FT932-4441 0
406 0 FT932-491 0
406 0 FT932-7859 0
406 0 FT932-8880 0
406 0 FT933-10259 0
406 0 FT933-11264 0
406 0 FT933-11329 0
406 0 FT933-11998 0
406 0 FT933-13187 0
406 0 FT933-14889 0
406 0 FT933-15851 0
406 0 FT933-16948 0
406 0 FT933-1768 0
406 0 FT933-2692 0
406 0 FT933-3717 0
406 0 FT933-3956 0
406 0 FT933-4019 0
406 0 FT933-4161 0
406 0 FT933-4868 0
406 0 FT933-4904 0
406 0 FT933-5254 0
406 0 FT933-5689 0
406 0 FT933-5846 0
406 0 FT933-6168 0
406 0 FT933-6569 0
406 0 FT933-6974 0
406 0 FT933-7647 0
406 0 FT933-7908 0
406 0 FT933-7995 0
406 0 FT933-8272 0
406 0 FT933-9041 0
406 0 FT933-9408 0
406 0 FT933-9591 0
406 0 FT934-13494 0
406 0 FT934-13507 0
406 0 FT934-15411 0
406 0 FT934-15831 0
406 0 FT934-16045 0
406 0 FT934-16051 0
406 0 FT934-2394 0
406 0 FT934-3850 0
406 0 FT934-4194 0
406 0 FT934-6 0
406 0 FT934-6006 0
406 0 FT934-6010 0
406 0 FT934-6144 0
406 0 FT934-8312 0
406 0 FT934-8521 0
406 0 FT934-9253 0
406 0 FT934-9698 0
406 0 FT941-1155 0
406 0 FT941-13571 0
406 0 FT941-13767 0
406 0 FT941-15489 0
406 0 FT941-15744 0
406 0 FT941-16023 0
406 0 FT941-1617 0
406 0 FT941-2974 0
406 0 FT941-3653 0
406 0 FT941-4428 0
406 0 FT941-5519 0
406 0 FT941-7304 0
406 0 FT941-8419 0
406 0 FT941-937 0
406 0 FT942-10616 0
406 0 FT942-11271 0
406 0 FT942-12002 0
406 0 FT942-12479 0
406 0 FT942-16800 0
406 0 FT942-16889 0
406 0 FT942-16930 0
406 0 FT942-17255 0
406 0 FT942-176 0
406 0 FT942-2140 0
406 0 FT942-6645 0
406 0 FT942-7709 0
406 0 FT942-7929 0
406 0 FT942-8985 0
406 0 FT943-10040 0
406 0 FT943-10078 0
406 0 FT943-10364 0
406 0 FT943-10375 0
406 0 FT943-10385 0
406 0 FT943-11144 0
406 0 FT943-11161 0
406 0 FT943-11595 0
406 0 FT943-11717 0
406 0 FT943-11927 0
406 0 FT943-13217 0
406 0 FT943-13790 0
406 0 FT943-15313 0
406 0 FT943-15394 0
406 0 FT943-1589 0
406 0 FT943-16744 0
406 0 FT943-16795 0
406 0 FT943-16932 0
406 0 FT943-16944 0
406 0 FT943-208 0
406 0 FT943-2422 0
406 0 FT943-2659 0
406 0 FT943-2971 0
406 0 FT943-3116 0
406 0 FT943-3268 0
406 0 FT943-3692 0
406 0 FT943-3912 0
406 0 FT943-4365 0
406 0 FT943-4508 0
406 0 FT943-4851 0
406 0 FT943-5755 0
406 0 FT943-677 0
406 0 FT943-8860 0
406 0 FT943-9083 0
406 0 FT943-9238 0
406 0 FT943-947 0
406 0 FT944-10282 0
406 0 FT944-10829 0
406 0 FT944-11774 0
406 0 FT944-11988 0
406 0 FT944-12617 0
406 0 FT944-12620 0
406 0 FT944-13592 0
406 0 FT944-14035 0
406 0 FT944-14434 0
406 0 FT944-16464 0
406 0 FT944-17020 0
406 0 FT944-17119 0
406 0 FT944-17268 0
406 0 FT944-17288 0
406 0 FT944-1733 0
406 0 FT944-17425 0
406 0 FT944-17545 0
406 0 FT944-18645 0
406 0 FT944-252 0
406 0 FT944-2707 0
406 0 FT944-3100 0
406 0 FT944-3264 0
406 0 FT944-3523 0
406 0 FT944-3741 0
406 0 FT944-3850 0
406 0 FT944-3854 0
406 0 FT944-494 0
406 0 FT944-63 0
406 0 FT944-6552 0
406 0 FT944-6607 0
406 0 FT944-9412 0
406 0 FT944-945 0
406 0 FT944-9617 0
406 0 FT944-9632 0
406 0 FT944-9872 0
406 0 LA010190-0081 0
406 0 LA010390-0081 0
406 0 LA010390-0133 0
406 0 LA010489-0140 0
406 0 LA010490-0001 0
406 0 LA010490-0002 0
406 0 LA010490-0003 0
406 0 LA010490-0004 0
406 0 LA010490-0005 0
406 0 LA010490-0006 0
406 0 LA010490-0007 0
406 0 LA010490-0008 0
406 0 LA010490-0009 0
406 0 LA010490-0010 0
406 0 LA010490-0011 0
406 0 LA010490-0012 0
406 0 LA010490-0013 0
406 0 LA010490-0014 0
406 0 LA010490-0015 0
406 0 LA010490-0016 0
406 0 LA010490-0017 0
406 0 LA010490-0018 0
406 0 LA010490-0019 0
406 0 LA010490-0020 0
406 0 LA010490-0021 0
406 0 LA010490-0022 0
406 0 LA010490-0023 0
406 0 LA010490-0024 0
406 0 LA010490-0025 0
406 0 LA010490-0026 0
406 0 LA010490-0027 0
406 0 LA010490-0028 0
406 0 LA010490-0029 0
406 0 LA010490-0030 0
406 0 LA010490-0031 0
406 0 LA010490-0032 0
406 0 LA010490-0033 0
406 0 LA010490-0034 0
406 0 LA010490-0035 0
406 0 LA010490-0036 0
406 0 LA010490-0037 0
406 0 LA010490-0038 0
406 0 LA010490-0039 0
406 0 LA010490-0040 0
406 0 LA010490-0041 0
406 0 LA010490-0042 0
406 0 LA010490-0043 0
406 0 LA010490-0044 0
406 0 LA010490-0045 0
406 0 LA010490-0046 0
406 0 LA010490-0047 0
406 0 LA010490-0048 0
406 0 LA010490-0049 0
406 0 LA010490-0050 0
406 0 LA010490-0051 0
406 0 LA010490-0052 0
406 0 LA010490-0053 0
406 0 LA010490-0054 0
406 0 LA010490-0055 0
406 0 LA010490-0056 0
406 0 LA010490-0057 0
406 0 LA010490-0058 0
406 0 LA010490-0059 0
406 0 LA010490-0060 0
406 0 LA010490-0061 0
406 0 LA010490-0062 0
406 0 LA010490-0063 0
406 0 LA010490-0064 0
406 0 LA010490-0065 0
406 0 LA010490-0066 0
406 0 LA010490-0067 0
406 0 LA010490-0068 0
406 0 LA010490-0069 0
406 0 LA010490-0070 0
406 0 LA010490-0071 0
406 0 LA010490-0072 0
406 0 LA010490-0073 0
406 0 LA010490-0074 0
406 0 LA010490-0075 0
406 0 LA010490-0076 0
406 0 LA010490-0077 0
406 0 LA010490-0078 0
406 0 LA010490-0079 0
406 0 LA010490-0080 0
406 0 LA010490-0081 0
406 0 LA010490-0082 0
406 0 LA010490-0083 0
406 0 LA010490-0084 0
406 0 LA010490-0085 0
406 0 LA010490-0086 0
406 0 LA010490-0087 0
406 0 LA010490-0088 0
406 0 LA010490-0089 0
406 0 LA010490-0090 0
406 0 LA010490-0091 0
406 0 LA010490-0092 0
406 0 LA010490-0093 0
406 0 LA010490-0094 0
406 0 LA010490-0095 0
406 0 LA010490-0096 0
406 0 LA010490-0097 0
406 0 LA010490-0128 0
406 0 LA010590-0095 0
406 0 LA010690-0138 0
406 0 LA010790-0017 0
406 0 LA010790-0212 0
406 0 LA010890-0101 0
406 0 LA010989-0047 0
406 0 LA011190-0178 0
406 0 LA011289-0128 0
406 0 LA011289-0198 0
406 0 LA011490-0128 0
406 0 LA011690-0122 0
406 0 LA012089-0018 0
406 0 LA012090-0059 0
406 0 LA012090-0077 0
406 0 LA012190-0203 0
406 0 LA012289-0016 0
406 0 LA012290-0038 0
406 0 LA012390-0029 0
406 0 LA012489-0078 0
406 0 LA012490-0081 0
406 0 LA012490-0116 0
406 0 LA012689-0206 0
406 0 LA012690-0081 0
406 0 LA012690-0118 0
406 0 LA012690-0191 0
406 0 LA012789-0148 0
406 0 LA012890-0061 0
406 0 LA012890-0114 0
406 0 LA013090-0111 0
406 0 LA013189-0156 0
406 0 LA013190-0001 0
406 0 LA020189-0049 0
406 0 LA020190-0177 0
406 0 LA020290-0162 0
406 0 LA020389-0062 0
406 0 LA020590-0053 0
406 0 LA020590-0126 0
406 0 LA020789-0010 0
406 0 LA020790-0137 0
406 0 LA020989-0179 0
406 0 LA020990-0017 0
406 0 LA020990-0044 0
406 0 LA021089-0017 0
406 0 LA021089-0070 0
406 0 LA021089-0071 0
406 0 LA021389-0067 0
406 0 LA021490-0110 0
406 0 LA021689-0165 0
406 0 LA021790-0120 0
406 0 LA021989-0041 0
406 0 LA021989-0064 0
406 0 LA021990-0053 0
406 0 LA022089-0041 0
406 0 LA022090-0062 0
406 0 LA022189-0014 0
406 0 LA022190-0101 0
406 0 LA022290-0150 0
406 0 LA022489-0113 1
406 0 LA022689-0067 0
406 0 LA022690-0042 0
406 0 LA022690-0121 0
406 0 LA022789-0085 0
406 0 LA022790-0096 0
406 0 LA030190-0065 0
406 0 LA030289-0017 0
406 0 LA030589-0279 0
406 0 LA030689-0079 0
406 0 LA030690-0121 0
406 0 LA030889-0102 0
406 0 LA030989-0098 0
406 0 LA031190-0011 0
406 0 LA031290-0095 0
406 0 LA031390-0119 0
406 0 LA031490-0028 0
406 0 LA031490-0029 0
406 0 LA031490-0076 0
406 0 LA031789-0104 0
406 0 LA031890-0074 0
406 0 LA031990-0052 0
406 0 LA032089-0062 0
406 0 LA032090-0015 0
406 0 LA032190-0081 0
406 0 LA032190-0164 0
406 0 LA032290-0005 0
406 0 LA032290-0096 0
406 0 LA032290-0109 0
406 0 LA032290-0148 0
406 0 LA032290-0189 0
406 0 LA032390-0055 0
406 0 LA032589-0004 0
406 0 LA032589-0102 0
406 0 LA032690-0045 0
406 0 LA032789-0038 0
406 0 LA032989-0079 0
406 0 LA033190-0058 0
406 0 LA040190-0241 0
406 0 LA040289-0049 0
406 0 LA040290-0037 0
406 0 LA040489-0104 0
406 0 LA040690-0134 0
406 0 LA040989-0016 0
406 0 LA041189-0011 0
406 0 LA041189-0132 0
406 0 LA041190-0093 0
406 0 LA041390-0149 0
406 0 LA041490-0102 0
406 0 LA041490-0137 0
406 0 LA041590-0046 0
406 0 LA041590-0164 0
406 0 LA041690-0042 0
406 0 LA041789-0058 0
406 0 LA041790-0070 0
406 0 LA041889-0134 0
406 0 LA041989-0149 0
406 0 LA041990-0095 0
406 0 LA041990-0223 0
406 0 LA042189-0088 0
406 0 LA042190-0056 0
406 0 LA042289-0001 0
406 0 LA042489-0065 0
406 0 LA042490-0143 0
406 0 LA042590-0009 0
406 0 LA042689-0019 0
406 0 LA042690-0173 0
406 0 LA042889-0004 0
406 0 LA042990-0009 0
406 0 LA042990-0225 0
406 0 LA043089-0057 0
406 0 LA043089-0157 0
406 0 LA043089-0237 0
406 0 LA050190-0189 0
406 0 LA050190-0192 0
406 0 LA050190-0197 0
406 0 LA050290-0159 0
406 0 LA050389-0080 0
406 0 LA050390-0172 0
406 0 LA050390-0242 0
406 0 LA050490-0049 0
406 0 LA050490-0069 0
406 0 LA050589-0080 0
406 0 LA050689-0091 0
406 0 LA050789-0131 0
406 0 LA050989-0084 0
406 0 LA051290-0166 0
406 0 LA051690-0132 0
406 0 LA052189-0008 0
406 0 LA052190-0045 0
406 0 LA052190-0106 0
406 0 LA052389-0108 0
406 0 LA052389-0120 0
406 0 LA052490-0120 0
406 0 LA052490-0240 0
406 0 LA052590-0103 0
406 0 LA052690-0134 0
406 0 LA052790-0005 0
406 0 LA052790-0041 0
406 0 LA052790-0149 0
406 0 LA052790-0150 0
406 0 LA052990-0029 0
406 0 LA053190-0011 0
406 0 LA053190-0219 0
406 0 LA053190-0236 0
406 0 LA060189-0069 0
406 0 LA060189-0211 0
406 0 LA060290-0050 0
406 0 LA060389-0092 0
406 0 LA060389-0093 0
406 0 LA060489-0026 0
406 0 LA060489-0067 0
406 0 LA060489-0073 0
406 0 LA060489-0076 0
406 0 LA060489-0110 0
406 0 LA060490-0010 0
406 0 LA060490-0069 0
406 0 LA060889-0195 0
406 0 LA060890-0027 0
406 0 LA060989-0146 0
406 0 LA061090-0035 0
406 0 LA061389-0087 0
406 0 LA061390-0002 0
406 0 LA061589-0030 0
406 0 LA061590-0016 0
406 0 LA061590-0051 0
406 0 LA061690-0003 0
406 0 LA061889-0112 0
406 0 LA062090-0117 0
406 0 LA062290-0024 0
406 0 LA062389-0128 0
406 0 LA062389-0146 0
406 0 LA062390-0056 0
406 0 LA062489-0059 0
406 0 LA062489-0134 0
406 0 LA062490-0204 0
406 0 LA062589-0181 0
406 0 LA062590-0042 0
406 0 LA062590-0044 0
406 0 LA062789-0083 0
406 0 LA062889-0019 0
406 0 LA062890-0104 0
406 0 LA062989-0148 0
406 0 LA070190-0075 0
406 0 LA070290-0045 0
406 0 LA070390-0042 0
406 0 LA070390-0087 0
406 0 LA070489-0051 0
406 0 LA070490-0029 0
406 0 LA070490-0039 0
406 0 LA070589-0014 0
406 0 LA070590-0006 0
406 0 LA070689-0080 0
406 0 LA070789-0088 0
406 0 LA071190-0053 0
406 0 LA071289-0011 0
406 0 LA071290-0133 0
406 0 LA071290-0192 0
406 0 LA071390-0149 0
406 0 LA071490-0011 0
406 0 LA071590-0111 0
406 0 LA071889-0118 0
406 0 LA071990-0100 0
406 0 LA072189-0016 0
406 0 LA072290-0204 0
406 0 LA072290-0205 0
406 0 LA072290-0206 0
406 0 LA072489-0041 0
406 0 LA072489-0095 0
406 0 LA072590-0057 0
406 0 LA072690-0122 0
406 0 LA072789-0137 0
406 0 LA072790-0019 0
406 0 LA072889-0181 0
406 0 LA073090-0057 0
406 0 LA073189-0040 0
406 0 LA073190-0159 0
406 0 LA080190-0001 0
406 0 LA080689-0189 0
406 0 LA080789-0031 0
406 0 LA080889-0022 0
406 0 LA080990-0110 0
406 0 LA080990-0148 0
406 0 LA081089-0055 0
406 0 LA081090-0005 0
406 0 LA081289-0041 0
406 0 LA081389-0197 0
406 0 LA081390-0053 0
406 0 LA081590-0100 0
406 0 LA081689-0001 0
406 0 LA081989-0049 0
406 0 LA081989-0134 0
406 0 LA081990-0088 0
406 0 LA082090-0069 0
406 0 LA082189-0039 0
406 0 LA082189-0052 0
406 0 LA082290-0101 0
406 0 LA082389-0068 0
406 0 LA082389-0089 0
406 0 LA082489-0115 0
406 0 LA082689-0127 0
406 0 LA082690-0003 0
406 0 LA082890-0058 0
406 0 LA083189-0003 0
406 0 LA083189-0124 0
406 0 LA090189-0065 0
406 0 LA090189-0093 0
406 0 LA090389-0060 0
406 0 LA090389-0127 0
406 0 LA090389-0130 0
406 0 LA090389-0155 0
406 0 LA090490-0086 0
406 0 LA090690-0080 0
406 0 LA090790-0169 0
406 0 LA090990-0249 0
406 0 LA091089-0010 0
406 0 LA091089-0202 0
406 0 LA091190-0086 0
406 0 LA091289-0131 0
406 0 LA091389-0072 0
406 0 LA091489-0031 0
406 0 LA091589-0157 0
406 0 LA091589-0166 0
406 0 LA091790-0056 0
406 0 LA091790-0125 0
406 0 LA091889-0005 0
406 0 LA092090-0133 0
406 0 LA092090-0172 0
406 0 LA092090-0248 0
406 0 LA092189-0046 0
406 0 LA092190-0030 0
406 0 LA092589-0018 0
406 0 LA092689-0080 0
406 0 LA092689-0119 0
406 0 LA092790-0006 1
406 0 LA092889-0011 0
406 0 LA092889-0143 0
406 0 LA092889-0225 0
406 0 LA092990-0073 0
406 0 LA100189-0101 0
406 0 LA100389-0066 0
406 0 LA100390-0096 0
406 0 LA100489-0051 0
406 0 LA100490-0191 0
406 0 LA100689-0093 0
406 0 LA100790-0250 0
406 0 LA100889-0040 0
406 0 LA100889-0041 0
406 0 LA100889-0045 0
406 0 LA100889-0128 0
406 0 LA100889-0136 0
406 0 LA100890-0125 0
406 0 LA101090-0022 0
406 0 LA101190-0042 0
406 0 LA101190-0078 0
406 0 LA101289-0068 0
406 0 LA101289-0171 0
406 0 LA101290-0001 0
406 0 LA101689-0037 0
406 0 LA101689-0054 0
406 0 LA101689-0089 0
406 0 LA101690-0040 0
406 0 LA101690-0065 0
406 0 LA101690-0160 0
406 0 LA101790-0049 0
406 0 LA101889-0091 0
406 0 LA101989-0210 0
406 0 LA102290-0092 0
406 0 LA102489-0041 0
406 0 LA102489-0127 0
406 0 LA102689-0108 0
406 0 LA102690-0140 0
406 0 LA102789-0123 0
406 0 LA102890-0064 0
406 0 LA102989-0062 0
406 0 LA102989-0126 0
406 0 LA102990-0097 0
406 0 LA103089-0074 0
406 0 LA103090-0074 0
406 0 LA103090-0183 0
406 0 LA103190-0037 0
406 0 LA110189-0015 1
406 0 LA110189-0139 0
406 0 LA110190-0233 0
406 0 LA110190-0236 0
406 0 LA110290-0088 0
406 0 LA110290-0100 0
406 0 LA110290-0126 0
406 0 LA110290-0143 0
406 0 LA110389-0010 0
406 0 LA110490-0018 0
406 0 LA110589-0247 0
406 0 LA110590-0094 0
406 0 LA110689-0008 0
406 0 LA110689-0045 0
406 0 LA110690-0193 0
406 0 LA110889-0114 0
406 0 LA111089-0085 0
406 0 LA111190-0161 0
406 0 LA111289-0198 0
406 0 LA111390-0065 0
406 0 LA111489-0147 0
406 0 LA111590-0041 0
406 0 LA111590-0078 0
406 0 LA111590-0125 0
406 0 LA111689-0145 0
406 0 LA111689-0162 0
406 0 LA111689-0180 0
406 0 LA111989-0116 0
406 0 LA112089-0054 0
406 0 LA112090-0153 0
406 0 LA112189-0011 0
406 0 LA112390-0084 0
406 0 LA112690-0027 0
406 0 LA112690-0028 0
406 0 LA112690-0079 0
406 0 LA112789-0001 0
406 0 LA112789-0028 0
406 0 LA112990-0024 0
406 0 LA113089-0213 0
406 0 LA113090-0156 0
406 0 LA120290-0047 0
406 0 LA120290-0134 0
406 0 LA120389-0058 0
406 0 LA120690-0181 0
406 0 LA120690-0200 0
406 0 LA120690-0203 0
406 0 LA120889-0104 0
406 0 LA121390-0168 0
406 0 LA121790-0028 0
406 0 LA121790-0086 0
406 0 LA121990-0118 0
406 0 LA122089-0062 0
406 0 LA122189-0058 0
406 0 LA122189-0127 0
406 0 LA122189-0171 0
406 0 LA122189-0174 0
406 0 LA122290-0133 0
406 0 LA122489-0188 0
406 0 LA122790-0224 0
406 0 LA122889-0050 0
406 0 LA122890-0102 0
