434 0 FBIS3-1134 0
434 0 FBIS3-12839 0
434 0 FBIS3-14752 1
434 0 FBIS3-14753 1
434 0 FBIS3-14877 0
434 0 FBIS3-14906 0
434 0 FBIS3-14907 1
434 0 FBIS3-15028 0
434 0 FBIS3-15136 0
434 0 FBIS3-15137 0
434 0 FBIS3-15140 0
434 0 FBIS3-15141 0
434 0 FBIS3-15142 0
434 0 FBIS3-15143 0
434 0 FBIS3-15145 0
434 0 FBIS3-15217 0
434 0 FBIS3-15330 0
434 0 FBIS3-15332 0
434 0 FBIS3-15333 0
434 0 FBIS3-15334 0
434 0 FBIS3-15335 0
434 0 FBIS3-15339 1
434 0 FBIS3-15346 0
434 0 FBIS3-15421 0
434 0 FBIS3-15423 0
434 0 FBIS3-15425 0
434 0 FBIS3-15426 0
434 0 FBIS3-15533 0
434 0 FBIS3-15534 0
434 0 FBIS3-15572 0
434 0 FBIS3-15627 1
434 0 FBIS3-15689 1
434 0 FBIS3-15695 1
434 0 FBIS3-15697 1
434 0 FBIS3-15828 0
434 0 FBIS3-15829 1
434 0 FBIS3-15830 0
434 0 FBIS3-15832 0
434 0 FBIS3-15833 1
434 0 FBIS3-15942 1
434 0 FBIS3-15944 0
434 0 FBIS3-16042 1
434 0 FBIS3-16057 0
434 0 FBIS3-16059 0
434 0 FBIS3-16062 1
434 0 FBIS3-16069 0
434 0 FBIS3-16139 1
434 0 FBIS3-16177 1
434 0 FBIS3-16182 0
434 0 FBIS3-16269 0
434 0 FBIS3-16387 1
434 0 FBIS3-16388 0
434 0 FBIS3-16391 1
434 0 FBIS3-16392 1
434 0 FBIS3-16514 0
434 0 FBIS3-16603 0
434 0 FBIS3-16649 0
434 0 FBIS3-16681 1
434 0 FBIS3-16704 1
434 0 FBIS3-16801 0
434 0 FBIS3-16802 0
434 0 FBIS3-16803 1
434 0 FBIS3-16805 0
434 0 FBIS3-16809 0
434 0 FBIS3-16810 0
434 0 FBIS3-16813 0
434 0 FBIS3-16889 0
434 0 FBIS3-16900 0
434 0 FBIS3-16901 0
434 0 FBIS3-16902 0
434 0 FBIS3-16903 1
434 0 FBIS3-17027 1
434 0 FBIS3-17049 0
434 0 FBIS3-17051 0
434 0 FBIS3-17052 0
434 0 FBIS3-17053 0
434 0 FBIS3-17054 0
434 0 FBIS3-17166 0
434 0 FBIS3-17169 1
434 0 FBIS3-17214 0
434 0 FBIS3-17314 0
434 0 FBIS3-17354 0
434 0 FBIS3-17360 0
434 0 FBIS3-17361 0
434 0 FBIS3-17446 1
434 0 FBIS3-17448 1
434 0 FBIS3-17449 1
434 0 FBIS3-17456 0
434 0 FBIS3-17473 0
434 0 FBIS3-17670 0
434 0 FBIS3-17675 1
434 0 FBIS3-17783 0
434 0 FBIS3-17784 0
434 0 FBIS3-17817 0
434 0 FBIS3-17834 0
434 0 FBIS3-17836 0
434 0 FBIS3-17837 1
434 0 FBIS3-17841 0
434 0 FBIS3-17842 0
434 0 FBIS3-17843 1
434 0 FBIS3-17997 1
434 0 FBIS3-17998 0
434 0 FBIS3-18002 1
434 0 FBIS3-18339 0
434 0 FBIS3-18684 0
434 0 FBIS3-18695 0
434 0 FBIS3-18916 0
434 0 FBIS3-19033 0
434 0 FBIS3-19082 0
434 0 FBIS3-19277 0
434 0 FBIS3-19457 0
434 0 FBIS3-1996 0
434 0 FBIS3-20416 0
434 0 FBIS3-20524 0
434 0 FBIS3-20796 0
434 0 FBIS3-20900 0
434 0 FBIS3-21347 0
434 0 FBIS3-21389 0
434 0 FBIS3-21529 0
434 0 FBIS3-22101 0
434 0 FBIS3-22342 1
434 0 FBIS3-22433 0
434 0 FBIS3-22434 1
434 0 FBIS3-22435 1
434 0 FBIS3-22688 0
434 0 FBIS3-2293 0
434 0 FBIS3-2295 0
434 0 FBIS3-23 0
434 0 FBIS3-23629 0
434 0 FBIS3-23775 1
434 0 FBIS3-23780 1
434 0 FBIS3-23781 1
434 0 FBIS3-23788 0
434 0 FBIS3-23825 0
434 0 FBIS3-23844 0
434 0 FBIS3-23945 0
434 0 FBIS3-23947 0
434 0 FBIS3-23948 0
434 0 FBIS3-23995 0
434 0 FBIS3-24041 1
434 0 FBIS3-24043 0
434 0 FBIS3-24172 0
434 0 FBIS3-24173 1
434 0 FBIS3-24260 0
434 0 FBIS3-24318 0
434 0 FBIS3-24319 1
434 0 FBIS3-24322 1
434 0 FBIS3-24323 1
434 0 FBIS3-24324 1
434 0 FBIS3-24325 0
434 0 FBIS3-24361 0
434 0 FBIS3-24653 0
434 0 FBIS3-24678 0
434 0 FBIS3-26155 0
434 0 FBIS3-26359 0
434 0 FBIS3-26490 0
434 0 FBIS3-26511 0
434 0 FBIS3-26829 0
434 0 FBIS3-26833 0
434 0 FBIS3-2684 0
434 0 FBIS3-26859 0
434 0 FBIS3-26907 0
434 0 FBIS3-26911 0
434 0 FBIS3-26929 0
434 0 FBIS3-26940 0
434 0 FBIS3-26942 0
434 0 FBIS3-26946 0
434 0 FBIS3-26955 0
434 0 FBIS3-26958 0
434 0 FBIS3-26986 0
434 0 FBIS3-27016 0
434 0 FBIS3-27043 0
434 0 FBIS3-27057 0
434 0 FBIS3-27103 0
434 0 FBIS3-27218 0
434 0 FBIS3-27329 0
434 0 FBIS3-27336 0
434 0 FBIS3-27384 0
434 0 FBIS3-27474 0
434 0 FBIS3-27479 0
434 0 FBIS3-27483 0
434 0 FBIS3-27485 0
434 0 FBIS3-27520 0
434 0 FBIS3-27536 0
434 0 FBIS3-27550 0
434 0 FBIS3-27554 0
434 0 FBIS3-27578 0
434 0 FBIS3-27581 0
434 0 FBIS3-27582 0
434 0 FBIS3-27584 0
434 0 FBIS3-27637 0
434 0 FBIS3-27638 0
434 0 FBIS3-27681 0
434 0 FBIS3-27692 0
434 0 FBIS3-27956 0
434 0 FBIS3-28000 0
434 0 FBIS3-28044 0
434 0 FBIS3-28244 0
434 0 FBIS3-28277 0
434 0 FBIS3-28284 0
434 0 FBIS3-28295 0
434 0 FBIS3-28298 0
434 0 FBIS3-28303 0
434 0 FBIS3-28707 0
434 0 FBIS3-28729 0
434 0 FBIS3-28738 0
434 0 FBIS3-28777 0
434 0 FBIS3-28807 0
434 0 FBIS3-28814 0
434 0 FBIS3-28909 0
434 0 FBIS3-28911 0
434 0 FBIS3-28913 0
434 0 FBIS3-29 0
434 0 FBIS3-29180 0
434 0 FBIS3-30218 0
434 0 FBIS3-30703 0
434 0 FBIS3-30773 1
434 0 FBIS3-31163 0
434 0 FBIS3-31264 1
434 0 FBIS3-31672 0
434 0 FBIS3-31817 0
434 0 FBIS3-3202 0
434 0 FBIS3-3416 0
434 0 FBIS3-34196 0
434 0 FBIS3-35399 0
434 0 FBIS3-35593 0
434 0 FBIS3-35609 0
434 0 FBIS3-35628 0
434 0 FBIS3-35669 0
434 0 FBIS3-35670 0
434 0 FBIS3-35672 0
434 0 FBIS3-35803 0
434 0 FBIS3-35903 0
434 0 FBIS3-35906 0
434 0 FBIS3-35907 0
434 0 FBIS3-36058 0
434 0 FBIS3-36075 0
434 0 FBIS3-36078 0
434 0 FBIS3-36100 0
434 0 FBIS3-36115 0
434 0 FBIS3-36116 1
434 0 FBIS3-36148 0
434 0 FBIS3-36194 0
434 0 FBIS3-36219 0
434 0 FBIS3-36236 0
434 0 FBIS3-36237 0
434 0 FBIS3-36238 0
434 0 FBIS3-36241 0
434 0 FBIS3-36242 0
434 0 FBIS3-36243 0
434 0 FBIS3-36307 0
434 0 FBIS3-36342 0
434 0 FBIS3-36343 0
434 0 FBIS3-36354 0
434 0 FBIS3-36422 0
434 0 FBIS3-36472 0
434 0 FBIS3-36473 0
434 0 FBIS3-36615 0
434 0 FBIS3-36616 0
434 0 FBIS3-36618 0
434 0 FBIS3-36642 0
434 0 FBIS3-36738 0
434 0 FBIS3-36739 0
434 0 FBIS3-36743 0
434 0 FBIS3-36744 0
434 0 FBIS3-36854 0
434 0 FBIS3-36855 0
434 0 FBIS3-36874 0
434 0 FBIS3-36892 1
434 0 FBIS3-37074 0
434 0 FBIS3-37082 0
434 0 FBIS3-37083 0
434 0 FBIS3-37084 0
434 0 FBIS3-37085 0
434 0 FBIS3-37481 0
434 0 FBIS3-37538 0
434 0 FBIS3-37583 0
434 0 FBIS3-37638 0
434 0 FBIS3-37640 1
434 0 FBIS3-37727 0
434 0 FBIS3-37756 0
434 0 FBIS3-37757 0
434 0 FBIS3-37768 0
434 0 FBIS3-37769 0
434 0 FBIS3-37770 0
434 0 FBIS3-37771 0
434 0 FBIS3-37807 0
434 0 FBIS3-37808 0
434 0 FBIS3-37809 0
434 0 FBIS3-37869 0
434 0 FBIS3-37941 0
434 0 FBIS3-37944 0
434 0 FBIS3-37998 0
434 0 FBIS3-38210 0
434 0 FBIS3-38220 1
434 0 FBIS3-38390 1
434 0 FBIS3-38584 0
434 0 FBIS3-39292 1
434 0 FBIS3-40036 0
434 0 FBIS3-40091 0
434 0 FBIS3-40166 0
434 0 FBIS3-40450 0
434 0 FBIS3-40497 0
434 0 FBIS3-41472 0
434 0 FBIS3-41488 1
434 0 FBIS3-41507 1
434 0 FBIS3-41610 0
434 0 FBIS3-42150 0
434 0 FBIS3-42684 0
434 0 FBIS3-42754 0
434 0 FBIS3-42759 0
434 0 FBIS3-42853 1
434 0 FBIS3-42862 0
434 0 FBIS3-42953 0
434 0 FBIS3-42961 0
434 0 FBIS3-42962 1
434 0 FBIS3-42963 1
434 0 FBIS3-42998 0
434 0 FBIS3-43036 0
434 0 FBIS3-43072 0
434 0 FBIS3-43120 0
434 0 FBIS3-43132 0
434 0 FBIS3-43142 1
434 0 FBIS3-43160 0
434 0 FBIS3-43174 0
434 0 FBIS3-43186 0
434 0 FBIS3-43196 1
434 0 FBIS3-43214 0
434 0 FBIS3-45053 0
434 0 FBIS3-45203 0
434 0 FBIS3-45427 0
434 0 FBIS3-45797 0
434 0 FBIS3-45798 0
434 0 FBIS3-45820 0
434 0 FBIS3-45822 0
434 0 FBIS3-46142 0
434 0 FBIS3-46527 0
434 0 FBIS3-46545 0
434 0 FBIS3-46614 0
434 0 FBIS3-46629 0
434 0 FBIS3-46832 0
434 0 FBIS3-47970 0
434 0 FBIS3-48281 0
434 0 FBIS3-48547 0
434 0 FBIS3-51195 0
434 0 FBIS3-52036 0
434 0 FBIS3-52648 0
434 0 FBIS3-54663 0
434 0 FBIS3-54669 0
434 0 FBIS3-54780 1
434 0 FBIS3-54826 0
434 0 FBIS3-54827 0
434 0 FBIS3-54828 0
434 0 FBIS3-54832 1
434 0 FBIS3-54913 0
434 0 FBIS3-54917 0
434 0 FBIS3-55005 0
434 0 FBIS3-55053 0
434 0 FBIS3-55146 0
434 0 FBIS3-55163 0
434 0 FBIS3-55230 0
434 0 FBIS3-55232 0
434 0 FBIS3-55347 0
434 0 FBIS3-55348 0
434 0 FBIS3-55349 0
434 0 FBIS3-55350 0
434 0 FBIS3-55354 0
434 0 FBIS3-55394 0
434 0 FBIS3-55446 0
434 0 FBIS3-55447 0
434 0 FBIS3-55449 0
434 0 FBIS3-55451 0
434 0 FBIS3-55583 0
434 0 FBIS3-55666 0
434 0 FBIS3-55667 0
434 0 FBIS3-55668 0
434 0 FBIS3-55669 0
434 0 FBIS3-55670 0
434 0 FBIS3-55674 0
434 0 FBIS3-55675 1
434 0 FBIS3-55778 0
434 0 FBIS3-55802 0
434 0 FBIS3-55803 0
434 0 FBIS3-55808 0
434 0 FBIS3-55811 0
434 0 FBIS3-55812 1
434 0 FBIS3-55964 0
434 0 FBIS3-55983 0
434 0 FBIS3-56056 0
434 0 FBIS3-56190 0
434 0 FBIS3-56193 0
434 0 FBIS3-56315 0
434 0 FBIS3-56353 0
434 0 FBIS3-56354 0
434 0 FBIS3-56517 0
434 0 FBIS3-56518 0
434 0 FBIS3-56551 0
434 0 FBIS3-56564 0
434 0 FBIS3-56584 1
434 0 FBIS3-56614 0
434 0 FBIS3-56828 0
434 0 FBIS3-56835 1
434 0 FBIS3-56836 0
434 0 FBIS3-56849 1
434 0 FBIS3-56880 0
434 0 FBIS3-56920 1
434 0 FBIS3-57057 0
434 0 FBIS3-57062 1
434 0 FBIS3-57194 0
434 0 FBIS3-57264 0
434 0 FBIS3-57266 0
434 0 FBIS3-57268 0
434 0 FBIS3-57306 0
434 0 FBIS3-57307 0
434 0 FBIS3-57387 0
434 0 FBIS3-57389 0
434 0 FBIS3-57397 0
434 0 FBIS3-57506 0
434 0 FBIS3-57568 0
434 0 FBIS3-57570 0
434 0 FBIS3-57629 0
434 0 FBIS3-57686 0
434 0 FBIS3-57687 0
434 0 FBIS3-57692 0
434 0 FBIS3-57695 0
434 0 FBIS3-57696 1
434 0 FBIS3-58032 0
434 0 FBIS3-58062 0
434 0 FBIS3-58309 0
434 0 FBIS3-58412 0
434 0 FBIS3-58475 0
434 0 FBIS3-58712 0
434 0 FBIS3-58967 0
434 0 FBIS3-59211 0
434 0 FBIS3-59276 0
434 0 FBIS3-59309 0
434 0 FBIS3-59318 0
434 0 FBIS3-59334 0
434 0 FBIS3-59354 0
434 0 FBIS3-60329 0
434 0 FBIS3-60336 0
434 0 FBIS3-61028 0
434 0 FBIS3-61164 0
434 0 FBIS3-61167 1
434 0 FBIS3-61169 0
434 0 FBIS3-61170 1
434 0 FBIS3-61171 0
434 0 FBIS3-61172 0
434 0 FBIS3-61193 0
434 0 FBIS3-61220 1
434 0 FBIS3-61249 1
434 0 FBIS3-61250 1
434 0 FBIS3-61261 1
434 0 FBIS3-61277 0
434 0 FBIS3-61298 0
434 0 FBIS3-61335 0
434 0 FBIS3-61336 0
434 0 FBIS3-61357 0
434 0 FBIS3-61368 1
434 0 FBIS3-61369 1
434 0 FBIS3-61387 0
434 0 FBIS3-61391 1
434 0 FBIS3-61401 0
434 0 FBIS3-61402 0
434 0 FBIS3-61562 0
434 0 FBIS3-8565 0
434 0 FBIS3-8803 0
434 0 FBIS3-951 0
434 0 FBIS4-10797 0
434 0 FBIS4-11386 0
434 0 FBIS4-14536 0
434 0 FBIS4-14537 0
434 0 FBIS4-14820 0
434 0 FBIS4-14821 0
434 0 FBIS4-14823 0
434 0 FBIS4-14859 0
434 0 FBIS4-14890 0
434 0 FBIS4-14984 0
434 0 FBIS4-14987 0
434 0 FBIS4-14989 1
434 0 FBIS4-14990 1
434 0 FBIS4-14991 1
434 0 FBIS4-14993 1
434 0 FBIS4-15054 0
434 0 FBIS4-15134 0
434 0 FBIS4-15136 0
434 0 FBIS4-15137 0
434 0 FBIS4-15139 0
434 0 FBIS4-15142 1
434 0 FBIS4-15182 0
434 0 FBIS4-15198 0
434 0 FBIS4-15200 0
434 0 FBIS4-15224 0
434 0 FBIS4-15328 0
434 0 FBIS4-15356 0
434 0 FBIS4-15358 1
434 0 FBIS4-15359 1
434 0 FBIS4-15360 1
434 0 FBIS4-15364 0
434 0 FBIS4-15458 0
434 0 FBIS4-15494 0
434 0 FBIS4-1563 0
434 0 FBIS4-15665 0
434 0 FBIS4-15668 1
434 0 FBIS4-15671 0
434 0 FBIS4-15673 1
434 0 FBIS4-15826 1
434 0 FBIS4-15827 1
434 0 FBIS4-15985 1
434 0 FBIS4-15987 1
434 0 FBIS4-15989 0
434 0 FBIS4-16004 0
434 0 FBIS4-16023 0
434 0 FBIS4-16053 0
434 0 FBIS4-16087 0
434 0 FBIS4-16109 1
434 0 FBIS4-16113 0
434 0 FBIS4-16114 1
434 0 FBIS4-16214 0
434 0 FBIS4-16251 0
434 0 FBIS4-16254 0
434 0 FBIS4-1627 0
434 0 FBIS4-16284 0
434 0 FBIS4-16286 0
434 0 FBIS4-16405 1
434 0 FBIS4-16407 1
434 0 FBIS4-16453 0
434 0 FBIS4-16582 0
434 0 FBIS4-16589 0
434 0 FBIS4-16626 0
434 0 FBIS4-16801 0
434 0 FBIS4-16802 0
434 0 FBIS4-16803 0
434 0 FBIS4-16866 1
434 0 FBIS4-16869 0
434 0 FBIS4-17037 1
434 0 FBIS4-17038 0
434 0 FBIS4-17039 0
434 0 FBIS4-17040 0
434 0 FBIS4-17043 1
434 0 FBIS4-17044 0
434 0 FBIS4-17045 1
434 0 FBIS4-17046 0
434 0 FBIS4-17047 1
434 0 FBIS4-17139 1
434 0 FBIS4-17253 1
434 0 FBIS4-17255 0
434 0 FBIS4-17262 1
434 0 FBIS4-17279 0
434 0 FBIS4-17315 0
434 0 FBIS4-17423 0
434 0 FBIS4-17426 1
434 0 FBIS4-17527 0
434 0 FBIS4-17537 0
434 0 FBIS4-17557 0
434 0 FBIS4-17559 1
434 0 FBIS4-17701 0
434 0 FBIS4-17704 0
434 0 FBIS4-17921 0
434 0 FBIS4-17922 1
434 0 FBIS4-17938 0
434 0 FBIS4-17940 1
434 0 FBIS4-18003 0
434 0 FBIS4-1844 0
434 0 FBIS4-18546 0
434 0 FBIS4-1861 0
434 0 FBIS4-1862 0
434 0 FBIS4-18659 0
434 0 FBIS4-1866 0
434 0 FBIS4-18697 0
434 0 FBIS4-18854 0
434 0 FBIS4-19 0
434 0 FBIS4-19231 0
434 0 FBIS4-19295 1
434 0 FBIS4-2016 0
434 0 FBIS4-20373 0
434 0 FBIS4-20394 0
434 0 FBIS4-2042 0
434 0 FBIS4-20504 0
434 0 FBIS4-2052 0
434 0 FBIS4-20821 1
434 0 FBIS4-21063 0
434 0 FBIS4-2111 0
434 0 FBIS4-2128 0
434 0 FBIS4-21383 0
434 0 FBIS4-21502 0
434 0 FBIS4-2204 0
434 0 FBIS4-2211 0
434 0 FBIS4-22235 0
434 0 FBIS4-22339 0
434 0 FBIS4-22381 0
434 0 FBIS4-22415 0
434 0 FBIS4-22417 1
434 0 FBIS4-22419 1
434 0 FBIS4-22537 0
434 0 FBIS4-22569 0
434 0 FBIS4-22629 0
434 0 FBIS4-22649 0
434 0 FBIS4-22773 0
434 0 FBIS4-22812 0
434 0 FBIS4-22945 0
434 0 FBIS4-23084 0
434 0 FBIS4-2439 0
434 0 FBIS4-24637 0
434 0 FBIS4-24848 0
434 0 FBIS4-25123 0
434 0 FBIS4-25243 0
434 0 FBIS4-25596 0
434 0 FBIS4-25979 0
434 0 FBIS4-26091 0
434 0 FBIS4-26127 1
434 0 FBIS4-26128 1
434 0 FBIS4-26503 0
434 0 FBIS4-26578 0
434 0 FBIS4-26610 0
434 0 FBIS4-2734 0
434 0 FBIS4-27707 0
434 0 FBIS4-28346 0
434 0 FBIS4-29653 0
434 0 FBIS4-30213 0
434 0 FBIS4-30486 0
434 0 FBIS4-30683 0
434 0 FBIS4-31120 0
434 0 FBIS4-31277 0
434 0 FBIS4-31787 0
434 0 FBIS4-32015 0
434 0 FBIS4-33354 0
434 0 FBIS4-33643 0
434 0 FBIS4-3402 0
434 0 FBIS4-3575 0
434 0 FBIS4-3596 0
434 0 FBIS4-36116 0
434 0 FBIS4-38391 0
434 0 FBIS4-38522 0
434 0 FBIS4-38526 1
434 0 FBIS4-38558 0
434 0 FBIS4-38559 1
434 0 FBIS4-38665 0
434 0 FBIS4-38740 0
434 0 FBIS4-38912 0
434 0 FBIS4-38913 0
434 0 FBIS4-38914 0
434 0 FBIS4-38916 0
434 0 FBIS4-38917 1
434 0 FBIS4-38938 0
434 0 FBIS4-38942 0
434 0 FBIS4-38980 0
434 0 FBIS4-39014 0
434 0 FBIS4-39118 0
434 0 FBIS4-39119 0
434 0 FBIS4-39214 0
434 0 FBIS4-39215 0
434 0 FBIS4-39219 1
434 0 FBIS4-39220 1
434 0 FBIS4-39380 1
434 0 FBIS4-39549 0
434 0 FBIS4-39550 0
434 0 FBIS4-39551 0
434 0 FBIS4-39555 1
434 0 FBIS4-39667 1
434 0 FBIS4-39724 0
434 0 FBIS4-39726 0
434 0 FBIS4-39727 1
434 0 FBIS4-39888 1
434 0 FBIS4-40132 0
434 0 FBIS4-40144 0
434 0 FBIS4-40145 0
434 0 FBIS4-40180 0
434 0 FBIS4-40243 1
434 0 FBIS4-40321 0
434 0 FBIS4-40353 1
434 0 FBIS4-40354 1
434 0 FBIS4-40426 0
434 0 FBIS4-40514 0
434 0 FBIS4-40691 1
434 0 FBIS4-40754 0
434 0 FBIS4-40866 1
434 0 FBIS4-40868 0
434 0 FBIS4-40869 1
434 0 FBIS4-40875 0
434 0 FBIS4-40877 0
434 0 FBIS4-40916 0
434 0 FBIS4-40990 0
434 0 FBIS4-41089 0
434 0 FBIS4-41091 0
434 0 FBIS4-41115 0
434 0 FBIS4-41123 1
434 0 FBIS4-41140 1
434 0 FBIS4-41287 0
434 0 FBIS4-41333 0
434 0 FBIS4-41726 1
434 0 FBIS4-41733 1
434 0 FBIS4-41819 0
434 0 FBIS4-41945 0
434 0 FBIS4-41946 1
434 0 FBIS4-41947 0
434 0 FBIS4-42 0
434 0 FBIS4-42661 0
434 0 FBIS4-42666 0
434 0 FBIS4-42887 0
434 0 FBIS4-43676 0
434 0 FBIS4-43919 0
434 0 FBIS4-44166 0
434 0 FBIS4-44188 0
434 0 FBIS4-44290 0
434 0 FBIS4-44356 0
434 0 FBIS4-44407 0
434 0 FBIS4-44998 0
434 0 FBIS4-45041 0
434 0 FBIS4-46469 0
434 0 FBIS4-46716 1
434 0 FBIS4-46717 1
434 0 FBIS4-46718 1
434 0 FBIS4-46719 1
434 0 FBIS4-46722 0
434 0 FBIS4-46729 0
434 0 FBIS4-46790 0
434 0 FBIS4-46813 0
434 0 FBIS4-46816 1
434 0 FBIS4-46819 0
434 0 FBIS4-46823 0
434 0 FBIS4-46885 1
434 0 FBIS4-46889 0
434 0 FBIS4-46996 0
434 0 FBIS4-47000 0
434 0 FBIS4-47090 1
434 0 FBIS4-47092 1
434 0 FBIS4-47094 0
434 0 FBIS4-47095 0
434 0 FBIS4-47102 1
434 0 FBIS4-47123 0
434 0 FBIS4-47185 1
434 0 FBIS4-49107 0
434 0 FBIS4-49157 0
434 0 FBIS4-49243 0
434 0 FBIS4-49265 0
434 0 FBIS4-49415 0
434 0 FBIS4-49457 0
434 0 FBIS4-49697 0
434 0 FBIS4-50133 0
434 0 FBIS4-50156 0
434 0 FBIS4-50195 0
434 0 FBIS4-50750 0
434 0 FBIS4-50911 0
434 0 FBIS4-50949 0
434 0 FBIS4-51075 0
434 0 FBIS4-51422 0
434 0 FBIS4-51600 0
434 0 FBIS4-52038 0
434 0 FBIS4-5349 0
434 0 FBIS4-55020 0
434 0 FBIS4-56694 0
434 0 FBIS4-57306 0
434 0 FBIS4-60100 0
434 0 FBIS4-60765 0
434 0 FBIS4-60769 1
434 0 FBIS4-60786 0
434 0 FBIS4-61013 1
434 0 FBIS4-61014 0
434 0 FBIS4-61127 0
434 0 FBIS4-61129 0
434 0 FBIS4-61130 1
434 0 FBIS4-61131 0
434 0 FBIS4-61285 0
434 0 FBIS4-61309 0
434 0 FBIS4-61315 1
434 0 FBIS4-61500 0
434 0 FBIS4-61504 0
434 0 FBIS4-61530 0
434 0 FBIS4-61805 0
434 0 FBIS4-61808 0
434 0 FBIS4-61809 0
434 0 FBIS4-61810 0
434 0 FBIS4-61811 0
434 0 FBIS4-61812 1
434 0 FBIS4-61814 1
434 0 FBIS4-61815 0
434 0 FBIS4-61816 0
434 0 FBIS4-61817 0
434 0 FBIS4-61818 0
434 0 FBIS4-61820 1
434 0 FBIS4-61839 0
434 0 FBIS4-61892 1
434 0 FBIS4-61895 1
434 0 FBIS4-61900 0
434 0 FBIS4-61995 0
434 0 FBIS4-62130 0
434 0 FBIS4-62139 0
434 0 FBIS4-62141 1
434 0 FBIS4-62259 1
434 0 FBIS4-62284 1
434 0 FBIS4-62478 0
434 0 FBIS4-62605 0
434 0 FBIS4-62608 0
434 0 FBIS4-62609 1
434 0 FBIS4-62610 1
434 0 FBIS4-62668 0
434 0 FBIS4-62711 0
434 0 FBIS4-62723 0
434 0 FBIS4-62736 0
434 0 FBIS4-62740 0
434 0 FBIS4-62741 0
434 0 FBIS4-62742 1
434 0 FBIS4-62743 1
434 0 FBIS4-62877 0
434 0 FBIS4-62900 0
434 0 FBIS4-62903 0
434 0 FBIS4-62904 1
434 0 FBIS4-62905 0
434 0 FBIS4-62906 0
434 0 FBIS4-62950 0
434 0 FBIS4-62996 0
434 0 FBIS4-63078 0
434 0 FBIS4-63275 0
434 0 FBIS4-63289 0
434 0 FBIS4-63293 0
434 0 FBIS4-63304 0
434 0 FBIS4-63305 0
434 0 FBIS4-63329 0
434 0 FBIS4-63330 0
434 0 FBIS4-63331 0
434 0 FBIS4-63332 1
434 0 FBIS4-63335 1
434 0 FBIS4-63549 1
434 0 FBIS4-63674 0
434 0 FBIS4-63754 0
434 0 FBIS4-63755 0
434 0 FBIS4-63800 0
434 0 FBIS4-63802 0
434 0 FBIS4-63832 0
434 0 FBIS4-63833 0
434 0 FBIS4-63861 0
434 0 FBIS4-63871 0
434 0 FBIS4-63872 1
434 0 FBIS4-63890 0
434 0 FBIS4-63939 0
434 0 FBIS4-63970 1
434 0 FBIS4-63974 0
434 0 FBIS4-63976 0
434 0 FBIS4-64119 0
434 0 FBIS4-64120 0
434 0 FBIS4-64124 0
434 0 FBIS4-64172 1
434 0 FBIS4-64174 0
434 0 FBIS4-64175 1
434 0 FBIS4-64177 0
434 0 FBIS4-64263 0
434 0 FBIS4-64993 0
434 0 FBIS4-65334 0
434 0 FBIS4-65370 0
434 0 FBIS4-65484 1
434 0 FBIS4-65867 0
434 0 FBIS4-66185 0
434 0 FBIS4-66195 0
434 0 FBIS4-66233 0
434 0 FBIS4-66249 0
434 0 FBIS4-66278 0
434 0 FBIS4-66308 0
434 0 FBIS4-66382 0
434 0 FBIS4-6655 0
434 0 FBIS4-66586 0
434 0 FBIS4-6709 0
434 0 FBIS4-67379 0
434 0 FBIS4-67764 0
434 0 FBIS4-67877 0
434 0 FBIS4-68471 0
434 0 FBIS4-68475 0
434 0 FBIS4-68649 0
434 0 FBIS4-68653 0
434 0 FBIS4-68711 0
434 0 FBIS4-68761 1
434 0 FBIS4-68762 1
434 0 FBIS4-68765 0
434 0 FBIS4-68766 0
434 0 FBIS4-68863 0
434 0 FBIS4-742 0
434 0 FBIS4-9039 0
434 0 FBIS4-9354 0
434 0 FBIS4-9645 1
434 0 FBIS4-9663 0
434 0 FBIS4-9766 0
434 0 FBIS4-9958 0
434 0 FR940104-0-00032 0
434 0 FR940104-0-00033 0
434 0 FR940104-0-00034 0
434 0 FR940106-2-00097 0
434 0 FR940114-2-00029 0
434 0 FR940114-2-00030 0
434 0 FR940114-2-00049 0
434 0 FR940203-0-00084 0
434 0 FR940217-1-00056 0
434 0 FR940223-2-00009 0
434 0 FR940302-2-00040 0
434 0 FR940314-1-00041 0
434 0 FR940404-0-00023 0
434 0 FR940406-0-00152 0
434 0 FR940406-0-00190 0
434 0 FR940516-0-00031 0
434 0 FR940516-0-00038 0
434 0 FR940516-0-00061 0
434 0 FR940523-0-00066 0
434 0 FR940602-1-00023 0
434 0 FR940616-2-00112 0
434 0 FR940616-2-00113 0
434 0 FR940616-2-00116 0
434 0 FR940616-2-00140 0
434 0 FR940621-0-00031 0
434 0 FR940630-2-00021 0
434 0 FR940712-1-00027 0
434 0 FR940803-2-00009 0
434 0 FR940817-0-00077 0
434 0 FR940825-1-00028 0
434 0 FR940825-2-00175 0
434 0 FR940919-1-00019 0
434 0 FR940922-1-00031 0
434 0 FR940927-0-00113 0
434 0 FR940930-1-00026 0
434 0 FR941004-2-00117 0
434 0 FR941006-0-00065 0
434 0 FR941011-2-00082 0
434 0 FR941013-2-00140 0
434 0 FR941102-2-00005 0
434 0 FR941117-2-00158 0
434 0 FR941130-0-00122 0
434 0 FR941130-0-00123 0
434 0 FR941202-2-00139 0
434 0 FR941219-2-00042 0
434 0 FR941230-0-00119 0
434 0 FR941230-0-00123 0
434 0 FT911-1050 0
434 0 FT911-214 0
434 0 FT911-2145 0
434 0 FT911-2176 0
434 0 FT911-2209 0
434 0 FT911-2454 0
434 0 FT911-328 0
434 0 FT911-3287 1
434 0 FT911-3443 0
434 0 FT921-11235 0
434 0 FT921-11693 0
434 0 FT921-12480 0
434 0 FT921-12661 0
434 0 FT921-13004 0
434 0 FT921-13195 0
434 0 FT921-15702 0
434 0 FT921-15916 0
434 0 FT921-15961 0
434 0 FT921-1629 0
434 0 FT921-1710 0
434 0 FT921-2351 0
434 0 FT921-2460 0
434 0 FT921-3103 0
434 0 FT921-3208 0
434 0 FT921-5343 0
434 0 FT921-5758 0
434 0 FT921-6090 0
434 0 FT921-6112 0
434 0 FT921-6583 0
434 0 FT921-743 0
434 0 FT921-7615 0
434 0 FT921-8522 0
434 0 FT921-8844 0
434 0 FT921-9028 0
434 0 FT921-9292 0
434 0 FT921-9904 0
434 0 FT922-11510 0
434 0 FT922-12292 0
434 0 FT922-13849 0
434 0 FT922-14638 0
434 0 FT922-1572 0
434 0 FT922-2023 0
434 0 FT922-2137 0
434 0 FT922-2140 1
434 0 FT922-219 0
434 0 FT922-2193 0
434 0 FT922-2610 0
434 0 FT922-2782 0
434 0 FT922-2817 0
434 0 FT922-3555 0
434 0 FT922-3859 0
434 0 FT922-4994 0
434 0 FT922-5760 0
434 0 FT922-6263 0
434 0 FT922-6448 0
434 0 FT922-7206 0
434 0 FT922-7816 1
434 0 FT922-8245 1
434 0 FT922-8465 0
434 0 FT922-9468 0
434 0 FT922-9546 0
434 0 FT922-9947 0
434 0 FT923-10370 1
434 0 FT923-10423 0
434 0 FT923-10769 0
434 0 FT923-10950 0
434 0 FT923-10969 0
434 0 FT923-11305 0
434 0 FT923-11578 0
434 0 FT923-12396 0
434 0 FT923-1241 0
434 0 FT923-12517 0
434 0 FT923-1263 0
434 0 FT923-12737 0
434 0 FT923-13610 1
434 0 FT923-13830 0
434 0 FT923-15273 0
434 0 FT923-15693 0
434 0 FT923-2240 0
434 0 FT923-3399 0
434 0 FT923-4336 1
434 0 FT923-4389 1
434 0 FT923-4690 0
434 0 FT923-4964 0
434 0 FT923-520 0
434 0 FT923-5764 0
434 0 FT923-6151 0
434 0 FT923-6495 0
434 0 FT923-6742 1
434 0 FT923-6924 1
434 0 FT923-7041 0
434 0 FT923-7654 1
434 0 FT923-7789 0
434 0 FT923-9984 0
434 0 FT924-10640 0
434 0 FT924-11797 0
434 0 FT924-12896 0
434 0 FT924-12969 0
434 0 FT924-13044 0
434 0 FT924-13102 0
434 0 FT924-13339 0
434 0 FT924-13629 0
434 0 FT924-13737 0
434 0 FT924-14339 0
434 0 FT924-14607 0
434 0 FT924-14627 0
434 0 FT924-15101 0
434 0 FT924-15883 0
434 0 FT924-161 0
434 0 FT924-1618 0
434 0 FT924-1740 1
434 0 FT924-1757 1
434 0 FT924-1759 1
434 0 FT924-1760 1
434 0 FT924-1912 1
434 0 FT924-1920 0
434 0 FT924-194 0
434 0 FT924-1980 0
434 0 FT924-2830 0
434 0 FT924-3105 0
434 0 FT924-328 0
434 0 FT924-4138 0
434 0 FT924-4233 0
434 0 FT924-4343 0
434 0 FT924-4347 0
434 0 FT924-4371 0
434 0 FT924-5516 0
434 0 FT924-6332 0
434 0 FT924-6423 0
434 0 FT924-6864 0
434 0 FT924-8293 0
434 0 FT924-9837 0
434 0 FT931-10305 0
434 0 FT931-10586 0
434 0 FT931-10617 0
434 0 FT931-10620 0
434 0 FT931-10622 0
434 0 FT931-10634 0
434 0 FT931-10712 0
434 0 FT931-10738 0
434 0 FT931-10861 0
434 0 FT931-10947 0
434 0 FT931-10998 0
434 0 FT931-11001 0
434 0 FT931-11154 0
434 0 FT931-11216 0
434 0 FT931-11306 0
434 0 FT931-11377 0
434 0 FT931-11414 0
434 0 FT931-11505 0
434 0 FT931-11514 0
434 0 FT931-11532 0
434 0 FT931-11539 0
434 0 FT931-11570 0
434 0 FT931-11620 0
434 0 FT931-11647 0
434 0 FT931-11745 0
434 0 FT931-11759 0
434 0 FT931-11831 0
434 0 FT931-12001 0
434 0 FT931-12771 0
434 0 FT931-13299 0
434 0 FT931-13409 0
434 0 FT931-14192 0
434 0 FT931-14412 0
434 0 FT931-15158 0
434 0 FT931-15448 0
434 0 FT931-15641 0
434 0 FT931-15751 0
434 0 FT931-2355 0
434 0 FT931-2438 0
434 0 FT931-3135 0
434 0 FT931-3152 0
434 0 FT931-4195 0
434 0 FT931-453 0
434 0 FT931-5526 0
434 0 FT931-5892 0
434 0 FT931-7306 0
434 0 FT931-731 0
434 0 FT931-8988 0
434 0 FT931-9030 0
434 0 FT931-9596 0
434 0 FT932-10147 0
434 0 FT932-10765 0
434 0 FT932-11164 0
434 0 FT932-11416 0
434 0 FT932-11425 0
434 0 FT932-13071 0
434 0 FT932-16694 0
434 0 FT932-17297 0
434 0 FT932-1842 0
434 0 FT932-234 0
434 0 FT932-2569 0
434 0 FT932-3244 0
434 0 FT932-3432 0
434 0 FT932-4652 0
434 0 FT932-5529 0
434 0 FT932-572 0
434 0 FT932-6145 0
434 0 FT932-6671 0
434 0 FT932-8267 0
434 0 FT932-839 0
434 0 FT932-8826 0
434 0 FT932-9920 0
434 0 FT933-11752 0
434 0 FT933-11829 1
434 0 FT933-12096 0
434 0 FT933-12230 0
434 0 FT933-12826 0
434 0 FT933-13316 0
434 0 FT933-13536 0
434 0 FT933-13574 0
434 0 FT933-14103 0
434 0 FT933-15228 0
434 0 FT933-15434 0
434 0 FT933-16316 0
434 0 FT933-16506 0
434 0 FT933-16772 0
434 0 FT933-16927 0
434 0 FT933-173 0
434 0 FT933-2296 0
434 0 FT933-3623 0
434 0 FT933-4474 1
434 0 FT933-5761 0
434 0 FT933-7190 0
434 0 FT933-7949 0
434 0 FT933-8383 0
434 0 FT933-8479 1
434 0 FT933-8499 0
434 0 FT933-8719 0
434 0 FT933-9114 0
434 0 FT933-9219 1
434 0 FT934-10903 0
434 0 FT934-11256 0
434 0 FT934-11484 0
434 0 FT934-12449 0
434 0 FT934-13646 0
434 0 FT934-2905 0
434 0 FT934-4666 1
434 0 FT934-5312 0
434 0 FT934-9382 0
434 0 FT934-9798 0
434 0 FT941-11260 1
434 0 FT941-11731 1
434 0 FT941-11764 0
434 0 FT941-12414 0
434 0 FT941-14574 0
434 0 FT941-16163 1
434 0 FT941-16475 0
434 0 FT941-190 0
434 0 FT941-2604 0
434 0 FT941-268 0
434 0 FT941-4089 0
434 0 FT941-4928 1
434 0 FT941-5481 0
434 0 FT941-5679 0
434 0 FT941-6786 0
434 0 FT941-8272 0
434 0 FT941-8393 0
434 0 FT941-9452 0
434 0 FT941-9519 0
434 0 FT942-10681 0
434 0 FT942-11407 1
434 0 FT942-12843 0
434 0 FT942-141 0
434 0 FT942-14536 0
434 0 FT942-14619 1
434 0 FT942-14632 1
434 0 FT942-14634 1
434 0 FT942-14635 1
434 0 FT942-14637 1
434 0 FT942-14640 1
434 0 FT942-14641 1
434 0 FT942-14642 1
434 0 FT942-14643 1
434 0 FT942-14644 1
434 0 FT942-14646 1
434 0 FT942-14839 0
434 0 FT942-14852 0
434 0 FT942-14858 0
434 0 FT942-14860 0
434 0 FT942-14924 0
434 0 FT942-15144 0
434 0 FT942-1645 0
434 0 FT942-16602 1
434 0 FT942-16924 1
434 0 FT942-2269 0
434 0 FT942-2489 0
434 0 FT942-547 0
434 0 FT942-5787 1
434 0 FT942-6411 0
434 0 FT942-6977 1
434 0 FT942-7099 1
434 0 FT942-7918 1
434 0 FT942-8138 0
434 0 FT942-8197 0
434 0 FT943-11570 1
434 0 FT943-12398 0
434 0 FT943-13419 0
434 0 FT943-13675 1
434 0 FT943-14087 0
434 0 FT943-14360 0
434 0 FT943-15268 0
434 0 FT943-15963 0
434 0 FT943-16182 0
434 0 FT943-178 0
434 0 FT943-21 1
434 0 FT943-22 1
434 0 FT943-28 0
434 0 FT943-312 0
434 0 FT943-316 0
434 0 FT943-3526 0
434 0 FT943-3650 0
434 0 FT943-3773 0
434 0 FT943-4403 1
434 0 FT943-4783 0
434 0 FT943-4790 0
434 0 FT943-543 0
434 0 FT943-70 0
434 0 FT943-807 0
434 0 FT944-10138 0
434 0 FT944-10256 1
434 0 FT944-10476 0
434 0 FT944-10977 0
434 0 FT944-11612 0
434 0 FT944-12190 0
434 0 FT944-12410 0
434 0 FT944-15116 1
434 0 FT944-15187 1
434 0 FT944-15406 0
434 0 FT944-1600 0
434 0 FT944-1624 0
434 0 FT944-16937 0
434 0 FT944-17680 0
434 0 FT944-17958 0
434 0 FT944-18499 0
434 0 FT944-18592 0
434 0 FT944-18722 0
434 0 FT944-18875 0
434 0 FT944-18877 0
434 0 FT944-2266 0
434 0 FT944-3623 0
434 0 FT944-3831 0
434 0 FT944-3843 0
434 0 FT944-6326 0
434 0 FT944-6776 0
434 0 FT944-7140 0
434 0 FT944-8164 0
434 0 FT944-8586 0
434 0 FT944-8638 0
434 0 FT944-8640 0
434 0 FT944-8858 0
434 0 LA010189-0001 0
434 0 LA010189-0032 0
434 0 LA010189-0040 0
434 0 LA010189-0041 0
434 0 LA010189-0109 0
434 0 LA010189-0110 0
434 0 LA010189-0112 0
434 0 LA010190-0003 0
434 0 LA020490-0062 0
434 0 LA020490-0092 0
434 0 LA020490-0196 0
434 0 LA020490-0198 0
434 0 LA020589-0068 0
434 0 LA020589-0142 0
434 0 LA020590-0035 0
434 0 LA020590-0039 0
434 0 LA020590-0103 0
434 0 LA020689-0060 0
434 0 LA020690-0019 0
434 0 LA020690-0152 0
434 0 LA020690-0153 0
434 0 LA020789-0121 0
434 0 LA020790-0090 0
434 0 LA020889-0063 0
434 0 LA020889-0071 0
434 0 LA020889-0127 0
434 0 LA020890-0087 0
434 0 LA020890-0128 0
434 0 LA021690-0051 0
434 0 LA031390-0068 0
434 0 LA031390-0152 0
434 0 LA031990-0073 0
434 0 LA032090-0090 0
434 0 LA033090-0182 0
434 0 LA040290-0064 0
434 0 LA040790-0082 0
434 0 LA041390-0057 0
434 0 LA042090-0067 0
434 0 LA042690-0237 0
434 0 LA042890-0030 0
434 0 LA042890-0072 0
434 0 LA050390-0177 0
434 0 LA050590-0114 0
434 0 LA050990-0094 0
434 0 LA051090-0064 0
434 0 LA051390-0169 0
434 0 LA051589-0035 0
434 0 LA051689-0055 0
434 0 LA051690-0102 0
434 0 LA051690-0150 0
434 0 LA051790-0097 0
434 0 LA052590-0202 0
434 0 LA053190-0087 0
434 0 LA060189-0205 0
434 0 LA060289-0094 0
434 0 LA061490-0069 0
434 0 LA072290-0126 0
434 0 LA072589-0105 0
434 0 LA072590-0051 0
434 0 LA072690-0222 0
434 0 LA072789-0211 0
434 0 LA072889-0042 0
434 0 LA072890-0071 0
434 0 LA072989-0004 0
434 0 LA072990-0088 0
434 0 LA073190-0130 0
434 0 LA081489-0038 0
434 0 LA081889-0063 0
434 0 LA091090-0072 0
434 0 LA091289-0092 0
434 0 LA091589-0083 0
434 0 LA100689-0067 0
434 0 LA101790-0075 0
434 0 LA111390-0105 0
434 0 LA112789-0106 1
434 0 LA112889-0089 0
434 0 LA121089-0244 0
434 0 LA121089-0245 0
434 0 LA121589-0189 0
434 0 LA121690-0173 0
434 0 LA122590-0067 0
434 0 LA122789-0134 0
434 0 LA123189-0177 0
434 0 LA123189-0183 0
434 0 LA123190-0017 0
434 0 LA123190-0041 0
434 0 LA123190-0078 0
434 0 LA123190-0088 0
434 0 LA123190-0092 0
