435 0 FBIS3-11305 0
435 0 FBIS3-11397 0
435 0 FBIS3-11834 0
435 0 FBIS3-12839 1
435 0 FBIS3-13309 0
435 0 FBIS3-13318 0
435 0 FBIS3-13379 0
435 0 FBIS3-1348 0
435 0 FBIS3-14832 0
435 0 FBIS3-15636 0
435 0 FBIS3-15925 0
435 0 FBIS3-1639 0
435 0 FBIS3-1732 0
435 0 FBIS3-17354 0
435 0 FBIS3-1737 0
435 0 FBIS3-174 0
435 0 FBIS3-1780 0
435 0 FBIS3-1790 0
435 0 FBIS3-18390 0
435 0 FBIS3-1876 0
435 0 FBIS3-18910 0
435 0 FBIS3-19231 0
435 0 FBIS3-19534 0
435 0 FBIS3-1998 0
435 0 FBIS3-2019 1
435 0 FBIS3-20457 0
435 0 FBIS3-2047 0
435 0 FBIS3-2053 1
435 0 FBIS3-20539 0
435 0 FBIS3-20547 0
435 0 FBIS3-2055 0
435 0 FBIS3-20796 0
435 0 FBIS3-21244 0
435 0 FBIS3-21482 1
435 0 FBIS3-2157 0
435 0 FBIS3-2208 0
435 0 FBIS3-22119 0
435 0 FBIS3-22186 1
435 0 FBIS3-22443 0
435 0 FBIS3-22455 0
435 0 FBIS3-22486 0
435 0 FBIS3-22508 0
435 0 FBIS3-22509 0
435 0 FBIS3-22557 0
435 0 FBIS3-22598 0
435 0 FBIS3-22615 0
435 0 FBIS3-22616 0
435 0 FBIS3-22648 0
435 0 FBIS3-22688 1
435 0 FBIS3-22699 0
435 0 FBIS3-23 0
435 0 FBIS3-23543 0
435 0 FBIS3-23751 0
435 0 FBIS3-23752 0
435 0 FBIS3-23945 0
435 0 FBIS3-23947 0
435 0 FBIS3-2402 0
435 0 FBIS3-24038 0
435 0 FBIS3-24088 0
435 0 FBIS3-24130 0
435 0 FBIS3-24133 0
435 0 FBIS3-24145 0
435 0 FBIS3-2424 0
435 0 FBIS3-24255 0
435 0 FBIS3-24469 0
435 0 FBIS3-24656 0
435 0 FBIS3-24678 0
435 0 FBIS3-24679 0
435 0 FBIS3-24778 0
435 0 FBIS3-24893 0
435 0 FBIS3-25014 0
435 0 FBIS3-2516 0
435 0 FBIS3-25215 0
435 0 FBIS3-2563 0
435 0 FBIS3-25644 0
435 0 FBIS3-2585 0
435 0 FBIS3-26036 0
435 0 FBIS3-26048 0
435 0 FBIS3-26064 0
435 0 FBIS3-26155 0
435 0 FBIS3-26163 0
435 0 FBIS3-2621 0
435 0 FBIS3-26359 0
435 0 FBIS3-26398 0
435 0 FBIS3-26434 0
435 0 FBIS3-26511 0
435 0 FBIS3-26552 0
435 0 FBIS3-26581 0
435 0 FBIS3-26718 0
435 0 FBIS3-26736 0
435 0 FBIS3-26750 1
435 0 FBIS3-2676 0
435 0 FBIS3-26843 0
435 0 FBIS3-26913 0
435 0 FBIS3-2694 0
435 0 FBIS3-26940 0
435 0 FBIS3-2699 0
435 0 FBIS3-27016 0
435 0 FBIS3-27023 0
435 0 FBIS3-27464 1
435 0 FBIS3-27498 0
435 0 FBIS3-27513 0
435 0 FBIS3-2764 0
435 0 FBIS3-27933 0
435 0 FBIS3-2816 1
435 0 FBIS3-28303 0
435 0 FBIS3-2884 0
435 0 FBIS3-2907 0
435 0 FBIS3-2946 0
435 0 FBIS3-3031 0
435 0 FBIS3-30726 0
435 0 FBIS3-31129 0
435 0 FBIS3-3140 0
435 0 FBIS3-3163 0
435 0 FBIS3-31720 0
435 0 FBIS3-32011 0
435 0 FBIS3-32193 0
435 0 FBIS3-3225 0
435 0 FBIS3-3230 0
435 0 FBIS3-3244 0
435 0 FBIS3-3260 0
435 0 FBIS3-3376 0
435 0 FBIS3-3386 0
435 0 FBIS3-3405 0
435 0 FBIS3-3410 0
435 0 FBIS3-3415 0
435 0 FBIS3-3422 0
435 0 FBIS3-3467 0
435 0 FBIS3-3469 0
435 0 FBIS3-35195 1
435 0 FBIS3-3535 0
435 0 FBIS3-3564 0
435 0 FBIS3-3565 0
435 0 FBIS3-3581 0
435 0 FBIS3-36078 0
435 0 FBIS3-3732 0
435 0 FBIS3-3751 0
435 0 FBIS3-3789 0
435 0 FBIS3-3813 0
435 0 FBIS3-38534 0
435 0 FBIS3-3918 0
435 0 FBIS3-39203 0
435 0 FBIS3-3949 0
435 0 FBIS3-3980 0
435 0 FBIS3-40129 0
435 0 FBIS3-40166 0
435 0 FBIS3-40190 0
435 0 FBIS3-40284 0
435 0 FBIS3-40386 0
435 0 FBIS3-40450 0
435 0 FBIS3-40634 0
435 0 FBIS3-4067 0
435 0 FBIS3-4074 0
435 0 FBIS3-4105 0
435 0 FBIS3-4119 0
435 0 FBIS3-41511 0
435 0 FBIS3-41609 0
435 0 FBIS3-41699 0
435 0 FBIS3-41723 0
435 0 FBIS3-41801 0
435 0 FBIS3-4196 0
435 0 FBIS3-4209 0
435 0 FBIS3-42123 0
435 0 FBIS3-42393 0
435 0 FBIS3-42399 0
435 0 FBIS3-42400 0
435 0 FBIS3-42459 0
435 0 FBIS3-42596 0
435 0 FBIS3-42646 0
435 0 FBIS3-4265 0
435 0 FBIS3-4266 0
435 0 FBIS3-42726 0
435 0 FBIS3-42766 0
435 0 FBIS3-4278 0
435 0 FBIS3-42811 0
435 0 FBIS3-42912 0
435 0 FBIS3-42940 0
435 0 FBIS3-42959 0
435 0 FBIS3-42985 0
435 0 FBIS3-42986 0
435 0 FBIS3-42997 0
435 0 FBIS3-43023 0
435 0 FBIS3-43024 0
435 0 FBIS3-43035 0
435 0 FBIS3-43066 0
435 0 FBIS3-43072 0
435 0 FBIS3-43075 1
435 0 FBIS3-43116 0
435 0 FBIS3-43120 0
435 0 FBIS3-43136 0
435 0 FBIS3-43160 0
435 0 FBIS3-43166 0
435 0 FBIS3-43170 0
435 0 FBIS3-43174 0
435 0 FBIS3-43190 0
435 0 FBIS3-43214 0
435 0 FBIS3-43220 0
435 0 FBIS3-43235 0
435 0 FBIS3-4327 0
435 0 FBIS3-43602 0
435 0 FBIS3-4377 0
435 0 FBIS3-44364 0
435 0 FBIS3-44437 0
435 0 FBIS3-44465 0
435 0 FBIS3-44474 0
435 0 FBIS3-44703 0
435 0 FBIS3-44722 0
435 0 FBIS3-44793 0
435 0 FBIS3-4496 0
435 0 FBIS3-45176 0
435 0 FBIS3-45203 0
435 0 FBIS3-45306 0
435 0 FBIS3-45634 0
435 0 FBIS3-45640 0
435 0 FBIS3-45645 0
435 0 FBIS3-4583 0
435 0 FBIS3-45892 0
435 0 FBIS3-45898 1
435 0 FBIS3-45925 0
435 0 FBIS3-46196 0
435 0 FBIS3-46249 0
435 0 FBIS3-46498 0
435 0 FBIS3-46596 0
435 0 FBIS3-46614 0
435 0 FBIS3-46698 1
435 0 FBIS3-46845 0
435 0 FBIS3-46906 0
435 0 FBIS3-47177 0
435 0 FBIS3-47196 0
435 0 FBIS3-47210 0
435 0 FBIS3-47574 0
435 0 FBIS3-47971 0
435 0 FBIS3-48033 0
435 0 FBIS3-48043 0
435 0 FBIS3-48290 0
435 0 FBIS3-48748 0
435 0 FBIS3-50064 0
435 0 FBIS3-50449 0
435 0 FBIS3-505 0
435 0 FBIS3-50510 0
435 0 FBIS3-50904 0
435 0 FBIS3-50989 0
435 0 FBIS3-51397 0
435 0 FBIS3-53350 0
435 0 FBIS3-5384 0
435 0 FBIS3-5387 0
435 0 FBIS3-5442 0
435 0 FBIS3-54436 0
435 0 FBIS3-5471 0
435 0 FBIS3-55423 0
435 0 FBIS3-5793 0
435 0 FBIS3-58 0
435 0 FBIS3-58372 0
435 0 FBIS3-5863 0
435 0 FBIS3-58841 0
435 0 FBIS3-59272 0
435 0 FBIS3-59292 0
435 0 FBIS3-59296 0
435 0 FBIS3-59300 0
435 0 FBIS3-59309 0
435 0 FBIS3-59311 0
435 0 FBIS3-59345 0
435 0 FBIS3-59356 0
435 0 FBIS3-59398 0
435 0 FBIS3-5968 0
435 0 FBIS3-59773 0
435 0 FBIS3-59837 0
435 0 FBIS3-60 0
435 0 FBIS3-6010 0
435 0 FBIS3-60257 0
435 0 FBIS3-60259 0
435 0 FBIS3-60279 0
435 0 FBIS3-60336 0
435 0 FBIS3-60342 0
435 0 FBIS3-60369 0
435 0 FBIS3-60434 0
435 0 FBIS3-60444 0
435 0 FBIS3-60566 0
435 0 FBIS3-61228 0
435 0 FBIS3-61253 0
435 0 FBIS3-61307 0
435 0 FBIS3-61392 0
435 0 FBIS3-61443 1
435 0 FBIS3-61562 0
435 0 FBIS3-6200 0
435 0 FBIS3-6350 0
435 0 FBIS3-6657 0
435 0 FBIS3-6685 0
435 0 FBIS3-67 0
435 0 FBIS3-6811 0
435 0 FBIS3-6843 0
435 0 FBIS3-6884 0
435 0 FBIS3-7035 0
435 0 FBIS3-7211 0
435 0 FBIS3-7342 0
435 0 FBIS3-7470 0
435 0 FBIS3-7731 0
435 0 FBIS3-7785 0
435 0 FBIS3-7808 0
435 0 FBIS3-7852 0
435 0 FBIS3-7871 0
435 0 FBIS3-7891 0
435 0 FBIS3-7900 0
435 0 FBIS3-7954 0
435 0 FBIS3-7987 0
435 0 FBIS3-8010 0
435 0 FBIS3-8016 0
435 0 FBIS3-8079 0
435 0 FBIS3-8127 0
435 0 FBIS3-8131 0
435 0 FBIS3-8135 0
435 0 FBIS3-8143 0
435 0 FBIS3-8145 0
435 0 FBIS3-8203 0
435 0 FBIS3-8210 0
435 0 FBIS3-8214 0
435 0 FBIS3-8222 0
435 0 FBIS3-8224 0
435 0 FBIS3-8244 0
435 0 FBIS3-8249 0
435 0 FBIS3-8423 0
435 0 FBIS3-8438 0
435 0 FBIS3-8465 0
435 0 FBIS3-8472 0
435 0 FBIS3-8481 0
435 0 FBIS3-8597 0
435 0 FBIS3-8629 0
435 0 FBIS3-8661 0
435 0 FBIS3-8696 0
435 0 FBIS3-8777 0
435 0 FBIS3-8785 0
435 0 FBIS3-8883 0
435 0 FBIS3-8911 0
435 0 FBIS3-8988 0
435 0 FBIS3-9056 0
435 0 FBIS3-9095 0
435 0 FBIS3-9104 0
435 0 FBIS3-9149 0
435 0 FBIS3-9234 0
435 0 FBIS3-9269 0
435 0 FBIS3-9282 0
435 0 FBIS3-9293 0
435 0 FBIS3-9359 0
435 0 FBIS3-9367 0
435 0 FBIS3-9377 0
435 0 FBIS3-9380 0
435 0 FBIS3-9389 0
435 0 FBIS3-9420 0
435 0 FBIS3-9435 0
435 0 FBIS3-9442 0
435 0 FBIS3-9465 0
435 0 FBIS3-9539 0
435 0 FBIS4-10057 0
435 0 FBIS4-10742 0
435 0 FBIS4-11043 0
435 0 FBIS4-11065 0
435 0 FBIS4-11284 0
435 0 FBIS4-1141 0
435 0 FBIS4-11451 0
435 0 FBIS4-11613 0
435 0 FBIS4-1229 0
435 0 FBIS4-12734 1
435 0 FBIS4-142 0
435 0 FBIS4-1468 0
435 0 FBIS4-1469 0
435 0 FBIS4-1533 0
435 0 FBIS4-15579 0
435 0 FBIS4-1626 0
435 0 FBIS4-1627 1
435 0 FBIS4-16406 0
435 0 FBIS4-1666 0
435 0 FBIS4-1669 1
435 0 FBIS4-1670 0
435 0 FBIS4-1671 0
435 0 FBIS4-16951 0
435 0 FBIS4-1717 0
435 0 FBIS4-17283 0
435 0 FBIS4-17293 0
435 0 FBIS4-1755 0
435 0 FBIS4-17683 0
435 0 FBIS4-17765 0
435 0 FBIS4-18251 0
435 0 FBIS4-1844 1
435 0 FBIS4-18480 0
435 0 FBIS4-1861 1
435 0 FBIS4-1862 0
435 0 FBIS4-1866 1
435 0 FBIS4-18810 0
435 0 FBIS4-19 0
435 0 FBIS4-1915 0
435 0 FBIS4-1929 0
435 0 FBIS4-1946 0
435 0 FBIS4-20016 0
435 0 FBIS4-20145 0
435 0 FBIS4-20308 1
435 0 FBIS4-20348 0
435 0 FBIS4-2035 0
435 0 FBIS4-20351 0
435 0 FBIS4-20394 0
435 0 FBIS4-2041 1
435 0 FBIS4-2042 0
435 0 FBIS4-2047 0
435 0 FBIS4-2052 0
435 0 FBIS4-20569 0
435 0 FBIS4-2111 0
435 0 FBIS4-2128 0
435 0 FBIS4-21335 0
435 0 FBIS4-21491 0
435 0 FBIS4-21982 0
435 0 FBIS4-2204 0
435 0 FBIS4-22152 0
435 0 FBIS4-22323 0
435 0 FBIS4-22328 0
435 0 FBIS4-22421 0
435 0 FBIS4-22484 0
435 0 FBIS4-22629 0
435 0 FBIS4-22701 0
435 0 FBIS4-22779 0
435 0 FBIS4-22952 1
435 0 FBIS4-23084 0
435 0 FBIS4-23089 0
435 0 FBIS4-23114 0
435 0 FBIS4-23131 0
435 0 FBIS4-2317 0
435 0 FBIS4-2319 1
435 0 FBIS4-2320 0
435 0 FBIS4-2322 1
435 0 FBIS4-2323 1
435 0 FBIS4-23359 0
435 0 FBIS4-2356 0
435 0 FBIS4-2395 0
435 0 FBIS4-24099 0
435 0 FBIS4-24105 0
435 0 FBIS4-24118 0
435 0 FBIS4-2413 1
435 0 FBIS4-2439 1
435 0 FBIS4-2444 0
435 0 FBIS4-24633 0
435 0 FBIS4-24634 0
435 0 FBIS4-24643 0
435 0 FBIS4-2474 0
435 0 FBIS4-2487 1
435 0 FBIS4-24896 1
435 0 FBIS4-2501 1
435 0 FBIS4-25030 0
435 0 FBIS4-25085 0
435 0 FBIS4-25098 0
435 0 FBIS4-25120 0
435 0 FBIS4-25123 0
435 0 FBIS4-25157 0
435 0 FBIS4-25211 0
435 0 FBIS4-25239 0
435 0 FBIS4-25582 0
435 0 FBIS4-25586 0
435 0 FBIS4-25596 0
435 0 FBIS4-25719 0
435 0 FBIS4-25736 0
435 0 FBIS4-25955 0
435 0 FBIS4-2624 0
435 0 FBIS4-26299 0
435 0 FBIS4-26396 0
435 0 FBIS4-26675 1
435 0 FBIS4-26676 1
435 0 FBIS4-26677 0
435 0 FBIS4-26678 1
435 0 FBIS4-26679 0
435 0 FBIS4-26680 1
435 0 FBIS4-26681 1
435 0 FBIS4-26683 1
435 0 FBIS4-26684 1
435 0 FBIS4-26749 0
435 0 FBIS4-26860 0
435 0 FBIS4-26982 0
435 0 FBIS4-2702 0
435 0 FBIS4-2734 0
435 0 FBIS4-27392 0
435 0 FBIS4-27815 0
435 0 FBIS4-28772 0
435 0 FBIS4-29 0
435 0 FBIS4-2927 0
435 0 FBIS4-2951 0
435 0 FBIS4-29642 0
435 0 FBIS4-30487 0
435 0 FBIS4-31027 0
435 0 FBIS4-31291 0
435 0 FBIS4-3208 0
435 0 FBIS4-32817 0
435 0 FBIS4-3402 0
435 0 FBIS4-3451 0
435 0 FBIS4-34973 0
435 0 FBIS4-3519 1
435 0 FBIS4-35643 0
435 0 FBIS4-3569 0
435 0 FBIS4-36088 0
435 0 FBIS4-36600 0
435 0 FBIS4-36743 0
435 0 FBIS4-36778 0
435 0 FBIS4-36782 0
435 0 FBIS4-37333 0
435 0 FBIS4-38007 0
435 0 FBIS4-38464 0
435 0 FBIS4-38547 0
435 0 FBIS4-38725 0
435 0 FBIS4-38972 1
435 0 FBIS4-39248 0
435 0 FBIS4-39577 0
435 0 FBIS4-3960 0
435 0 FBIS4-40245 0
435 0 FBIS4-40359 0
435 0 FBIS4-40426 0
435 0 FBIS4-4046 0
435 0 FBIS4-40514 0
435 0 FBIS4-4060 0
435 0 FBIS4-4067 0
435 0 FBIS4-40751 0
435 0 FBIS4-4130 0
435 0 FBIS4-41331 0
435 0 FBIS4-41539 0
435 0 FBIS4-42 0
435 0 FBIS4-4233 0
435 0 FBIS4-4235 0
435 0 FBIS4-42401 0
435 0 FBIS4-4243 0
435 0 FBIS4-42516 0
435 0 FBIS4-42739 0
435 0 FBIS4-42820 0
435 0 FBIS4-43320 0
435 0 FBIS4-44421 0
435 0 FBIS4-44424 0
435 0 FBIS4-44468 0
435 0 FBIS4-44474 0
435 0 FBIS4-44475 0
435 0 FBIS4-44485 0
435 0 FBIS4-44517 0
435 0 FBIS4-44523 0
435 0 FBIS4-44534 0
435 0 FBIS4-44892 0
435 0 FBIS4-44913 0
435 0 FBIS4-44914 0
435 0 FBIS4-45041 0
435 0 FBIS4-45066 0
435 0 FBIS4-45613 0
435 0 FBIS4-45732 0
435 0 FBIS4-45737 0
435 0 FBIS4-45740 0
435 0 FBIS4-45842 0
435 0 FBIS4-45875 0
435 0 FBIS4-45882 0
435 0 FBIS4-46221 0
435 0 FBIS4-46469 0
435 0 FBIS4-46572 0
435 0 FBIS4-46687 0
435 0 FBIS4-46869 0
435 0 FBIS4-46889 0
435 0 FBIS4-46935 0
435 0 FBIS4-47015 0
435 0 FBIS4-47016 0
435 0 FBIS4-47098 1
435 0 FBIS4-47143 1
435 0 FBIS4-47613 0
435 0 FBIS4-47629 0
435 0 FBIS4-47630 0
435 0 FBIS4-47633 0
435 0 FBIS4-47841 0
435 0 FBIS4-48857 0
435 0 FBIS4-48916 0
435 0 FBIS4-48925 0
435 0 FBIS4-49021 0
435 0 FBIS4-49096 0
435 0 FBIS4-49178 0
435 0 FBIS4-49185 0
435 0 FBIS4-49245 1
435 0 FBIS4-49264 0
435 0 FBIS4-49457 0
435 0 FBIS4-49715 0
435 0 FBIS4-49807 0
435 0 FBIS4-49809 1
435 0 FBIS4-49832 1
435 0 FBIS4-50036 0
435 0 FBIS4-50050 0
435 0 FBIS4-50117 1
435 0 FBIS4-50195 0
435 0 FBIS4-50246 0
435 0 FBIS4-50346 0
435 0 FBIS4-50434 0
435 0 FBIS4-50478 0
435 0 FBIS4-50518 0
435 0 FBIS4-50706 1
435 0 FBIS4-50713 0
435 0 FBIS4-50850 0
435 0 FBIS4-50901 1
435 0 FBIS4-50911 0
435 0 FBIS4-50913 1
435 0 FBIS4-51073 0
435 0 FBIS4-51098 1
435 0 FBIS4-51166 0
435 0 FBIS4-51191 0
435 0 FBIS4-51262 0
435 0 FBIS4-51528 0
435 0 FBIS4-517 1
435 0 FBIS4-51932 0
435 0 FBIS4-52039 0
435 0 FBIS4-52042 0
435 0 FBIS4-52043 0
435 0 FBIS4-52045 0
435 0 FBIS4-52156 0
435 0 FBIS4-52754 0
435 0 FBIS4-53314 0
435 0 FBIS4-53518 0
435 0 FBIS4-54209 0
435 0 FBIS4-54307 0
435 0 FBIS4-5476 0
435 0 FBIS4-54818 0
435 0 FBIS4-56173 0
435 0 FBIS4-56389 0
435 0 FBIS4-56492 0
435 0 FBIS4-56555 0
435 0 FBIS4-56568 0
435 0 FBIS4-57162 0
435 0 FBIS4-57220 0
435 0 FBIS4-57817 0
435 0 FBIS4-58121 1
435 0 FBIS4-5890 0
435 0 FBIS4-6086 0
435 0 FBIS4-62054 0
435 0 FBIS4-62795 0
435 0 FBIS4-6297 0
435 0 FBIS4-64150 0
435 0 FBIS4-65670 0
435 0 FBIS4-66159 0
435 0 FBIS4-66160 0
435 0 FBIS4-66162 1
435 0 FBIS4-66196 0
435 0 FBIS4-66199 0
435 0 FBIS4-66202 0
435 0 FBIS4-66209 0
435 0 FBIS4-66247 0
435 0 FBIS4-66249 0
435 0 FBIS4-66256 0
435 0 FBIS4-66273 0
435 0 FBIS4-66283 0
435 0 FBIS4-66288 0
435 0 FBIS4-66297 0
435 0 FBIS4-66308 0
435 0 FBIS4-66312 0
435 0 FBIS4-66461 0
435 0 FBIS4-66511 1
435 0 FBIS4-66727 1
435 0 FBIS4-66829 0
435 0 FBIS4-67351 0
435 0 FBIS4-67577 0
435 0 FBIS4-67614 0
435 0 FBIS4-67625 0
435 0 FBIS4-67653 0
435 0 FBIS4-67664 0
435 0 FBIS4-67697 0
435 0 FBIS4-67704 1
435 0 FBIS4-67722 0
435 0 FBIS4-68220 0
435 0 FBIS4-68226 0
435 0 FBIS4-68246 0
435 0 FBIS4-68275 0
435 0 FBIS4-68356 0
435 0 FBIS4-68357 0
435 0 FBIS4-68430 1
435 0 FBIS4-68435 0
435 0 FBIS4-68437 0
435 0 FBIS4-68445 0
435 0 FBIS4-68451 0
435 0 FBIS4-68465 0
435 0 FBIS4-68507 0
435 0 FBIS4-68567 0
435 0 FBIS4-68579 0
435 0 FBIS4-68582 0
435 0 FBIS4-68585 0
435 0 FBIS4-68591 0
435 0 FBIS4-68594 0
435 0 FBIS4-68611 0
435 0 FBIS4-68732 0
435 0 FBIS4-68738 0
435 0 FBIS4-68748 0
435 0 FBIS4-68774 0
435 0 FBIS4-68782 0
435 0 FBIS4-68783 0
435 0 FBIS4-68784 0
435 0 FBIS4-68834 0
435 0 FBIS4-68886 0
435 0 FBIS4-68890 0
435 0 FBIS4-7811 0
435 0 FBIS4-8665 0
435 0 FBIS4-8964 0
435 0 FBIS4-9161 0
435 0 FBIS4-9354 0
435 0 FBIS4-9666 0
435 0 FBIS4-9820 0
435 0 FR940104-0-00034 0
435 0 FR940104-0-00039 0
435 0 FR940104-1-00050 0
435 0 FR940105-2-00109 0
435 0 FR940110-2-00027 0
435 0 FR940112-1-00044 0
435 0 FR940112-2-00143 0
435 0 FR940112-2-00145 0
435 0 FR940118-0-00056 0
435 0 FR940118-0-00073 0
435 0 FR940118-0-00074 0
435 0 FR940119-2-00067 0
435 0 FR940127-2-00018 0
435 0 FR940128-1-00070 0
435 0 FR940128-1-00084 0
435 0 FR940128-2-00186 0
435 0 FR940202-0-00031 0
435 0 FR940202-0-00032 0
435 0 FR940202-2-00072 0
435 0 FR940208-0-00081 0
435 0 FR940224-2-00121 0
435 0 FR940302-2-00082 0
435 0 FR940304-0-00090 0
435 0 FR940314-1-00038 0
435 0 FR940317-1-00210 0
435 0 FR940317-1-00213 0
435 0 FR940317-2-00057 0
435 0 FR940317-2-00133 0
435 0 FR940323-0-00094 0
435 0 FR940324-2-00056 0
435 0 FR940324-2-00093 0
435 0 FR940324-2-00094 0
435 0 FR940328-2-00119 0
435 0 FR940405-1-00012 0
435 0 FR940405-1-00041 0
435 0 FR940405-1-00049 0
435 0 FR940405-1-00098 0
435 0 FR940405-1-00099 0
435 0 FR940405-2-00064 0
435 0 FR940406-0-00190 0
435 0 FR940406-2-00008 0
435 0 FR940406-2-00054 0
435 0 FR940406-2-00073 0
435 0 FR940407-0-00075 0
435 0 FR940407-0-00099 0
435 0 FR940412-2-00123 0
435 0 FR940413-2-00041 0
435 0 FR940413-2-00130 0
435 0 FR940418-0-00025 0
435 0 FR940418-1-00037 0
435 0 FR940419-2-00049 0
435 0 FR940425-1-00003 0
435 0 FR940426-1-00069 0
435 0 FR940426-1-00071 0
435 0 FR940503-0-00046 0
435 0 FR940503-0-00048 0
435 0 FR940505-1-00052 0
435 0 FR940505-1-00068 0
435 0 FR940505-1-00115 0
435 0 FR940505-1-00488 0
435 0 FR940511-1-00084 0
435 0 FR940513-0-00080 0
435 0 FR940513-0-00083 0
435 0 FR940513-2-00069 0
435 0 FR940513-2-00089 0
435 0 FR940516-1-00016 0
435 0 FR940523-0-00058 0
435 0 FR940524-2-00043 0
435 0 FR940525-1-00065 0
435 0 FR940525-1-00068 0
435 0 FR940525-1-00082 0
435 0 FR940603-2-00050 0
435 0 FR940607-2-00052 0
435 0 FR940610-1-00089 0
435 0 FR940610-1-00090 0
435 0 FR940617-0-00127 0
435 0 FR940617-2-00161 0
435 0 FR940617-2-00162 0
435 0 FR940617-2-00164 0
435 0 FR940617-2-00225 0
435 0 FR940620-0-00149 0
435 0 FR940620-0-00159 0
435 0 FR940620-0-00160 0
435 0 FR940621-0-00031 0
435 0 FR940622-1-00028 0
435 0 FR940622-2-00075 0
435 0 FR940627-0-00102 0
435 0 FR940627-2-00035 0
435 0 FR940628-0-00014 0
435 0 FR940705-2-00221 0
435 0 FR940706-2-00090 0
435 0 FR940706-2-00126 0
435 0 FR940711-1-00058 0
435 0 FR940711-2-00097 0
435 0 FR940712-1-00068 0
435 0 FR940725-2-00141 0
435 0 FR940728-2-00087 0
435 0 FR940802-0-00095 0
435 0 FR940802-1-00015 0
435 0 FR940803-2-00061 0
435 0 FR940804-1-00057 0
435 0 FR940804-2-00088 0
435 0 FR940804-2-00107 0
435 0 FR940810-0-00013 0
435 0 FR940810-0-00145 0
435 0 FR940810-0-00278 0
435 0 FR940810-2-00085 0
435 0 FR940811-2-00015 0
435 0 FR940816-1-00027 0
435 0 FR940816-1-00059 0
435 0 FR940816-1-00060 0
435 0 FR940816-1-00061 0
435 0 FR940816-1-00062 0
435 0 FR940816-1-00063 0
435 0 FR940816-1-00064 0
435 0 FR940816-1-00066 0
435 0 FR940816-1-00067 0
435 0 FR940816-1-00070 0
435 0 FR940816-1-00071 0
435 0 FR940816-1-00072 0
435 0 FR940816-1-00073 0
435 0 FR940816-1-00074 0
435 0 FR940816-1-00076 0
435 0 FR940816-1-00077 0
435 0 FR940816-1-00078 0
435 0 FR940816-1-00081 0
435 0 FR940816-1-00082 0
435 0 FR940816-1-00085 0
435 0 FR940816-1-00086 0
435 0 FR940816-1-00087 0
435 0 FR940816-1-00088 0
435 0 FR940817-2-00258 0
435 0 FR940822-0-00067 0
435 0 FR940822-1-00037 0
435 0 FR940907-2-00014 0
435 0 FR940920-1-00116 0
435 0 FR940927-0-00113 0
435 0 FR940928-1-00051 0
435 0 FR940930-2-00143 0
435 0 FR941003-1-00052 0
435 0 FR941004-0-00009 0
435 0 FR941004-0-00010 0
435 0 FR941004-1-00049 0
435 0 FR941005-0-00035 0
435 0 FR941006-0-00023 0
435 0 FR941006-0-00074 0
435 0 FR941006-1-00153 0
435 0 FR941007-0-00053 0
435 0 FR941007-1-00008 0
435 0 FR941007-2-00138 0
435 0 FR941012-0-00030 0
435 0 FR941017-1-00018 0
435 0 FR941017-1-00022 0
435 0 FR941019-2-00006 0
435 0 FR941021-2-00084 0
435 0 FR941026-2-00082 0
435 0 FR941031-0-00026 0
435 0 FR941102-1-00042 0
435 0 FR941102-1-00043 0
435 0 FR941104-1-00047 0
435 0 FR941104-1-00048 0
435 0 FR941107-0-00038 0
435 0 FR941107-2-00052 0
435 0 FR941110-0-00287 0
435 0 FR941116-0-00104 0
435 0 FR941117-2-00158 0
435 0 FR941122-0-00050 0
435 0 FR941122-0-00051 0
435 0 FR941122-0-00052 0
435 0 FR941122-0-00053 0
435 0 FR941122-0-00054 0
435 0 FR941122-0-00055 0
435 0 FR941122-0-00056 0
435 0 FR941122-0-00057 0
435 0 FR941122-0-00058 0
435 0 FR941122-0-00059 0
435 0 FR941122-0-00060 0
435 0 FR941122-0-00061 0
435 0 FR941122-0-00062 0
435 0 FR941122-0-00065 0
435 0 FR941122-0-00066 0
435 0 FR941122-0-00068 0
435 0 FR941122-0-00069 0
435 0 FR941122-0-00070 0
435 0 FR941122-0-00071 0
435 0 FR941122-0-00072 0
435 0 FR941122-0-00074 0
435 0 FR941122-0-00076 0
435 0 FR941122-0-00077 0
435 0 FR941122-0-00079 0
435 0 FR941122-0-00080 0
435 0 FR941122-0-00083 0
435 0 FR941122-0-00084 0
435 0 FR941122-0-00085 0
435 0 FR941122-0-00086 0
435 0 FR941122-0-00087 0
435 0 FR941122-0-00090 0
435 0 FR941122-0-00091 0
435 0 FR941122-0-00093 0
435 0 FR941122-0-00094 0
435 0 FR941122-0-00095 0
435 0 FR941122-0-00096 0
435 0 FR941205-2-00034 0
435 0 FR941207-2-00068 0
435 0 FR941213-0-00030 0
435 0 FR941213-0-00084 0
435 0 FR941219-1-00051 0
435 0 FR941221-2-00021 0
435 0 FR941221-2-00125 0
435 0 FR941230-0-00119 0
435 0 FT911-129 0
435 0 FT911-1309 0
435 0 FT911-1702 0
435 0 FT911-2153 1
435 0 FT911-221 0
435 0 FT911-2312 0
435 0 FT911-2442 0
435 0 FT911-2458 0
435 0 FT911-2845 0
435 0 FT911-3259 0
435 0 FT911-3405 0
435 0 FT911-3948 0
435 0 FT911-4 0
435 0 FT921-10819 0
435 0 FT921-10968 0
435 0 FT921-12447 0
435 0 FT921-13647 0
435 0 FT921-13926 0
435 0 FT921-14394 0
435 0 FT921-15492 0
435 0 FT921-15901 1
435 0 FT921-1613 0
435 0 FT921-16196 0
435 0 FT921-222 0
435 0 FT921-3086 0
435 0 FT921-3723 1
435 0 FT921-4018 0
435 0 FT921-4196 0
435 0 FT921-4212 1
435 0 FT921-4304 0
435 0 FT921-4373 0
435 0 FT921-4881 0
435 0 FT921-5784 0
435 0 FT921-6098 0
435 0 FT921-6334 0
435 0 FT921-670 0
435 0 FT921-7362 0
435 0 FT921-9502 0
435 0 FT921-9503 0
435 0 FT921-9764 0
435 0 FT921-9822 0
435 0 FT922-11276 0
435 0 FT922-11693 0
435 0 FT922-11731 0
435 0 FT922-11735 0
435 0 FT922-11818 0
435 0 FT922-12367 0
435 0 FT922-1237 1
435 0 FT922-1239 0
435 0 FT922-12610 0
435 0 FT922-13516 0
435 0 FT922-13886 0
435 0 FT922-1476 0
435 0 FT922-15190 0
435 0 FT922-166 0
435 0 FT922-2915 0
435 0 FT922-4425 0
435 0 FT922-4811 0
435 0 FT922-4937 0
435 0 FT922-5100 0
435 0 FT922-5104 0
435 0 FT922-5108 0
435 0 FT922-5244 0
435 0 FT922-626 0
435 0 FT922-6679 0
435 0 FT922-706 0
435 0 FT922-8172 0
435 0 FT922-8314 0
435 0 FT922-8663 0
435 0 FT922-9081 0
435 0 FT923-10478 0
435 0 FT923-10574 0
435 0 FT923-10578 0
435 0 FT923-10682 0
435 0 FT923-10683 0
435 0 FT923-1212 0
435 0 FT923-13261 0
435 0 FT923-14725 0
435 0 FT923-15348 0
435 0 FT923-15403 0
435 0 FT923-15575 0
435 0 FT923-1792 0
435 0 FT923-2405 0
435 0 FT923-2947 0
435 0 FT923-4086 0
435 0 FT923-4314 0
435 0 FT923-4861 0
435 0 FT923-4891 0
435 0 FT923-5477 0
435 0 FT923-562 0
435 0 FT923-5651 0
435 0 FT923-7282 0
435 0 FT923-7396 0
435 0 FT923-7677 0
435 0 FT923-8050 0
435 0 FT923-8243 0
435 0 FT923-8526 0
435 0 FT923-8957 0
435 0 FT924-10040 0
435 0 FT924-10260 0
435 0 FT924-10479 0
435 0 FT924-10626 0
435 0 FT924-10763 0
435 0 FT924-11153 0
435 0 FT924-11213 0
435 0 FT924-12968 0
435 0 FT924-13504 0
435 0 FT924-14086 0
435 0 FT924-14154 0
435 0 FT924-1440 0
435 0 FT924-15350 0
435 0 FT924-15542 0
435 0 FT924-2063 0
435 0 FT924-228 0
435 0 FT924-2555 0
435 0 FT924-2996 0
435 0 FT924-3350 0
435 0 FT924-436 0
435 0 FT924-4758 0
435 0 FT924-5649 0
435 0 FT924-579 0
435 0 FT924-595 0
435 0 FT924-648 0
435 0 FT924-6519 0
435 0 FT924-7003 0
435 0 FT924-7241 0
435 0 FT924-7955 0
435 0 FT924-8153 0
435 0 FT924-8515 0
435 0 FT924-8934 0
435 0 FT924-94 0
435 0 FT924-9866 0
435 0 FT931-10147 0
435 0 FT931-10566 0
435 0 FT931-10678 0
435 0 FT931-11085 0
435 0 FT931-11159 0
435 0 FT931-11169 0
435 0 FT931-1201 0
435 0 FT931-12272 0
435 0 FT931-12480 0
435 0 FT931-12708 0
435 0 FT931-14129 0
435 0 FT931-14635 0
435 0 FT931-15353 0
435 0 FT931-15402 0
435 0 FT931-15736 0
435 0 FT931-16162 0
435 0 FT931-16282 0
435 0 FT931-16421 0
435 0 FT931-16542 0
435 0 FT931-16598 0
435 0 FT931-17132 0
435 0 FT931-2721 0
435 0 FT931-3051 0
435 0 FT931-3052 0
435 0 FT931-3081 0
435 0 FT931-3617 0
435 0 FT931-3618 0
435 0 FT931-4114 0
435 0 FT931-4898 0
435 0 FT931-4913 0
435 0 FT931-5023 0
435 0 FT931-5115 0
435 0 FT931-6159 0
435 0 FT931-6162 0
435 0 FT931-6800 0
435 0 FT931-6828 0
435 0 FT931-732 0
435 0 FT931-734 0
435 0 FT931-7593 0
435 0 FT931-7856 0
435 0 FT931-8119 0
435 0 FT931-835 0
435 0 FT931-8916 0
435 0 FT931-9114 0
435 0 FT931-9175 0
435 0 FT931-9387 0
435 0 FT931-9704 0
435 0 FT932-10321 0
435 0 FT932-12581 0
435 0 FT932-12930 0
435 0 FT932-13468 0
435 0 FT932-14308 0
435 0 FT932-15432 0
435 0 FT932-16995 0
435 0 FT932-266 0
435 0 FT932-276 0
435 0 FT932-286 0
435 0 FT932-3369 0
435 0 FT932-3422 1
435 0 FT932-4862 0
435 0 FT932-4973 0
435 0 FT932-524 0
435 0 FT932-5454 0
435 0 FT932-5699 1
435 0 FT932-7356 0
435 0 FT932-8934 0
435 0 FT932-910 0
435 0 FT932-9116 0
435 0 FT933-10207 0
435 0 FT933-11084 0
435 0 FT933-11274 0
435 0 FT933-1186 0
435 0 FT933-12011 0
435 0 FT933-12826 0
435 0 FT933-13206 0
435 0 FT933-13224 0
435 0 FT933-1342 0
435 0 FT933-13474 0
435 0 FT933-13767 0
435 0 FT933-14264 0
435 0 FT933-14817 0
435 0 FT933-14922 0
435 0 FT933-15159 0
435 0 FT933-15163 0
435 0 FT933-1550 0
435 0 FT933-15670 0
435 0 FT933-16046 0
435 0 FT933-16502 0
435 0 FT933-1657 0
435 0 FT933-2341 0
435 0 FT933-2669 0
435 0 FT933-303 0
435 0 FT933-3238 0
435 0 FT933-3423 0
435 0 FT933-3840 0
435 0 FT933-4111 0
435 0 FT933-4697 0
435 0 FT933-487 0
435 0 FT933-4916 0
435 0 FT933-5765 0
435 0 FT933-6475 0
435 0 FT933-7393 0
435 0 FT933-74 0
435 0 FT933-7729 0
435 0 FT933-8328 0
435 0 FT933-8889 0
435 0 FT933-9661 0
435 0 FT933-9980 0
435 0 FT934-1018 0
435 0 FT934-11240 0
435 0 FT934-11565 0
435 0 FT934-12715 0
435 0 FT934-12742 0
435 0 FT934-12800 0
435 0 FT934-14991 0
435 0 FT934-16020 0
435 0 FT934-16499 0
435 0 FT934-16721 0
435 0 FT934-16809 0
435 0 FT934-16810 0
435 0 FT934-16848 0
435 0 FT934-1734 0
435 0 FT934-2575 0
435 0 FT934-2652 0
435 0 FT934-2850 0
435 0 FT934-3373 0
435 0 FT934-3773 0
435 0 FT934-472 0
435 0 FT934-5053 0
435 0 FT934-5058 0
435 0 FT934-5517 0
435 0 FT934-6266 0
435 0 FT934-6984 0
435 0 FT934-6985 0
435 0 FT934-7672 0
435 0 FT934-7695 0
435 0 FT934-7700 0
435 0 FT934-7828 0
435 0 FT934-8241 0
435 0 FT934-8712 0
435 0 FT934-8846 0
435 0 FT934-9029 0
435 0 FT934-9447 0
435 0 FT934-9590 0
435 0 FT934-9945 0
435 0 FT941-10607 0
435 0 FT941-10611 0
435 0 FT941-11034 0
435 0 FT941-11846 0
435 0 FT941-12240 0
435 0 FT941-12426 0
435 0 FT941-12631 0
435 0 FT941-13151 0
435 0 FT941-14562 0
435 0 FT941-16408 0
435 0 FT941-16720 0
435 0 FT941-16949 0
435 0 FT941-17164 0
435 0 FT941-2507 0
435 0 FT941-3261 0
435 0 FT941-3293 0
435 0 FT941-3811 0
435 0 FT941-4190 0
435 0 FT941-4655 0
435 0 FT941-5023 0
435 0 FT941-5210 0
435 0 FT941-5411 0
435 0 FT941-7232 0
435 0 FT941-771 0
435 0 FT941-9415 0
435 0 FT942-10234 0
435 0 FT942-10568 0
435 0 FT942-10726 0
435 0 FT942-10729 0
435 0 FT942-10747 0
435 0 FT942-10784 0
435 0 FT942-11485 0
435 0 FT942-11696 0
435 0 FT942-12304 0
435 0 FT942-12799 0
435 0 FT942-13791 0
435 0 FT942-13987 0
435 0 FT942-14618 0
435 0 FT942-14913 0
435 0 FT942-15092 0
435 0 FT942-15273 0
435 0 FT942-1545 0
435 0 FT942-16289 0
435 0 FT942-16382 0
435 0 FT942-16499 0
435 0 FT942-1701 0
435 0 FT942-2266 0
435 0 FT942-2424 0
435 0 FT942-3190 0
435 0 FT942-4305 0
435 0 FT942-4855 0
435 0 FT942-5183 0
435 0 FT942-6848 0
435 0 FT942-6969 0
435 0 FT942-7525 0
435 0 FT942-8853 0
435 0 FT942-9765 0
435 0 FT943-10670 0
435 0 FT943-10859 0
435 0 FT943-12 0
435 0 FT943-15505 0
435 0 FT943-15840 0
435 0 FT943-15910 0
435 0 FT943-193 0
435 0 FT943-2627 0
435 0 FT943-3021 0
435 0 FT943-3033 0
435 0 FT943-3206 0
435 0 FT943-3495 0
435 0 FT943-3504 0
435 0 FT943-3564 1
435 0 FT943-3669 0
435 0 FT943-3799 0
435 0 FT943-4010 0
435 0 FT943-4045 0
435 0 FT943-4124 0
435 0 FT943-4154 1
435 0 FT943-4312 0
435 0 FT943-4411 0
435 0 FT943-46 0
435 0 FT943-4623 0
435 0 FT943-4627 0
435 0 FT943-494 0
435 0 FT943-5141 1
435 0 FT943-5274 0
435 0 FT943-5358 0
435 0 FT943-5861 0
435 0 FT943-6049 0
435 0 FT943-6211 0
435 0 FT943-6378 0
435 0 FT943-6431 0
435 0 FT943-65 0
435 0 FT943-69 0
435 0 FT943-6922 0
435 0 FT943-6953 0
435 0 FT943-7112 0
435 0 FT943-7416 0
435 0 FT943-7739 0
435 0 FT943-7879 0
435 0 FT943-7908 0
435 0 FT943-808 1
435 0 FT943-8930 0
435 0 FT943-9 0
435 0 FT943-9226 1
435 0 FT943-9708 0
435 0 FT943-9812 0
435 0 FT944-1032 0
435 0 FT944-10587 0
435 0 FT944-11097 0
435 0 FT944-11234 0
435 0 FT944-12027 0
435 0 FT944-12671 0
435 0 FT944-13017 0
435 0 FT944-14306 0
435 0 FT944-14732 0
435 0 FT944-15270 0
435 0 FT944-15370 0
435 0 FT944-15437 0
435 0 FT944-16815 0
435 0 FT944-18466 0
435 0 FT944-18903 0
435 0 FT944-2863 1
435 0 FT944-4569 0
435 0 FT944-4614 0
435 0 FT944-5125 0
435 0 FT944-6221 0
435 0 FT944-6228 0
435 0 FT944-6375 0
435 0 FT944-8640 0
435 0 LA010189-0132 0
435 0 LA010190-0019 0
435 0 LA010190-0021 0
435 0 LA010190-0024 0
435 0 LA010190-0056 0
435 0 LA010190-0057 0
435 0 LA010190-0081 0
435 0 LA010289-0008 0
435 0 LA010290-0047 0
435 0 LA010389-0048 0
435 0 LA010390-0069 0
435 0 LA010490-0033 0
435 0 LA010589-0059 0
435 0 LA010590-0125 0
435 0 LA010590-0136 0
435 0 LA010689-0001 0
435 0 LA010689-0131 0
435 0 LA010889-0106 0
435 0 LA011190-0129 0
435 0 LA011890-0094 0
435 0 LA011989-0083 0
435 0 LA013090-0108 0
435 0 LA020390-0025 0
435 0 LA020589-0045 1
435 0 LA020789-0010 0
435 0 LA020890-0258 0
435 0 LA020890-0260 0
435 0 LA020990-0172 0
435 0 LA021089-0077 0
435 0 LA021089-0079 0
435 0 LA021090-0048 0
435 0 LA021190-0114 0
435 0 LA021490-0059 0
435 0 LA022289-0018 0
435 0 LA030289-0018 0
435 0 LA030290-0124 0
435 0 LA030389-0148 0
435 0 LA030789-0060 0
435 0 LA030989-0084 0
435 0 LA031289-0080 0
435 0 LA031289-0147 0
435 0 LA031590-0144 0
435 0 LA031689-0191 0
435 0 LA032090-0121 0
435 0 LA032389-0006 0
435 0 LA032590-0203 0
435 0 LA032990-0138 0
435 0 LA040190-0034 0
435 0 LA040190-0045 0
435 0 LA040190-0095 0
435 0 LA040190-0185 0
435 0 LA040190-0242 0
435 0 LA040290-0007 0
435 0 LA040489-0001 0
435 0 LA041289-0054 0
435 0 LA041389-0136 0
435 0 LA041690-0084 0
435 0 LA042090-0104 0
435 0 LA043089-0062 0
435 0 LA050190-0198 0
435 0 LA050390-0179 0
435 0 LA050490-0199 0
435 0 LA050590-0126 1
435 0 LA050689-0120 0
435 0 LA050690-0146 0
435 0 LA050789-0006 0
435 0 LA050789-0008 0
435 0 LA050789-0152 0
435 0 LA050889-0063 0
435 0 LA050890-0094 0
435 0 LA050890-0127 0
435 0 LA050989-0121 0
435 0 LA051090-0213 0
435 0 LA051189-0103 0
435 0 LA051189-0190 0
435 0 LA051389-0024 0
435 0 LA051390-0161 0
435 0 LA051489-0040 0
435 0 LA051489-0054 0
435 0 LA051589-0038 0
435 0 LA051590-0064 0
435 0 LA051689-0069 0
435 0 LA051690-0021 0
435 0 LA051690-0051 0
435 0 LA051889-0017 0
435 0 LA051889-0173 0
435 0 LA051890-0017 0
435 0 LA051989-0030 0
435 0 LA051989-0187 0
435 0 LA051990-0141 0
435 0 LA052090-0117 0
435 0 LA052189-0006 0
435 0 LA052189-0007 0
435 0 LA052189-0144 0
435 0 LA052189-0156 0
435 0 LA052189-0232 0
435 0 LA052289-0008 0
435 0 LA052289-0049 0
435 0 LA052290-0022 0
435 0 LA052390-0025 0
435 0 LA052690-0140 0
435 0 LA052790-0128 0
435 0 LA052889-0176 0
435 0 LA052989-0039 0
435 0 LA053190-0101 0
435 0 LA053190-0105 0
435 0 LA053190-0143 0
435 0 LA060489-0113 0
435 0 LA060589-0053 0
435 0 LA060689-0035 0
435 0 LA060690-0054 0
435 0 LA060789-0021 0
435 0 LA060790-0057 0
435 0 LA060890-0004 0
435 0 LA061189-0056 0
435 0 LA061789-0078 0
435 0 LA061790-0221 0
435 0 LA062589-0122 0
435 0 LA070889-0054 0
435 0 LA070890-0111 0
435 0 LA070989-0213 0
435 0 LA071690-0091 0
435 0 LA071990-0073 0
435 0 LA071990-0180 0
435 0 LA072389-0201 0
435 0 LA072390-0001 0
435 0 LA072390-0003 0
435 0 LA072390-0045 0
435 0 LA072490-0024 0
435 0 LA072789-0076 0
435 0 LA072790-0004 0
435 0 LA072890-0125 0
435 0 LA072989-0066 0
435 0 LA072989-0089 0
435 0 LA072989-0099 0
435 0 LA072990-0011 0
435 0 LA072990-0026 0
435 0 LA072990-0029 0
435 0 LA072990-0061 0
435 0 LA073089-0115 0
435 0 LA073190-0100 0
435 0 LA080289-0041 0
435 0 LA080289-0061 0
435 0 LA080389-0124 0
435 0 LA080390-0041 0
435 0 LA080489-0005 0
435 0 LA080889-0089 0
435 0 LA081289-0017 0
435 0 LA081989-0053 0
435 0 LA081990-0198 0
435 0 LA082089-0019 0
435 0 LA082089-0033 0
435 0 LA082089-0062 0
435 0 LA082089-0144 0
435 0 LA082189-0045 0
435 0 LA082189-0047 0
435 0 LA082190-0104 0
435 0 LA082190-0130 0
435 0 LA083189-0175 1
435 0 LA083189-0199 1
435 0 LA083190-0047 0
435 0 LA090389-0156 0
435 0 LA090689-0111 0
435 0 LA090690-0087 0
435 0 LA090889-0008 0
435 0 LA091089-0033 0
435 0 LA091089-0076 0
435 0 LA091390-0213 0
435 0 LA091589-0114 0
435 0 LA092390-0049 0
435 0 LA092490-0075 0
435 0 LA092690-0153 0
435 0 LA092989-0060 0
435 0 LA100189-0175 0
435 0 LA100289-0050 0
435 0 LA100389-0009 0
435 0 LA100490-0220 0
435 0 LA100589-0029 0
435 0 LA100589-0186 0
435 0 LA100789-0153 0
435 0 LA100790-0071 0
435 0 LA100890-0117 0
435 0 LA101089-0098 0
435 0 LA101090-0147 0
435 0 LA101190-0163 0
435 0 LA101289-0113 0
435 0 LA101289-0182 0
435 0 LA101389-0149 0
435 0 LA101390-0062 0
435 0 LA101490-0181 0
435 0 LA101490-0192 0
435 0 LA101589-0081 0
435 0 LA101589-0125 0
435 0 LA101689-0055 0
435 0 LA101790-0020 0
435 0 LA101989-0210 0
435 0 LA102089-0178 0
435 0 LA102090-0154 0
435 0 LA102189-0093 0
435 0 LA102190-0048 0
435 0 LA102190-0233 0
435 0 LA102289-0217 0
435 0 LA102390-0098 0
435 0 LA102689-0183 0
435 0 LA102890-0086 0
435 0 LA103089-0093 0
435 0 LA103190-0147 0
435 0 LA110190-0163 0
435 0 LA110190-0172 0
435 0 LA110289-0012 0
435 0 LA110490-0164 0
435 0 LA110490-0177 0
435 0 LA110490-0256 0
435 0 LA110989-0214 0
435 0 LA111589-0014 0
435 0 LA111990-0056 0
435 0 LA112089-0025 0
435 0 LA112090-0167 0
435 0 LA112489-0096 0
435 0 LA112590-0110 0
435 0 LA113089-0213 0
435 0 LA113090-0141 0
435 0 LA120190-0116 0
435 0 LA120289-0129 0
435 0 LA120289-0144 0
435 0 LA120390-0002 0
435 0 LA121089-0033 0
435 0 LA121089-0229 0
435 0 LA121089-0233 0
435 0 LA121190-0111 0
435 0 LA121789-0126 0
435 0 LA121889-0114 0
435 0 LA121890-0117 0
435 0 LA121890-0120 1
435 0 LA122089-0138 0
435 0 LA122090-0078 0
435 0 LA122090-0184 0
435 0 LA122189-0011 0
435 0 LA122189-0023 0
435 0 LA122290-0096 0
435 0 LA122290-0110 0
435 0 LA122390-0064 0
435 0 LA122390-0180 0
435 0 LA122489-0017 0
435 0 LA122489-0217 0
435 0 LA122490-0037 0
435 0 LA122490-0058 0
435 0 LA122790-0127 0
435 0 LA122790-0174 0
435 0 LA122889-0166 0
435 0 LA122989-0148 1
435 0 LA123089-0104 0
435 0 LA123090-0035 0
435 0 LA123090-0067 0
435 0 LA123090-0102 0
435 0 LA123090-0136 0
435 0 LA123090-0143 0
435 0 LA123189-0076 0
