411 0 FBIS3-10248 0
411 0 FBIS3-10319 0
411 0 FBIS3-1107 0
411 0 FBIS3-12674 0
411 0 FBIS3-12772 0
411 0 FBIS3-12871 0
411 0 FBIS3-13724 0
411 0 FBIS3-14673 0
411 0 FBIS3-14832 0
411 0 FBIS3-15483 0
411 0 FBIS3-1555 0
411 0 FBIS3-1635 0
411 0 FBIS3-17089 0
411 0 FBIS3-17199 0
411 0 FBIS3-17426 0
411 0 FBIS3-19159 0
411 0 FBIS3-19900 0
411 0 FBIS3-20442 0
411 0 FBIS3-20468 0
411 0 FBIS3-2048 0
411 0 FBIS3-2070 0
411 0 FBIS3-20729 0
411 0 FBIS3-2073 0
411 0 FBIS3-21177 0
411 0 FBIS3-21828 0
411 0 FBIS3-22198 0
411 0 FBIS3-22201 0
411 0 FBIS3-2232 0
411 0 FBIS3-22330 0
411 0 FBIS3-23 0
411 0 FBIS3-23538 0
411 0 FBIS3-23561 0
411 0 FBIS3-23649 0
411 0 FBIS3-23670 0
411 0 FBIS3-23715 0
411 0 FBIS3-23995 0
411 0 FBIS3-24145 0
411 0 FBIS3-24324 0
411 0 FBIS3-24433 0
411 0 FBIS3-24653 0
411 0 FBIS3-25902 0
411 0 FBIS3-26006 0
411 0 FBIS3-26035 0
411 0 FBIS3-26417 0
411 0 FBIS3-2717 0
411 0 FBIS3-27594 0
411 0 FBIS3-27806 0
411 0 FBIS3-28278 0
411 0 FBIS3-28565 0
411 0 FBIS3-29245 0
411 0 FBIS3-29576 0
411 0 FBIS3-32012 0
411 0 FBIS3-32867 0
411 0 FBIS3-33227 0
411 0 FBIS3-34065 0
411 0 FBIS3-35304 0
411 0 FBIS3-35710 0
411 0 FBIS3-36163 0
411 0 FBIS3-3699 0
411 0 FBIS3-37563 0
411 0 FBIS3-37929 0
411 0 FBIS3-38577 0
411 0 FBIS3-39137 0
411 0 FBIS3-3921 0
411 0 FBIS3-40039 0
411 0 FBIS3-40158 0
411 0 FBIS3-40164 0
411 0 FBIS3-40450 0
411 0 FBIS3-40468 0
411 0 FBIS3-40497 0
411 0 FBIS3-40712 0
411 0 FBIS3-41010 0
411 0 FBIS3-41600 0
411 0 FBIS3-41601 0
411 0 FBIS3-41602 0
411 0 FBIS3-41603 0
411 0 FBIS3-42050 0
411 0 FBIS3-42104 0
411 0 FBIS3-42393 0
411 0 FBIS3-42399 0
411 0 FBIS3-42400 0
411 0 FBIS3-42458 0
411 0 FBIS3-42459 0
411 0 FBIS3-42470 0
411 0 FBIS3-42506 0
411 0 FBIS3-42830 0
411 0 FBIS3-42934 0
411 0 FBIS3-42940 0
411 0 FBIS3-44452 0
411 0 FBIS3-44569 0
411 0 FBIS3-47084 0
411 0 FBIS3-47845 0
411 0 FBIS3-48759 0
411 0 FBIS3-50053 0
411 0 FBIS3-51010 0
411 0 FBIS3-5108 0
411 0 FBIS3-51133 0
411 0 FBIS3-51968 0
411 0 FBIS3-5210 0
411 0 FBIS3-58994 0
411 0 FBIS3-59752 0
411 0 FBIS3-59907 0
411 0 FBIS3-60 0
411 0 FBIS3-60336 0
411 0 FBIS3-60768 0
411 0 FBIS3-61054 0
411 0 FBIS3-61060 0
411 0 FBIS3-61330 0
411 0 FBIS3-61562 0
411 0 FBIS3-6482 0
411 0 FBIS3-7050 0
411 0 FBIS3-8839 0
411 0 FBIS4-10466 0
411 0 FBIS4-11436 0
411 0 FBIS4-11824 0
411 0 FBIS4-11884 0
411 0 FBIS4-12258 0
411 0 FBIS4-12316 0
411 0 FBIS4-15415 0
411 0 FBIS4-15416 0
411 0 FBIS4-16406 0
411 0 FBIS4-17898 0
411 0 FBIS4-18349 0
411 0 FBIS4-19 0
411 0 FBIS4-2030 0
411 0 FBIS4-20339 0
411 0 FBIS4-20504 0
411 0 FBIS4-20562 0
411 0 FBIS4-20617 0
411 0 FBIS4-20634 0
411 0 FBIS4-20702 0
411 0 FBIS4-20704 0
411 0 FBIS4-20940 0
411 0 FBIS4-21575 0
411 0 FBIS4-21665 0
411 0 FBIS4-22152 0
411 0 FBIS4-22223 0
411 0 FBIS4-22286 0
411 0 FBIS4-22511 0
411 0 FBIS4-22773 0
411 0 FBIS4-22788 0
411 0 FBIS4-22915 0
411 0 FBIS4-23086 0
411 0 FBIS4-23114 0
411 0 FBIS4-23131 0
411 0 FBIS4-2406 0
411 0 FBIS4-24616 0
411 0 FBIS4-24657 0
411 0 FBIS4-24966 0
411 0 FBIS4-25891 0
411 0 FBIS4-26282 0
411 0 FBIS4-26603 0
411 0 FBIS4-27397 0
411 0 FBIS4-27564 0
411 0 FBIS4-27706 0
411 0 FBIS4-27924 0
411 0 FBIS4-28064 0
411 0 FBIS4-28075 0
411 0 FBIS4-28234 0
411 0 FBIS4-28263 0
411 0 FBIS4-28313 0
411 0 FBIS4-29717 0
411 0 FBIS4-29809 0
411 0 FBIS4-29958 0
411 0 FBIS4-30010 0
411 0 FBIS4-30037 0
411 0 FBIS4-3009 0
411 0 FBIS4-30373 0
411 0 FBIS4-30835 0
411 0 FBIS4-33648 0
411 0 FBIS4-34424 0
411 0 FBIS4-34470 0
411 0 FBIS4-34537 0
411 0 FBIS4-36868 0
411 0 FBIS4-38666 0
411 0 FBIS4-38990 0
411 0 FBIS4-39419 0
411 0 FBIS4-4001 0
411 0 FBIS4-42 0
411 0 FBIS4-42062 0
411 0 FBIS4-42495 0
411 0 FBIS4-4274 0
411 0 FBIS4-43315 0
411 0 FBIS4-43557 0
411 0 FBIS4-43842 0
411 0 FBIS4-43942 0
411 0 FBIS4-44210 0
411 0 FBIS4-44661 0
411 0 FBIS4-44912 0
411 0 FBIS4-44913 0
411 0 FBIS4-45399 0
411 0 FBIS4-45534 0
411 0 FBIS4-45643 0
411 0 FBIS4-45659 0
411 0 FBIS4-45670 0
411 0 FBIS4-45777 0
411 0 FBIS4-45780 0
411 0 FBIS4-46037 0
411 0 FBIS4-46469 0
411 0 FBIS4-46473 0
411 0 FBIS4-46563 0
411 0 FBIS4-46566 0
411 0 FBIS4-46579 0
411 0 FBIS4-46649 0
411 0 FBIS4-46892 0
411 0 FBIS4-47124 0
411 0 FBIS4-47361 0
411 0 FBIS4-47629 0
411 0 FBIS4-48486 0
411 0 FBIS4-48970 0
411 0 FBIS4-49264 0
411 0 FBIS4-49346 0
411 0 FBIS4-49652 0
411 0 FBIS4-49671 0
411 0 FBIS4-49821 0
411 0 FBIS4-49832 0
411 0 FBIS4-50084 0
411 0 FBIS4-50125 0
411 0 FBIS4-50126 0
411 0 FBIS4-50127 0
411 0 FBIS4-50214 0
411 0 FBIS4-50684 0
411 0 FBIS4-50701 0
411 0 FBIS4-50882 0
411 0 FBIS4-50997 0
411 0 FBIS4-51060 0
411 0 FBIS4-51932 0
411 0 FBIS4-52037 0
411 0 FBIS4-52038 0
411 0 FBIS4-52039 0
411 0 FBIS4-52041 0
411 0 FBIS4-52044 0
411 0 FBIS4-52156 0
411 0 FBIS4-52734 0
411 0 FBIS4-53078 0
411 0 FBIS4-53281 0
411 0 FBIS4-5335 0
411 0 FBIS4-53455 0
411 0 FBIS4-53631 0
411 0 FBIS4-53862 0
411 0 FBIS4-53916 0
411 0 FBIS4-54007 0
411 0 FBIS4-55086 0
411 0 FBIS4-56475 0
411 0 FBIS4-57124 0
411 0 FBIS4-57286 0
411 0 FBIS4-57433 0
411 0 FBIS4-57776 0
411 0 FBIS4-57796 0
411 0 FBIS4-58017 0
411 0 FBIS4-58121 0
411 0 FBIS4-58616 0
411 0 FBIS4-59160 0
411 0 FBIS4-59365 0
411 0 FBIS4-60972 0
411 0 FBIS4-6140 0
411 0 FBIS4-62102 0
411 0 FBIS4-62492 0
411 0 FBIS4-63027 0
411 0 FBIS4-63225 0
411 0 FBIS4-63622 0
411 0 FBIS4-64395 0
411 0 FBIS4-64917 0
411 0 FBIS4-65363 0
411 0 FBIS4-65525 0
411 0 FBIS4-66245 0
411 0 FBIS4-66308 0
411 0 FBIS4-66480 0
411 0 FBIS4-6655 0
411 0 FBIS4-66757 0
411 0 FBIS4-67200 0
411 0 FBIS4-67447 0
411 0 FBIS4-67508 0
411 0 FBIS4-67572 0
411 0 FBIS4-67574 0
411 0 FBIS4-678 0
411 0 FBIS4-67811 0
411 0 FBIS4-67877 0
411 0 FBIS4-6795 0
411 0 FBIS4-68220 0
411 0 FBIS4-68275 0
411 0 FBIS4-68325 0
411 0 FBIS4-68342 0
411 0 FBIS4-68411 0
411 0 FBIS4-68434 0
411 0 FBIS4-68438 0
411 0 FBIS4-68442 0
411 0 FBIS4-68446 0
411 0 FBIS4-68447 0
411 0 FBIS4-68453 0
411 0 FBIS4-68463 0
411 0 FBIS4-68471 0
411 0 FBIS4-68484 0
411 0 FBIS4-68494 0
411 0 FBIS4-68508 0
411 0 FBIS4-68582 0
411 0 FBIS4-68584 0
411 0 FBIS4-68591 0
411 0 FBIS4-68851 0
411 0 FBIS4-709 0
411 0 FBIS4-7397 0
411 0 FBIS4-7509 0
411 0 FBIS4-7864 0
411 0 FBIS4-8816 0
411 0 FBIS4-9207 0
411 0 FBIS4-9619 0
411 0 FR940104-0-00033 0
411 0 FR940104-0-00034 0
411 0 FR940104-0-00045 0
411 0 FR940106-0-00170 0
411 0 FR940106-1-00108 0
411 0 FR940106-1-00109 0
411 0 FR940106-2-00140 0
411 0 FR940110-2-00085 0
411 0 FR940111-2-00069 0
411 0 FR940112-1-00044 0
411 0 FR940114-0-00042 0
411 0 FR940114-0-00043 0
411 0 FR940118-2-00045 0
411 0 FR940118-2-00116 0
411 0 FR940119-1-00014 0
411 0 FR940119-2-00016 0
411 0 FR940125-2-00017 0
411 0 FR940126-2-00009 0
411 0 FR940127-2-00018 0
411 0 FR940128-1-00061 0
411 0 FR940202-0-00076 0
411 0 FR940203-0-00084 0
411 0 FR940203-2-00057 0
411 0 FR940207-1-00030 0
411 0 FR940207-2-00083 0
411 0 FR940208-0-00080 0
411 0 FR940208-0-00081 0
411 0 FR940208-0-00102 0
411 0 FR940208-0-00109 0
411 0 FR940208-0-00110 0
411 0 FR940208-0-00118 0
411 0 FR940208-2-00150 0
411 0 FR940208-2-00157 0
411 0 FR940208-2-00177 0
411 0 FR940214-1-00029 0
411 0 FR940216-2-00011 0
411 0 FR940217-1-00037 0
411 0 FR940217-1-00131 0
411 0 FR940217-1-00132 0
411 0 FR940223-0-00054 0
411 0 FR940223-1-00050 0
411 0 FR940223-2-00158 0
411 0 FR940223-2-00164 0
411 0 FR940223-2-00189 0
411 0 FR940224-0-00061 0
411 0 FR940228-0-00046 0
411 0 FR940302-2-00028 0
411 0 FR940303-0-00013 0
411 0 FR940303-1-00019 0
411 0 FR940303-2-00083 0
411 0 FR940303-2-00091 0
411 0 FR940304-0-00123 0
411 0 FR940304-1-00136 0
411 0 FR940304-1-00137 0
411 0 FR940304-1-00147 0
411 0 FR940304-1-00148 0
411 0 FR940304-1-00153 0
411 0 FR940304-1-00155 0
411 0 FR940304-1-00156 0
411 0 FR940304-1-00157 0
411 0 FR940304-1-00163 0
411 0 FR940304-1-00167 0
411 0 FR940304-1-00168 0
411 0 FR940314-1-00041 0
411 0 FR940314-2-00024 0
411 0 FR940317-1-00047 0
411 0 FR940317-1-00108 0
411 0 FR940317-1-00125 0
411 0 FR940317-1-00133 0
411 0 FR940317-1-00147 0
411 0 FR940318-0-00208 0
411 0 FR940318-0-00243 0
411 0 FR940318-0-00244 0
411 0 FR940323-0-00004 0
411 0 FR940323-2-00068 0
411 0 FR940323-2-00161 0
411 0 FR940324-0-00031 0
411 0 FR940324-2-00020 0
411 0 FR940404-2-00208 0
411 0 FR940405-1-00128 0
411 0 FR940405-2-00013 0
411 0 FR940405-2-00028 0
411 0 FR940406-0-00029 0
411 0 FR940406-0-00190 0
411 0 FR940406-2-00063 0
411 0 FR940412-1-00040 0
411 0 FR940412-1-00083 0
411 0 FR940412-2-00029 0
411 0 FR940413-2-00079 0
411 0 FR940413-2-00130 0
411 0 FR940413-2-00143 0
411 0 FR940414-0-00073 0
411 0 FR940414-1-00023 0
411 0 FR940419-1-00031 0
411 0 FR940419-2-00037 0
411 0 FR940504-1-00059 0
411 0 FR940505-1-00398 0
411 0 FR940506-0-00032 0
411 0 FR940506-1-00014 0
411 0 FR940506-2-00057 0
411 0 FR940511-0-00017 0
411 0 FR940511-0-00042 0
411 0 FR940511-0-00053 0
411 0 FR940511-0-00064 0
411 0 FR940511-0-00068 0
411 0 FR940512-0-00016 0
411 0 FR940512-1-00009 0
411 0 FR940512-1-00010 0
411 0 FR940512-1-00060 0
411 0 FR940513-2-00051 0
411 0 FR940513-2-00134 0
411 0 FR940513-2-00135 0
411 0 FR940523-0-00058 0
411 0 FR940525-0-00006 0
411 0 FR940525-2-00036 0
411 0 FR940527-0-00059 0
411 0 FR940527-0-00106 0
411 0 FR940527-0-00127 0
411 0 FR940527-0-00139 0
411 0 FR940527-2-00048 0
411 0 FR940527-2-00135 0
411 0 FR940602-1-00023 0
411 0 FR940602-1-00097 0
411 0 FR940602-2-00162 0
411 0 FR940603-1-00022 0
411 0 FR940607-0-00008 0
411 0 FR940607-0-00012 0
411 0 FR940610-0-00034 0
411 0 FR940610-0-00046 0
411 0 FR940610-2-00239 0
411 0 FR940613-0-00019 0
411 0 FR940613-0-00038 0
411 0 FR940616-1-00017 0
411 0 FR940620-1-00007 0
411 0 FR940620-1-00103 0
411 0 FR940622-0-00061 0
411 0 FR940627-0-00032 0
411 0 FR940627-2-00015 0
411 0 FR940630-0-00071 0
411 0 FR940630-2-00077 0
411 0 FR940705-2-00107 0
411 0 FR940706-0-00020 0
411 0 FR940706-2-00039 0
411 0 FR940707-1-00014 0
411 0 FR940711-1-00009 0
411 0 FR940711-1-00027 0
411 0 FR940712-2-00002 0
411 0 FR940712-2-00070 0
411 0 FR940713-0-00026 0
411 0 FR940713-1-00024 0
411 0 FR940713-1-00036 0
411 0 FR940719-2-00031 0
411 0 FR940719-2-00089 0
411 0 FR940720-0-00002 0
411 0 FR940720-2-00063 0
411 0 FR940721-2-00069 0
411 0 FR940722-1-00030 0
411 0 FR940722-1-00036 0
411 0 FR940725-1-00017 0
411 0 FR940727-1-00053 0
411 0 FR940727-2-00026 0
411 0 FR940728-1-00021 0
411 0 FR940728-1-00059 0
411 0 FR940728-2-00026 0
411 0 FR940802-2-00072 0
411 0 FR940802-2-00073 0
411 0 FR940803-2-00061 0
411 0 FR940804-0-00008 0
411 0 FR940810-0-00186 0
411 0 FR940811-0-00038 0
411 0 FR940811-2-00104 0
411 0 FR940816-1-00072 0
411 0 FR940816-1-00082 0
411 0 FR940816-1-00087 0
411 0 FR940817-2-00026 0
411 0 FR940817-2-00103 0
411 0 FR940817-2-00123 0
411 0 FR940819-0-00054 0
411 0 FR940819-0-00064 0
411 0 FR940819-2-00063 0
411 0 FR940822-0-00067 0
411 0 FR940822-0-00077 0
411 0 FR940825-2-00026 0
411 0 FR940826-2-00005 0
411 0 FR940826-2-00061 0
411 0 FR940830-2-00026 0
411 0 FR940902-2-00033 0
411 0 FR940902-2-00034 0
411 0 FR940907-0-00008 0
411 0 FR940913-0-00041 0
411 0 FR940920-1-00116 0
411 0 FR940920-2-00045 0
411 0 FR940920-2-00092 0
411 0 FR940926-2-00041 0
411 0 FR940927-0-00113 0
411 0 FR940928-1-00051 0
411 0 FR940930-2-00052 0
411 0 FR940930-2-00229 0
411 0 FR941003-1-00093 0
411 0 FR941003-2-00034 0
411 0 FR941003-2-00115 0
411 0 FR941005-0-00026 0
411 0 FR941006-0-00003 0
411 0 FR941006-1-00035 0
411 0 FR941006-1-00042 0
411 0 FR941006-2-00208 0
411 0 FR941007-0-00091 0
411 0 FR941007-0-00098 0
411 0 FR941007-0-00099 0
411 0 FR941011-0-00004 0
411 0 FR941011-0-00032 0
411 0 FR941011-0-00036 0
411 0 FR941011-0-00038 0
411 0 FR941011-0-00039 0
411 0 FR941011-0-00040 0
411 0 FR941012-2-00106 0
411 0 FR941013-1-00051 0
411 0 FR941013-1-00055 0
411 0 FR941013-1-00072 0
411 0 FR941013-2-00134 0
411 0 FR941019-2-00006 0
411 0 FR941020-0-00039 0
411 0 FR941020-1-00034 0
411 0 FR941020-2-00063 0
411 0 FR941021-0-00055 0
411 0 FR941021-0-00072 0
411 0 FR941025-2-00006 0
411 0 FR941026-2-00043 0
411 0 FR941027-0-00017 0
411 0 FR941027-1-00030 0
411 0 FR941027-2-00049 0
411 0 FR941102-1-00122 0
411 0 FR941104-2-00085 0
411 0 FR941107-2-00059 0
411 0 FR941110-2-00039 0
411 0 FR941117-0-00187 0
411 0 FR941117-0-00193 0
411 0 FR941117-0-00205 0
411 0 FR941122-0-00054 0
411 0 FR941122-0-00059 0
411 0 FR941122-0-00065 0
411 0 FR941122-0-00069 0
411 0 FR941122-0-00084 0
411 0 FR941122-0-00090 0
411 0 FR941122-0-00095 0
411 0 FR941122-2-00010 0
411 0 FR941125-2-00080 0
411 0 FR941130-0-00122 0
411 0 FR941130-0-00123 0
411 0 FR941202-2-00035 0
411 0 FR941202-2-00146 0
411 0 FR941202-2-00150 0
411 0 FR941202-2-00160 0
411 0 FR941202-2-00179 0
411 0 FR941206-2-00010 0
411 0 FR941207-1-00023 0
411 0 FR941212-0-00113 0
411 0 FR941212-0-00114 0
411 0 FR941212-0-00127 0
411 0 FR941212-0-00133 0
411 0 FR941212-0-00141 0
411 0 FR941212-0-00144 0
411 0 FR941213-0-00084 0
411 0 FR941213-2-00005 0
411 0 FR941213-2-00006 0
411 0 FR941213-2-00034 0
411 0 FR941216-0-00016 0
411 0 FR941216-0-00074 0
411 0 FR941216-0-00075 0
411 0 FR941216-1-00145 0
411 0 FR941219-2-00180 0
411 0 FR941220-2-00081 0
411 0 FR941220-2-00082 0
411 0 FR941221-2-00021 0
411 0 FR941221-2-00024 0
411 0 FR941227-0-00066 0
411 0 FR941230-0-00123 0
411 0 FT911-1027 0
411 0 FT911-1221 0
411 0 FT911-1432 0
411 0 FT911-1499 0
411 0 FT911-1943 0
411 0 FT911-2029 0
411 0 FT911-2063 0
411 0 FT911-217 0
411 0 FT911-2913 0
411 0 FT911-3133 0
411 0 FT911-3650 0
411 0 FT911-3949 0
411 0 FT911-4120 0
411 0 FT911-4253 0
411 0 FT911-493 0
411 0 FT911-5001 0
411 0 FT911-5168 0
411 0 FT911-5291 0
411 0 FT921-10127 0
411 0 FT921-10352 0
411 0 FT921-12423 0
411 0 FT921-12459 0
411 0 FT921-12505 0
411 0 FT921-12562 0
411 0 FT921-12588 0
411 0 FT921-12756 0
411 0 FT921-12937 0
411 0 FT921-12955 0
411 0 FT921-13649 0
411 0 FT921-14472 0
411 0 FT921-14982 0
411 0 FT921-15217 0
411 0 FT921-1689 0
411 0 FT921-1724 0
411 0 FT921-1908 0
411 0 FT921-1951 0
411 0 FT921-2080 0
411 0 FT921-2800 0
411 0 FT921-3080 0
411 0 FT921-3233 0
411 0 FT921-3331 0
411 0 FT921-3334 0
411 0 FT921-3400 0
411 0 FT921-365 0
411 0 FT921-5070 0
411 0 FT921-524 0
411 0 FT921-5990 0
411 0 FT921-630 0
411 0 FT921-6377 0
411 0 FT921-8362 0
411 0 FT921-8475 0
411 0 FT921-8827 0
411 0 FT921-8901 0
411 0 FT921-9172 0
411 0 FT921-9263 0
411 0 FT921-9297 0
411 0 FT921-9961 0
411 0 FT921-9994 0
411 0 FT922-10227 0
411 0 FT922-10417 0
411 0 FT922-11334 0
411 0 FT922-11371 0
411 0 FT922-12185 0
411 0 FT922-12369 0
411 0 FT922-12620 0
411 0 FT922-1294 0
411 0 FT922-12954 0
411 0 FT922-13211 0
411 0 FT922-14478 0
411 0 FT922-14728 0
411 0 FT922-14753 0
411 0 FT922-1701 0
411 0 FT922-1727 0
411 0 FT922-1914 0
411 0 FT922-1985 0
411 0 FT922-2036 0
411 0 FT922-2124 0
411 0 FT922-2319 0
411 0 FT922-2471 0
411 0 FT922-2634 0
411 0 FT922-2709 0
411 0 FT922-2909 0
411 0 FT922-2989 0
411 0 FT922-3007 0
411 0 FT922-3046 0
411 0 FT922-4034 0
411 0 FT922-4083 0
411 0 FT922-4140 0
411 0 FT922-4460 0
411 0 FT922-448 0
411 0 FT922-577 0
411 0 FT922-7110 0
411 0 FT922-7236 0
411 0 FT922-7694 0
411 0 FT922-7788 0
411 0 FT922-7914 0
411 0 FT922-8039 0
411 0 FT922-8186 0
411 0 FT922-8311 0
411 0 FT922-8929 0
411 0 FT922-9448 0
411 0 FT922-9630 0
411 0 FT923-10005 0
411 0 FT923-10316 0
411 0 FT923-10963 0
411 0 FT923-1132 0
411 0 FT923-11348 0
411 0 FT923-11987 0
411 0 FT923-12433 0
411 0 FT923-12530 0
411 0 FT923-13136 0
411 0 FT923-14461 0
411 0 FT923-14465 0
411 0 FT923-1448 0
411 0 FT923-15052 0
411 0 FT923-15271 0
411 0 FT923-2360 0
411 0 FT923-2363 0
411 0 FT923-2389 0
411 0 FT923-2396 0
411 0 FT923-2696 0
411 0 FT923-3799 0
411 0 FT923-4167 0
411 0 FT923-4472 0
411 0 FT923-4522 0
411 0 FT923-4563 0
411 0 FT923-4963 0
411 0 FT923-5183 0
411 0 FT923-5304 0
411 0 FT923-6097 0
411 0 FT923-6317 0
411 0 FT923-6587 0
411 0 FT923-6980 0
411 0 FT923-7395 0
411 0 FT923-744 0
411 0 FT923-7601 0
411 0 FT923-7629 0
411 0 FT923-7727 0
411 0 FT923-7741 0
411 0 FT923-8164 0
411 0 FT923-8472 0
411 0 FT923-8682 0
411 0 FT923-8705 0
411 0 FT923-8803 0
411 0 FT923-9208 0
411 0 FT923-9648 0
411 0 FT924-10280 0
411 0 FT924-10417 0
411 0 FT924-10420 0
411 0 FT924-10570 0
411 0 FT924-10599 0
411 0 FT924-10604 0
411 0 FT924-10613 0
411 0 FT924-1073 0
411 0 FT924-11089 0
411 0 FT924-11534 0
411 0 FT924-11662 0
411 0 FT924-11859 0
411 0 FT924-11950 0
411 0 FT924-11987 0
411 0 FT924-12529 0
411 0 FT924-12828 0
411 0 FT924-12946 0
411 0 FT924-12956 0
411 0 FT924-12996 0
411 0 FT924-13137 0
411 0 FT924-14101 0
411 0 FT924-14200 0
411 0 FT924-14658 0
411 0 FT924-15395 0
411 0 FT924-15979 0
411 0 FT924-16116 0
411 0 FT924-2066 0
411 0 FT924-2760 0
411 0 FT924-2984 0
411 0 FT924-3667 0
411 0 FT924-4743 0
411 0 FT924-5555 0
411 0 FT924-611 0
411 0 FT924-6208 0
411 0 FT924-6297 0
411 0 FT924-7153 0
411 0 FT924-809 0
411 0 FT924-8249 0
411 0 FT924-8522 0
411 0 FT924-8525 0
411 0 FT924-8527 0
411 0 FT924-8528 0
411 0 FT924-8623 0
411 0 FT924-8857 0
411 0 FT924-8962 0
411 0 FT924-8980 0
411 0 FT924-928 0
411 0 FT924-9716 0
411 0 FT924-9775 0
411 0 FT931-10324 0
411 0 FT931-10799 0
411 0 FT931-10985 0
411 0 FT931-11298 0
411 0 FT931-11499 0
411 0 FT931-11779 0
411 0 FT931-12174 0
411 0 FT931-12423 0
411 0 FT931-12518 0
411 0 FT931-12524 0
411 0 FT931-12528 0
411 0 FT931-12707 0
411 0 FT931-13329 0
411 0 FT931-13486 0
411 0 FT931-13725 0
411 0 FT931-13736 0
411 0 FT931-14149 0
411 0 FT931-14655 0
411 0 FT931-15025 0
411 0 FT931-15040 0
411 0 FT931-15199 0
411 0 FT931-15213 0
411 0 FT931-15376 0
411 0 FT931-15711 0
411 0 FT931-15740 0
411 0 FT931-15795 0
411 0 FT931-15812 0
411 0 FT931-15827 0
411 0 FT931-1593 0
411 0 FT931-15938 0
411 0 FT931-1599 0
411 0 FT931-16009 0
411 0 FT931-16245 0
411 0 FT931-16363 0
411 0 FT931-16401 0
411 0 FT931-16402 0
411 0 FT931-16405 0
411 0 FT931-16589 0
411 0 FT931-16590 0
411 0 FT931-16591 0
411 0 FT931-16636 0
411 0 FT931-1667 0
411 0 FT931-17034 0
411 0 FT931-1850 0
411 0 FT931-2244 0
411 0 FT931-2296 0
411 0 FT931-2396 0
411 0 FT931-3753 0
411 0 FT931-3786 0
411 0 FT931-3820 0
411 0 FT931-4368 0
411 0 FT931-4521 0
411 0 FT931-4540 0
411 0 FT931-4904 0
411 0 FT931-4975 0
411 0 FT931-5766 0
411 0 FT931-6413 0
411 0 FT931-6639 0
411 0 FT931-8079 0
411 0 FT931-8184 0
411 0 FT931-8375 0
411 0 FT931-8783 0
411 0 FT931-8951 0
411 0 FT931-9402 0
411 0 FT931-9413 0
411 0 FT931-9418 0
411 0 FT932-10516 0
411 0 FT932-10615 0
411 0 FT932-10700 0
411 0 FT932-10801 0
411 0 FT932-11001 0
411 0 FT932-11013 0
411 0 FT932-11272 0
411 0 FT932-11429 0
411 0 FT932-11466 0
411 0 FT932-11770 0
411 0 FT932-12293 0
411 0 FT932-12299 0
411 0 FT932-12744 0
411 0 FT932-1290 0
411 0 FT932-13008 0
411 0 FT932-13012 0
411 0 FT932-13464 0
411 0 FT932-13563 0
411 0 FT932-13758 0
411 0 FT932-13881 0
411 0 FT932-14010 0
411 0 FT932-14246 0
411 0 FT932-14451 0
411 0 FT932-15776 0
411 0 FT932-1654 0
411 0 FT932-16698 0
411 0 FT932-16888 0
411 0 FT932-16974 0
411 0 FT932-1817 0
411 0 FT932-197 0
411 0 FT932-2424 0
411 0 FT932-2486 0
411 0 FT932-2544 0
411 0 FT932-3732 0
411 0 FT932-38 0
411 0 FT932-4000 0
411 0 FT932-416 0
411 0 FT932-4255 0
411 0 FT932-4268 0
411 0 FT932-4746 0
411 0 FT932-5177 0
411 0 FT932-5316 0
411 0 FT932-547 0
411 0 FT932-5799 0
411 0 FT932-6511 0
411 0 FT932-7259 0
411 0 FT932-7329 0
411 0 FT932-7973 0
411 0 FT932-8152 0
411 0 FT932-8230 0
411 0 FT932-8465 0
411 0 FT932-8965 0
411 0 FT932-8984 0
411 0 FT932-9143 0
411 0 FT932-9348 0
411 0 FT933-10032 0
411 0 FT933-10389 0
411 0 FT933-1042 0
411 0 FT933-10498 0
411 0 FT933-10988 0
411 0 FT933-11252 0
411 0 FT933-11489 0
411 0 FT933-12161 0
411 0 FT933-12689 0
411 0 FT933-12693 0
411 0 FT933-13848 0
411 0 FT933-14316 0
411 0 FT933-14363 0
411 0 FT933-14598 0
411 0 FT933-1476 0
411 0 FT933-15164 0
411 0 FT933-1530 0
411 0 FT933-15331 0
411 0 FT933-15657 0
411 0 FT933-15672 0
411 0 FT933-16181 0
411 0 FT933-16184 0
411 0 FT933-16729 0
411 0 FT933-16735 0
411 0 FT933-16737 0
411 0 FT933-1696 0
411 0 FT933-280 0
411 0 FT933-2853 0
411 0 FT933-3204 0
411 0 FT933-3628 0
411 0 FT933-4344 0
411 0 FT933-4361 0
411 0 FT933-4364 0
411 0 FT933-4804 0
411 0 FT933-5189 0
411 0 FT933-5334 0
411 0 FT933-5409 0
411 0 FT933-5675 0
411 0 FT933-576 0
411 0 FT933-6678 0
411 0 FT933-6789 0
411 0 FT933-6967 0
411 0 FT933-7181 0
411 0 FT933-7333 0
411 0 FT933-7612 0
411 0 FT933-765 0
411 0 FT933-7653 0
411 0 FT933-7899 0
411 0 FT934-10018 0
411 0 FT934-10044 0
411 0 FT934-10113 0
411 0 FT934-10242 0
411 0 FT934-11072 0
411 0 FT934-11189 0
411 0 FT934-11507 0
411 0 FT934-11565 0
411 0 FT934-11579 0
411 0 FT934-11785 0
411 0 FT934-11799 0
411 0 FT934-12095 0
411 0 FT934-12096 0
411 0 FT934-1391 0
411 0 FT934-14283 0
411 0 FT934-14503 0
411 0 FT934-15200 0
411 0 FT934-1548 0
411 0 FT934-16268 0
411 0 FT934-16479 0
411 0 FT934-17031 0
411 0 FT934-1712 0
411 0 FT934-1956 0
411 0 FT934-1966 0
411 0 FT934-2055 0
411 0 FT934-2258 0
411 0 FT934-2748 0
411 0 FT934-3231 0
411 0 FT934-3371 0
411 0 FT934-3451 0
411 0 FT934-3479 0
411 0 FT934-3699 0
411 0 FT934-3709 0
411 0 FT934-442 0
411 0 FT934-4506 0
411 0 FT934-4660 0
411 0 FT934-4886 0
411 0 FT934-5065 0
411 0 FT934-5213 0
411 0 FT934-5293 0
411 0 FT934-555 0
411 0 FT934-5973 0
411 0 FT934-6193 0
411 0 FT934-642 0
411 0 FT934-6895 0
411 0 FT934-7156 0
411 0 FT934-9166 0
411 0 FT934-9386 0
411 0 FT934-9603 0
411 0 FT934-9615 0
411 0 FT934-991 0
411 0 FT941-1019 0
411 0 FT941-10938 0
411 0 FT941-12439 0
411 0 FT941-13345 0
411 0 FT941-13360 0
411 0 FT941-13912 0
411 0 FT941-14237 0
411 0 FT941-14331 0
411 0 FT941-14372 0
411 0 FT941-15518 0
411 0 FT941-15926 0
411 0 FT941-16821 0
411 0 FT941-17356 0
411 0 FT941-17625 0
411 0 FT941-17664 0
411 0 FT941-2259 0
411 0 FT941-2277 0
411 0 FT941-2843 0
411 0 FT941-3920 0
411 0 FT941-4042 0
411 0 FT941-4764 0
411 0 FT941-5017 0
411 0 FT941-5283 0
411 0 FT941-5647 0
411 0 FT941-6767 0
411 0 FT941-7789 0
411 0 FT941-830 0
411 0 FT941-8365 0
411 0 FT941-8690 0
411 0 FT941-8834 0
411 0 FT941-9458 0
411 0 FT941-9869 0
411 0 FT942-10234 0
411 0 FT942-10854 0
411 0 FT942-11139 0
411 0 FT942-1121 0
411 0 FT942-11371 0
411 0 FT942-11433 0
411 0 FT942-12120 0
411 0 FT942-12743 0
411 0 FT942-13789 0
411 0 FT942-13952 0
411 0 FT942-1404 0
411 0 FT942-14250 0
411 0 FT942-15209 0
411 0 FT942-15517 0
411 0 FT942-15737 0
411 0 FT942-15904 0
411 0 FT942-16207 0
411 0 FT942-16661 0
411 0 FT942-16911 0
411 0 FT942-17023 0
411 0 FT942-17034 0
411 0 FT942-1805 0
411 0 FT942-1994 0
411 0 FT942-2065 0
411 0 FT942-2549 0
411 0 FT942-2851 0
411 0 FT942-3632 0
411 0 FT942-3991 0
411 0 FT942-3992 0
411 0 FT942-4526 0
411 0 FT942-4810 0
411 0 FT942-5898 0
411 0 FT942-638 0
411 0 FT942-6629 0
411 0 FT942-6675 0
411 0 FT942-7428 0
411 0 FT942-7648 0
411 0 FT942-8121 0
411 0 FT942-8181 0
411 0 FT942-832 0
411 0 FT942-838 0
411 0 FT942-8707 0
411 0 FT942-8868 0
411 0 FT942-8932 0
411 0 FT942-8946 0
411 0 FT942-9027 0
411 0 FT943-11305 0
411 0 FT943-1239 0
411 0 FT943-12446 0
411 0 FT943-1246 0
411 0 FT943-12618 0
411 0 FT943-12918 0
411 0 FT943-13547 0
411 0 FT943-13692 0
411 0 FT943-13912 0
411 0 FT943-13928 0
411 0 FT943-14031 0
411 0 FT943-14044 0
411 0 FT943-15215 0
411 0 FT943-16219 0
411 0 FT943-2547 0
411 0 FT943-316 0
411 0 FT943-430 0
411 0 FT943-4466 0
411 0 FT943-4886 0
411 0 FT943-5052 0
411 0 FT943-5327 0
411 0 FT943-6364 0
411 0 FT943-706 0
411 0 FT943-7419 0
411 0 FT943-8674 0
411 0 FT943-994 0
411 0 FT944-10138 0
411 0 FT944-10934 0
411 0 FT944-11199 0
411 0 FT944-11225 0
411 0 FT944-11381 0
411 0 FT944-11627 0
411 0 FT944-11909 0
411 0 FT944-11911 0
411 0 FT944-11935 0
411 0 FT944-12070 0
411 0 FT944-12428 0
411 0 FT944-12528 0
411 0 FT944-12648 0
411 0 FT944-12848 0
411 0 FT944-13107 0
411 0 FT944-13542 0
411 0 FT944-1382 0
411 0 FT944-1396 0
411 0 FT944-1406 0
411 0 FT944-14277 0
411 0 FT944-1486 0
411 0 FT944-15635 0
411 0 FT944-15705 0
411 0 FT944-15804 0
411 0 FT944-15925 0
411 0 FT944-1594 0
411 0 FT944-1600 0
411 0 FT944-1601 0
411 0 FT944-16024 0
411 0 FT944-1604 0
411 0 FT944-16074 0
411 0 FT944-1609 0
411 0 FT944-16193 0
411 0 FT944-1621 0
411 0 FT944-1624 0
411 0 FT944-1625 0
411 0 FT944-16832 0
411 0 FT944-16862 0
411 0 FT944-1723 0
411 0 FT944-1731 0
411 0 FT944-17339 0
411 0 FT944-1751 0
411 0 FT944-17667 0
411 0 FT944-17809 0
411 0 FT944-17861 0
411 0 FT944-17962 0
411 0 FT944-17978 0
411 0 FT944-18073 0
411 0 FT944-18221 0
411 0 FT944-18263 0
411 0 FT944-18479 0
411 0 FT944-18501 0
411 0 FT944-18508 0
411 0 FT944-18592 0
411 0 FT944-18749 0
411 0 FT944-18762 0
411 0 FT944-18875 0
411 0 FT944-18938 0
411 0 FT944-2247 0
411 0 FT944-2249 0
411 0 FT944-2256 0
411 0 FT944-2261 0
411 0 FT944-2262 0
411 0 FT944-2688 0
411 0 FT944-2697 0
411 0 FT944-2702 0
411 0 FT944-2703 0
411 0 FT944-3393 0
411 0 FT944-3405 0
411 0 FT944-3623 0
411 0 FT944-3635 0
411 0 FT944-3673 0
411 0 FT944-3712 0
411 0 FT944-3816 0
411 0 FT944-3917 0
411 0 FT944-3977 0
411 0 FT944-4200 0
411 0 FT944-4282 0
411 0 FT944-4339 0
411 0 FT944-4429 0
411 0 FT944-4544 0
411 0 FT944-4553 0
411 0 FT944-5107 0
411 0 FT944-605 0
411 0 FT944-6167 0
411 0 FT944-6367 0
411 0 FT944-6682 0
411 0 FT944-7435 0
411 0 FT944-7505 0
411 0 FT944-7624 0
411 0 FT944-822 0
411 0 FT944-8346 0
411 0 FT944-8409 0
411 0 FT944-8469 0
411 0 FT944-9170 0
411 0 FT944-9176 0
411 0 FT944-9179 0
411 0 FT944-9343 0
411 0 FT944-9399 0
411 0 FT944-9735 0
411 0 LA010189-0004 0
411 0 LA010189-0038 0
411 0 LA010189-0052 0
411 0 LA010189-0064 0
411 0 LA010189-0071 0
411 0 LA010289-0020 0
411 0 LA010290-0097 0
411 0 LA010390-0124 0
411 0 LA010489-0110 0
411 0 LA010490-0129 0
411 0 LA010490-0200 0
411 0 LA010490-0231 0
411 0 LA010589-0045 0
411 0 LA010589-0100 0
411 0 LA010690-0071 0
411 0 LA010690-0138 0
411 0 LA010789-0067 0
411 0 LA010790-0153 0
411 0 LA010790-0170 0
411 0 LA010889-0056 0
411 0 LA010889-0058 0
411 0 LA011089-0061 0
411 0 LA011190-0033 0
411 0 LA011690-0032 0
411 0 LA011790-0016 0
411 0 LA011790-0111 0
411 0 LA012090-0064 0
411 0 LA012289-0016 0
411 0 LA012289-0124 0
411 0 LA012290-0030 0
411 0 LA012389-0086 0
411 0 LA012390-0127 0
411 0 LA012590-0041 0
411 0 LA012590-0161 0
411 0 LA012590-0182 0
411 0 LA012590-0244 0
411 0 LA012689-0014 0
411 0 LA012689-0053 0
411 0 LA012689-0055 0
411 0 LA012690-0108 0
411 0 LA012790-0001 0
411 0 LA012890-0058 0
411 0 LA020190-0159 0
411 0 LA020589-0131 0
411 0 LA020589-0195 0
411 0 LA020690-0103 0
411 0 LA020690-0127 0
411 0 LA020789-0028 0
411 0 LA020990-0119 0
411 0 LA021090-0135 0
411 0 LA021190-0052 0
411 0 LA021190-0187 0
411 0 LA021289-0051 0
411 0 LA021290-0028 0
411 0 LA021589-0125 0
411 0 LA021590-0198 0
411 0 LA021690-0049 0
411 0 LA021690-0069 0
411 0 LA021890-0047 0
411 0 LA021989-0085 0
411 0 LA022190-0117 0
411 0 LA022389-0027 0
411 0 LA022389-0137 0
411 0 LA022390-0067 0
411 0 LA022390-0145 0
411 0 LA022490-0073 0
411 0 LA022590-0003 0
411 0 LA022689-0184 0
411 0 LA022690-0089 0
411 0 LA022789-0066 0
411 0 LA030189-0039 0
411 0 LA030189-0081 0
411 0 LA030190-0121 0
411 0 LA030289-0116 0
411 0 LA030290-0102 0
411 0 LA030389-0086 0
411 0 LA030490-0017 0
411 0 LA030490-0236 0
411 0 LA030589-0192 0
411 0 LA030690-0091 0
411 0 LA030789-0034 0
411 0 LA030890-0031 0
411 0 LA030890-0066 0
411 0 LA030990-0094 0
411 0 LA031189-0104 0
411 0 LA031190-0108 0
411 0 LA031190-0196 0
411 0 LA031289-0191 0
411 0 LA031290-0024 0
411 0 LA031390-0092 0
411 0 LA031390-0115 0
411 0 LA031489-0118 0
411 0 LA031589-0004 0
411 0 LA031589-0042 0
411 0 LA031689-0077 0
411 0 LA031789-0147 0
411 0 LA031889-0043 0
411 0 LA031890-0004 0
411 0 LA031890-0022 0
411 0 LA031890-0032 0
411 0 LA031890-0033 0
411 0 LA031890-0181 0
411 0 LA031890-0215 0
411 0 LA031989-0044 0
411 0 LA031989-0047 0
411 0 LA031989-0048 0
411 0 LA031989-0166 0
411 0 LA031989-0174 0
411 0 LA032090-0091 0
411 0 LA032290-0171 0
411 0 LA032389-0117 0
411 0 LA032490-0128 0
411 0 LA032590-0061 0
411 0 LA032590-0085 0
411 0 LA032590-0245 0
411 0 LA032689-0069 0
411 0 LA032689-0102 0
411 0 LA032690-0038 0
411 0 LA032789-0038 0
411 0 LA032789-0082 0
411 0 LA032790-0043 0
411 0 LA032790-0062 0
411 0 LA032990-0166 0
411 0 LA033089-0117 0
411 0 LA033089-0136 0
411 0 LA033090-0148 0
411 0 LA033189-0006 0
411 0 LA033190-0155 0
411 0 LA040190-0078 0
411 0 LA040289-0027 0
411 0 LA040590-0125 0
411 0 LA040590-0207 0
411 0 LA040689-0056 0
411 0 LA040690-0126 0
411 0 LA040889-0031 0
411 0 LA040889-0048 0
411 0 LA040890-0069 0
411 0 LA040890-0070 0
411 0 LA040890-0160 0
411 0 LA040989-0149 0
411 0 LA041189-0141 0
411 0 LA041290-0099 0
411 0 LA041290-0105 0
411 0 LA041390-0060 0
411 0 LA041489-0009 0
411 0 LA041589-0096 0
411 0 LA041590-0082 0
411 0 LA041590-0153 0
411 0 LA041590-0205 0
411 0 LA041789-0033 0
411 0 LA041789-0048 1
411 0 LA041989-0059 0
411 0 LA041990-0116 0
411 0 LA042089-0075 0
411 0 LA042089-0118 0
411 0 LA042190-0046 0
411 0 LA042389-0077 0
411 0 LA042389-0112 0
411 0 LA042489-0010 0
411 0 LA042689-0018 0
411 0 LA042789-0150 0
411 0 LA042790-0147 0
411 0 LA042989-0046 0
411 0 LA042990-0002 0
411 0 LA042990-0234 1
411 0 LA050190-0198 0
411 0 LA050289-0149 0
411 0 LA050489-0147 0
411 0 LA050689-0013 0
411 0 LA050689-0082 0
411 0 LA050690-0143 0
411 0 LA050690-0224 0
411 0 LA050790-0028 0
411 0 LA051089-0020 0
411 0 LA051090-0071 0
411 0 LA051090-0197 0
411 0 LA051090-0227 0
411 0 LA051190-0170 0
411 0 LA051389-0051 0
411 0 LA051390-0141 0
411 0 LA051390-0219 0
411 0 LA051489-0009 0
411 0 LA051690-0048 0
411 0 LA052089-0107 0
411 0 LA052189-0009 0
411 0 LA052189-0055 0
411 0 LA052189-0092 0
411 0 LA052489-0042 0
411 0 LA052489-0093 0
411 0 LA052589-0035 0
411 0 LA052590-0001 0
411 0 LA052590-0169 0
411 0 LA052689-0073 0
411 0 LA052690-0107 0
411 0 LA052789-0096 0
411 0 LA052790-0174 0
411 0 LA052889-0051 0
411 0 LA060189-0030 0
411 0 LA060290-0005 0
411 0 LA060390-0001 0
411 0 LA060489-0006 0
411 0 LA060489-0055 0
411 0 LA060590-0140 0
411 0 LA060690-0130 0
411 0 LA060790-0042 0
411 0 LA060790-0114 0
411 0 LA060890-0161 0
411 0 LA060989-0136 0
411 0 LA060990-0096 0
411 0 LA061090-0086 0
411 0 LA061190-0038 0
411 0 LA061290-0030 0
411 0 LA061389-0090 0
411 0 LA061390-0005 0
411 0 LA061489-0055 0
411 0 LA061589-0084 0
411 0 LA061590-0047 0
411 0 LA061689-0118 0
411 0 LA061790-0137 0
411 0 LA061889-0100 0
411 0 LA061990-0018 0
411 0 LA061990-0122 0
411 0 LA062089-0006 0
411 0 LA062189-0045 0
411 0 LA062289-0136 0
411 0 LA062289-0148 0
411 0 LA062290-0040 0
411 0 LA062290-0203 0
411 0 LA062490-0233 0
411 0 LA062589-0025 0
411 0 LA063090-0073 0
411 0 LA063090-0146 0
411 0 LA070189-0028 0
411 0 LA070190-0034 0
411 0 LA070190-0162 0
411 0 LA070289-0026 0
411 0 LA070389-0088 0
411 0 LA070390-0131 0
411 0 LA070589-0073 0
411 0 LA070790-0013 0
411 0 LA070989-0114 0
411 0 LA071090-0090 0
411 0 LA071190-0156 0
411 0 LA071289-0001 0
411 0 LA071389-0042 0
411 0 LA071389-0186 0
411 0 LA071390-0071 0
411 0 LA071390-0078 0
411 0 LA071589-0010 0
411 0 LA071589-0105 0
411 0 LA071590-0022 0
411 0 LA071689-0001 1
411 0 LA071690-0047 0
411 0 LA071690-0097 0
411 0 LA071790-0151 0
411 0 LA071890-0130 0
411 0 LA071990-0144 0
411 0 LA071990-0157 0
411 0 LA071990-0175 0
411 0 LA071990-0202 0
411 0 LA072089-0006 0
411 0 LA072089-0139 0
411 0 LA072189-0077 0
411 0 LA072290-0073 0
411 0 LA072290-0089 0
411 0 LA072489-0054 0
411 0 LA072489-0094 0
411 0 LA072589-0007 0
411 0 LA072589-0033 0
411 0 LA072589-0136 0
411 0 LA072590-0097 0
411 0 LA072689-0057 0
411 0 LA072689-0112 0
411 0 LA072689-0127 0
411 0 LA072689-0132 0
411 0 LA072690-0032 0
411 0 LA072690-0207 0
411 0 LA072690-0211 0
411 0 LA072690-0220 0
411 0 LA072789-0006 0
411 0 LA072789-0023 0
411 0 LA072789-0065 0
411 0 LA072789-0098 0
411 0 LA072789-0128 0
411 0 LA072789-0193 0
411 0 LA072789-0202 0
411 0 LA072790-0032 0
411 0 LA072790-0136 0
411 0 LA072790-0154 0
411 0 LA072790-0162 0
411 0 LA072889-0038 1
411 0 LA072889-0146 0
411 0 LA072889-0156 0
411 0 LA072890-0003 0
411 0 LA072890-0039 0
411 0 LA072890-0133 0
411 0 LA072890-0138 0
411 0 LA072989-0033 0
411 0 LA072989-0034 0
411 0 LA072990-0024 1
411 0 LA072990-0038 0
411 0 LA072990-0072 0
411 0 LA073089-0061 0
411 0 LA073090-0047 0
411 0 LA073090-0048 0
411 0 LA073190-0099 0
411 0 LA080190-0009 0
411 0 LA080190-0139 0
411 0 LA080289-0044 0
411 0 LA080289-0107 0
411 0 LA080389-0003 0
411 0 LA080389-0090 0
411 0 LA080389-0092 0
411 0 LA080389-0141 0
411 0 LA080389-0166 0
411 0 LA080389-0189 0
411 0 LA080390-0042 0
411 0 LA080489-0072 0
411 0 LA080589-0002 0
411 0 LA080689-0114 0
411 0 LA081390-0001 0
411 0 LA081490-0047 0
411 0 LA081789-0073 0
411 0 LA081890-0005 0
411 0 LA081890-0079 0
411 0 LA081989-0063 0
411 0 LA081990-0224 0
411 0 LA082089-0180 0
411 0 LA082089-0181 0
411 0 LA082090-0088 0
411 0 LA082289-0081 0
411 0 LA082489-0074 0
411 0 LA082490-0007 0
411 0 LA082689-0064 0
411 0 LA082690-0054 0
411 0 LA082690-0056 0
411 0 LA082690-0097 0
411 0 LA082690-0123 0
411 0 LA082990-0100 0
411 0 LA083090-0017 0
411 0 LA083189-0053 0
411 0 LA083189-0174 1
411 0 LA083190-0138 0
411 0 LA090190-0044 0
411 0 LA090190-0119 0
411 0 LA090389-0057 0
411 0 LA090390-0077 0
411 0 LA090489-0030 0
411 0 LA090489-0045 0
411 0 LA090490-0099 0
411 0 LA090490-0100 0
411 0 LA090789-0147 0
411 0 LA090989-0074 0
411 0 LA090990-0177 0
411 0 LA090990-0199 1
411 0 LA091089-0067 0
411 0 LA091090-0100 0
411 0 LA091389-0132 0
411 0 LA091489-0030 0
411 0 LA091489-0095 0
411 0 LA091489-0109 0
411 0 LA091490-0036 0
411 0 LA091690-0017 0
411 0 LA091690-0207 0
411 0 LA091789-0143 0
411 0 LA091889-0107 0
411 0 LA091990-0106 0
411 0 LA092089-0033 0
411 0 LA092190-0081 0
411 0 LA092190-0191 0
411 0 LA092290-0026 0
411 0 LA092389-0055 0
411 0 LA092389-0113 0
411 0 LA092390-0011 0
411 0 LA092390-0231 0
411 0 LA092489-0049 0
411 0 LA092689-0107 0
411 0 LA092889-0072 0
411 0 LA092890-0019 0
411 0 LA092989-0070 0
411 0 LA093089-0102 0
411 0 LA093090-0126 0
411 0 LA100189-0031 0
411 0 LA100189-0044 0
411 0 LA100190-0043 0
411 0 LA100390-0119 0
411 0 LA100390-0157 0
411 0 LA100490-0048 0
411 0 LA100490-0052 0
411 0 LA100490-0061 0
411 0 LA100490-0104 0
411 0 LA100589-0024 0
411 0 LA100589-0078 0
411 0 LA100589-0087 0
411 0 LA100589-0203 0
411 0 LA100589-0218 0
411 0 LA100589-0231 0
411 0 LA100690-0063 0
411 0 LA100889-0021 0
411 0 LA100889-0107 0
411 0 LA100890-0019 0
411 0 LA100890-0126 0
411 0 LA100989-0079 0
411 0 LA100990-0061 0
411 0 LA101090-0093 0
411 0 LA101190-0036 0
411 0 LA101190-0152 0
411 0 LA101190-0205 0
411 0 LA101190-0206 0
411 0 LA101190-0208 0
411 0 LA101289-0079 0
411 0 LA101289-0093 0
411 0 LA101289-0109 0
411 0 LA101289-0177 0
411 0 LA101290-0049 0
411 0 LA101290-0109 0
411 0 LA101389-0001 0
411 0 LA101389-0039 0
411 0 LA101389-0045 0
411 0 LA101389-0080 0
411 0 LA101390-0143 0
411 0 LA101490-0078 0
411 0 LA101490-0087 0
411 0 LA101490-0093 0
411 0 LA101490-0107 0
411 0 LA101589-0195 0
411 0 LA101690-0063 0
411 0 LA101690-0096 0
411 0 LA101790-0013 0
411 0 LA101889-0183 0
411 0 LA101890-0190 0
411 0 LA101989-0107 0
411 0 LA101990-0164 0
411 0 LA102089-0047 0
411 0 LA102089-0097 0
411 0 LA102089-0107 0
411 0 LA102089-0117 0
411 0 LA102189-0038 0
411 0 LA102189-0053 0
411 0 LA102189-0145 0
411 0 LA102289-0020 0
411 0 LA102289-0081 0
411 0 LA102289-0107 0
411 0 LA102289-0140 0
411 0 LA102289-0176 0
411 0 LA102289-0192 0
411 0 LA102290-0103 0
411 0 LA102389-0013 0
411 0 LA102389-0025 0
411 0 LA102389-0067 0
411 0 LA102390-0008 0
411 0 LA102489-0135 0
411 0 LA102490-0127 0
411 0 LA102490-0158 0
411 0 LA102590-0016 0
411 0 LA102689-0121 0
411 0 LA102690-0116 0
411 0 LA102690-0165 0
411 0 LA102889-0138 0
411 0 LA102889-0146 0
411 0 LA102989-0053 0
411 0 LA102989-0141 0
411 0 LA102990-0067 0
411 0 LA102990-0068 0
411 0 LA102990-0070 0
411 0 LA103089-0022 0
411 0 LA103089-0062 0
411 0 LA103189-0061 0
411 0 LA103190-0152 0
411 0 LA110190-0097 0
411 0 LA110190-0190 0
411 0 LA110289-0126 0
411 0 LA110290-0032 0
411 0 LA110390-0067 0
411 0 LA110490-0220 0
411 0 LA110490-0229 0
411 0 LA110589-0189 0
411 0 LA110690-0078 0
411 0 LA110789-0048 0
411 0 LA110790-0130 0
411 0 LA110790-0134 0
411 0 LA110889-0065 0
411 0 LA110890-0193 0
411 0 LA110990-0007 0
411 0 LA111089-0068 0
411 0 LA111089-0208 0
411 0 LA111090-0025 0
411 0 LA111190-0047 0
411 0 LA111190-0048 0
411 0 LA111290-0059 0
411 0 LA111390-0040 0
411 0 LA111489-0014 0
411 0 LA111689-0104 0
411 0 LA111789-0009 0
411 0 LA111789-0024 0
411 0 LA111989-0066 0
411 0 LA112189-0032 0
411 0 LA112190-0029 0
411 0 LA112190-0090 0
411 0 LA112289-0035 0
411 0 LA112289-0037 0
411 0 LA112289-0063 0
411 0 LA112290-0068 0
411 0 LA112290-0080 0
411 0 LA112390-0068 0
411 0 LA112489-0085 0
411 0 LA112490-0091 0
411 0 LA112589-0015 0
411 0 LA112589-0120 0
411 0 LA112590-0009 0
411 0 LA112590-0012 0
411 0 LA112590-0020 0
411 0 LA112590-0047 0
411 0 LA112590-0218 0
411 0 LA112590-0224 0
411 0 LA112690-0022 0
411 0 LA112790-0151 0
411 0 LA112990-0094 0
411 0 LA112990-0096 0
411 0 LA113089-0027 0
411 0 LA113089-0166 0
411 0 LA120189-0041 0
411 0 LA120290-0079 0
411 0 LA120589-0093 0
411 0 LA120689-0138 0
411 0 LA120690-0067 0
411 0 LA120789-0057 0
411 0 LA120789-0133 0
411 0 LA120789-0178 0
411 0 LA120789-0199 0
411 0 LA120790-0036 1
411 0 LA120790-0102 0
411 0 LA120989-0115 0
411 0 LA121089-0007 0
411 0 LA121089-0191 0
411 0 LA121089-0201 0
411 0 LA121089-0226 0
411 0 LA121089-0232 0
411 0 LA121190-0074 0
411 0 LA121289-0001 0
411 0 LA121289-0103 0
411 0 LA121290-0088 0
411 0 LA121390-0053 0
411 0 LA121489-0129 0
411 0 LA121689-0075 0
411 0 LA121789-0027 0
411 0 LA121890-0173 0
411 0 LA121989-0053 0
411 0 LA121990-0112 0
411 0 LA122089-0058 0
411 0 LA122089-0059 0
411 0 LA122089-0129 0
411 0 LA122090-0061 0
411 0 LA122090-0084 0
411 0 LA122090-0124 0
411 0 LA122090-0140 0
411 0 LA122090-0216 0
411 0 LA122189-0030 0
411 0 LA122189-0166 0
411 0 LA122190-0030 0
411 0 LA122190-0060 0
411 0 LA122190-0089 0
411 0 LA122190-0146 0
411 0 LA122190-0154 0
411 0 LA122190-0157 0
411 0 LA122190-0160 0
411 0 LA122190-0173 0
411 0 LA122289-0002 0
411 0 LA122290-0084 0
411 0 LA122290-0096 0
411 0 LA122389-0101 0
411 0 LA122390-0159 0
411 0 LA122390-0205 0
411 0 LA122489-0011 0
411 0 LA122489-0032 0
411 0 LA122489-0097 0
411 0 LA122490-0024 0
411 0 LA122490-0112 0
411 0 LA122490-0118 0
411 0 LA122590-0008 0
411 0 LA122590-0093 0
411 0 LA122590-0100 0
411 0 LA122689-0047 0
411 0 LA122689-0084 0
411 0 LA122689-0089 0
411 0 LA122689-0134 0
411 0 LA122690-0029 0
411 0 LA122690-0030 0
411 0 LA122790-0056 0
411 0 LA122790-0163 0
411 0 LA122790-0173 0
411 0 LA122790-0184 0
411 0 LA122790-0200 0
411 0 LA122790-0202 0
411 0 LA122790-0203 0
411 0 LA122889-0170 0
411 0 LA122890-0078 0
411 0 LA122890-0134 0
411 0 LA122989-0004 0
411 0 LA122989-0017 0
411 0 LA122989-0047 0
411 0 LA122990-0031 0
411 0 LA122990-0038 0
411 0 LA122990-0049 0
411 0 LA123089-0113 0
411 0 LA123090-0086 0
411 0 LA123090-0176 0
411 0 LA123189-0038 0
411 0 LA123189-0119 0
411 0 LA123190-0033 0
411 0 LA123190-0068 0
411 0 LA123190-0087 0
