408 0 FBIS3-10291 0
408 0 FBIS3-12406 0
408 0 FBIS3-13345 0
408 0 FBIS3-13375 0
408 0 FBIS3-13962 0
408 0 FBIS3-14093 0
408 0 FBIS3-14213 0
408 0 FBIS3-14249 0
408 0 FBIS3-14832 0
408 0 FBIS3-1590 0
408 0 FBIS3-1644 0
408 0 FBIS3-18441 0
408 0 FBIS3-18844 0
408 0 FBIS3-20440 0
408 0 FBIS3-20441 0
408 0 FBIS3-20796 0
408 0 FBIS3-20797 0
408 0 FBIS3-21123 0
408 0 FBIS3-21193 0
408 0 FBIS3-21242 0
408 0 FBIS3-21622 0
408 0 FBIS3-21865 0
408 0 FBIS3-22119 0
408 0 FBIS3-2272 0
408 0 FBIS3-23 0
408 0 FBIS3-23379 0
408 0 FBIS3-23936 0
408 0 FBIS3-24469 0
408 0 FBIS3-24619 0
408 0 FBIS3-24627 0
408 0 FBIS3-24653 0
408 0 FBIS3-24678 0
408 0 FBIS3-24788 0
408 0 FBIS3-2516 0
408 0 FBIS3-25684 0
408 0 FBIS3-25686 0
408 0 FBIS3-25902 0
408 0 FBIS3-26006 0
408 0 FBIS3-27357 0
408 0 FBIS3-27826 0
408 0 FBIS3-29 0
408 0 FBIS3-29576 0
408 0 FBIS3-33588 0
408 0 FBIS3-33589 0
408 0 FBIS3-34011 0
408 0 FBIS3-34435 0
408 0 FBIS3-36078 0
408 0 FBIS3-37947 0
408 0 FBIS3-38180 0
408 0 FBIS3-38181 0
408 0 FBIS3-38324 0
408 0 FBIS3-39216 0
408 0 FBIS3-3956 0
408 0 FBIS3-39596 0
408 0 FBIS3-39649 0
408 0 FBIS3-39654 0
408 0 FBIS3-40091 0
408 0 FBIS3-40190 0
408 0 FBIS3-40450 0
408 0 FBIS3-40574 0
408 0 FBIS3-41414 0
408 0 FBIS3-41557 0
408 0 FBIS3-4209 0
408 0 FBIS3-42393 0
408 0 FBIS3-42459 0
408 0 FBIS3-42550 0
408 0 FBIS3-42766 0
408 0 FBIS3-42811 0
408 0 FBIS3-42940 0
408 0 FBIS3-42984 0
408 0 FBIS3-43022 0
408 0 FBIS3-43120 0
408 0 FBIS3-43132 0
408 0 FBIS3-43160 0
408 0 FBIS3-43166 0
408 0 FBIS3-43174 0
408 0 FBIS3-43186 0
408 0 FBIS3-43214 0
408 0 FBIS3-43220 0
408 0 FBIS3-44112 0
408 0 FBIS3-44860 0
408 0 FBIS3-45129 0
408 0 FBIS3-45427 0
408 0 FBIS3-45476 0
408 0 FBIS3-45823 0
408 0 FBIS3-46142 0
408 0 FBIS3-50466 0
408 0 FBIS3-50607 0
408 0 FBIS3-54519 0
408 0 FBIS3-55495 0
408 0 FBIS3-5642 0
408 0 FBIS3-57400 0
408 0 FBIS3-58 0
408 0 FBIS3-59334 0
408 0 FBIS3-59754 0
408 0 FBIS3-60253 0
408 0 FBIS3-60336 0
408 0 FBIS3-60340 0
408 0 FBIS3-60342 0
408 0 FBIS3-60487 0
408 0 FBIS3-60488 0
408 0 FBIS3-61044 0
408 0 FBIS3-61070 0
408 0 FBIS3-61241 0
408 0 FBIS3-61335 0
408 0 FBIS3-61336 0
408 0 FBIS3-6482 0
408 0 FBIS3-67 0
408 0 FBIS3-8169 0
408 0 FBIS3-8777 0
408 0 FBIS3-9141 0
408 0 FBIS4-1141 0
408 0 FBIS4-11950 0
408 0 FBIS4-12854 0
408 0 FBIS4-14020 0
408 0 FBIS4-14226 0
408 0 FBIS4-1843 0
408 0 FBIS4-1860 1
408 0 FBIS4-19 0
408 0 FBIS4-19769 0
408 0 FBIS4-20373 0
408 0 FBIS4-20436 0
408 0 FBIS4-2047 0
408 0 FBIS4-20504 0
408 0 FBIS4-20569 0
408 0 FBIS4-2128 0
408 0 FBIS4-22152 0
408 0 FBIS4-22178 0
408 0 FBIS4-22469 0
408 0 FBIS4-22470 0
408 0 FBIS4-22629 0
408 0 FBIS4-22656 0
408 0 FBIS4-22686 0
408 0 FBIS4-22745 0
408 0 FBIS4-22769 0
408 0 FBIS4-22989 0
408 0 FBIS4-23084 0
408 0 FBIS4-23114 0
408 0 FBIS4-23131 0
408 0 FBIS4-2319 0
408 0 FBIS4-23272 0
408 0 FBIS4-23767 0
408 0 FBIS4-23981 0
408 0 FBIS4-2439 0
408 0 FBIS4-24990 0
408 0 FBIS4-25051 0
408 0 FBIS4-25207 0
408 0 FBIS4-25261 0
408 0 FBIS4-25818 1
408 0 FBIS4-25945 1
408 0 FBIS4-26002 0
408 0 FBIS4-26004 1
408 0 FBIS4-26247 0
408 0 FBIS4-26526 0
408 0 FBIS4-26718 1
408 0 FBIS4-26769 1
408 0 FBIS4-26836 1
408 0 FBIS4-26889 1
408 0 FBIS4-27114 0
408 0 FBIS4-27189 0
408 0 FBIS4-27364 0
408 0 FBIS4-28436 0
408 0 FBIS4-29 0
408 0 FBIS4-2931 0
408 0 FBIS4-2959 0
408 0 FBIS4-29778 0
408 0 FBIS4-31028 0
408 0 FBIS4-31032 0
408 0 FBIS4-31132 0
408 0 FBIS4-31159 0
408 0 FBIS4-32124 0
408 0 FBIS4-32799 0
408 0 FBIS4-32817 0
408 0 FBIS4-32827 0
408 0 FBIS4-35705 0
408 0 FBIS4-35805 0
408 0 FBIS4-37033 0
408 0 FBIS4-37708 0
408 0 FBIS4-37779 0
408 0 FBIS4-38023 0
408 0 FBIS4-39376 0
408 0 FBIS4-404 0
408 0 FBIS4-42 0
408 0 FBIS4-42139 0
408 0 FBIS4-42234 0
408 0 FBIS4-43658 0
408 0 FBIS4-43834 0
408 0 FBIS4-44409 0
408 0 FBIS4-44431 0
408 0 FBIS4-44892 0
408 0 FBIS4-45162 0
408 0 FBIS4-45617 0
408 0 FBIS4-45740 0
408 0 FBIS4-45822 0
408 0 FBIS4-45947 0
408 0 FBIS4-45950 0
408 0 FBIS4-46963 0
408 0 FBIS4-47609 0
408 0 FBIS4-47629 0
408 0 FBIS4-4816 0
408 0 FBIS4-49021 0
408 0 FBIS4-49414 0
408 0 FBIS4-49658 0
408 0 FBIS4-50220 0
408 0 FBIS4-50584 0
408 0 FBIS4-50835 0
408 0 FBIS4-51006 0
408 0 FBIS4-51163 0
408 0 FBIS4-51305 0
408 0 FBIS4-53248 0
408 0 FBIS4-54384 0
408 0 FBIS4-5519 0
408 0 FBIS4-57220 0
408 0 FBIS4-57720 0
408 0 FBIS4-58121 0
408 0 FBIS4-58293 0
408 0 FBIS4-58426 0
408 0 FBIS4-59329 0
408 0 FBIS4-5954 0
408 0 FBIS4-60580 0
408 0 FBIS4-61962 0
408 0 FBIS4-63172 0
408 0 FBIS4-63252 0
408 0 FBIS4-63496 0
408 0 FBIS4-64576 0
408 0 FBIS4-65812 0
408 0 FBIS4-66054 0
408 0 FBIS4-66249 0
408 0 FBIS4-66269 0
408 0 FBIS4-66270 0
408 0 FBIS4-66272 0
408 0 FBIS4-66308 0
408 0 FBIS4-67345 0
408 0 FBIS4-67351 0
408 0 FBIS4-67444 0
408 0 FBIS4-67649 0
408 0 FBIS4-67650 0
408 0 FBIS4-67764 0
408 0 FBIS4-67877 0
408 0 FBIS4-68225 0
408 0 FBIS4-68325 0
408 0 FBIS4-68411 0
408 0 FBIS4-68471 0
408 0 FBIS4-68494 0
408 0 FBIS4-68666 0
408 0 FBIS4-68723 0
408 0 FBIS4-68729 0
408 0 FBIS4-68738 0
408 0 FBIS4-68749 0
408 0 FBIS4-68753 0
408 0 FBIS4-68773 0
408 0 FBIS4-68774 0
408 0 FBIS4-68784 0
408 0 FBIS4-68785 0
408 0 FBIS4-68827 0
408 0 FBIS4-68835 0
408 0 FBIS4-68847 0
408 0 FBIS4-68849 0
408 0 FBIS4-68880 0
408 0 FBIS4-68888 0
408 0 FBIS4-68889 0
408 0 FBIS4-68890 0
408 0 FBIS4-7731 0
408 0 FBIS4-9743 0
408 0 FR940104-0-00034 0
408 0 FR940104-1-00050 0
408 0 FR940105-2-00109 0
408 0 FR940106-0-00123 0
408 0 FR940106-1-00078 0
408 0 FR940106-2-00093 0
408 0 FR940112-1-00044 0
408 0 FR940114-0-00045 0
408 0 FR940114-0-00049 0
408 0 FR940114-0-00050 0
408 0 FR940114-0-00051 0
408 0 FR940114-0-00055 0
408 0 FR940114-1-00060 0
408 0 FR940118-0-00022 0
408 0 FR940118-2-00112 0
408 0 FR940118-2-00113 0
408 0 FR940119-2-00067 0
408 0 FR940127-2-00146 0
408 0 FR940127-2-00193 0
408 0 FR940202-0-00031 0
408 0 FR940203-1-00052 0
408 0 FR940214-2-00241 0
408 0 FR940214-2-00247 0
408 0 FR940214-2-00252 0
408 0 FR940214-2-00253 0
408 0 FR940214-2-00254 0
408 0 FR940216-2-00036 0
408 0 FR940303-2-00091 0
408 0 FR940304-2-00003 0
408 0 FR940314-1-00041 0
408 0 FR940317-0-00036 1
408 0 FR940317-0-00037 1
408 0 FR940317-1-00109 0
408 0 FR940328-2-00069 0
408 0 FR940328-2-00070 0
408 0 FR940404-2-00131 0
408 0 FR940406-0-00190 0
408 0 FR940418-0-00025 0
408 0 FR940425-1-00003 0
408 0 FR940426-2-00107 0
408 0 FR940428-2-00145 0
408 0 FR940428-2-00165 0
408 0 FR940511-0-00027 0
408 0 FR940511-2-00181 0
408 0 FR940511-2-00183 0
408 0 FR940516-2-00010 0
408 0 FR940516-2-00116 0
408 0 FR940523-2-00116 0
408 0 FR940526-2-00103 0
408 0 FR940526-2-00134 0
408 0 FR940526-2-00145 0
408 0 FR940526-2-00146 0
408 0 FR940527-0-00059 0
408 0 FR940527-0-00062 0
408 0 FR940602-0-00003 0
408 0 FR940602-1-00023 0
408 0 FR940603-1-00073 0
408 0 FR940603-1-00081 0
408 0 FR940603-1-00092 0
408 0 FR940603-1-00108 0
408 0 FR940603-1-00123 0
408 0 FR940607-2-00117 0
408 0 FR940607-2-00118 0
408 0 FR940613-0-00040 0
408 0 FR940620-0-00053 0
408 0 FR940621-2-00072 0
408 0 FR940622-2-00039 0
408 0 FR940622-2-00075 0
408 0 FR940627-0-00098 0
408 0 FR940628-0-00070 0
408 0 FR940706-2-00126 0
408 0 FR940711-0-00060 1
408 0 FR940711-2-00097 0
408 0 FR940713-1-00058 0
408 0 FR940719-2-00147 0
408 0 FR940720-1-00051 0
408 0 FR940722-1-00032 0
408 0 FR940725-2-00141 0
408 0 FR940727-2-00118 1
408 0 FR940802-1-00009 0
408 0 FR940811-2-00040 0
408 0 FR940812-0-00032 0
408 0 FR940812-2-00079 0
408 0 FR940812-2-00229 0
408 0 FR940812-2-00247 0
408 0 FR940816-1-00025 0
408 0 FR940816-1-00026 0
408 0 FR940816-1-00050 0
408 0 FR940822-0-00067 0
408 0 FR940902-1-00009 0
408 0 FR940902-1-00010 0
408 0 FR940902-1-00011 0
408 0 FR940902-1-00012 0
408 0 FR940902-1-00048 0
408 0 FR940927-0-00113 0
408 0 FR940927-2-00082 0
408 0 FR941003-1-00079 0
408 0 FR941003-1-00090 0
408 0 FR941003-1-00091 0
408 0 FR941003-2-00190 0
408 0 FR941006-2-00132 0
408 0 FR941011-2-00144 0
408 0 FR941019-0-00025 0
408 0 FR941019-0-00041 0
408 0 FR941019-0-00043 0
408 0 FR941019-0-00079 0
408 0 FR941020-0-00060 0
408 0 FR941025-2-00049 1
408 0 FR941026-0-00005 0
408 0 FR941026-2-00082 0
408 0 FR941027-0-00017 0
408 0 FR941027-1-00030 0
408 0 FR941031-2-00107 0
408 0 FR941102-1-00119 0
408 0 FR941103-2-00099 0
408 0 FR941110-0-00281 0
408 0 FR941110-2-00131 0
408 0 FR941117-2-00158 0
408 0 FR941125-0-00033 0
408 0 FR941130-2-00131 0
408 0 FR941202-2-00101 0
408 0 FR941206-1-00134 0
408 0 FR941207-0-00076 0
408 0 FR941207-2-00097 0
408 0 FR941207-2-00098 1
408 0 FR941212-0-00125 0
408 0 FR941213-2-00022 0
408 0 FR941230-0-00120 0
408 0 FT911-1208 0
408 0 FT911-1221 1
408 0 FT911-1248 1
408 0 FT911-1465 1
408 0 FT911-1803 1
408 0 FT911-1940 1
408 0 FT911-2203 1
408 0 FT911-2443 0
408 0 FT911-439 1
408 0 FT911-4640 0
408 0 FT911-815 1
408 0 FT911-869 0
408 0 FT911-898 0
408 0 FT921-10196 0
408 0 FT921-10205 0
408 0 FT921-10549 0
408 0 FT921-11691 0
408 0 FT921-12580 0
408 0 FT921-12937 0
408 0 FT921-12955 0
408 0 FT921-13178 0
408 0 FT921-13940 0
408 0 FT921-15910 0
408 0 FT921-16079 0
408 0 FT921-16529 0
408 0 FT921-1665 0
408 0 FT921-2339 0
408 0 FT921-359 0
408 0 FT921-3940 0
408 0 FT921-416 0
408 0 FT921-6208 0
408 0 FT921-6587 0
408 0 FT921-9069 0
408 0 FT921-9184 0
408 0 FT921-9505 0
408 0 FT921-9977 0
408 0 FT922-10273 0
408 0 FT922-10282 0
408 0 FT922-13211 0
408 0 FT922-1664 0
408 0 FT922-2591 0
408 0 FT922-2755 0
408 0 FT922-2790 0
408 0 FT922-3004 0
408 0 FT922-3078 0
408 0 FT922-367 0
408 0 FT922-3882 0
408 0 FT922-4267 0
408 0 FT922-4505 0
408 0 FT922-4663 0
408 0 FT922-5445 0
408 0 FT922-6006 0
408 0 FT922-645 0
408 0 FT922-6638 0
408 0 FT922-6694 0
408 0 FT922-7291 0
408 0 FT922-7671 0
408 0 FT922-7829 0
408 0 FT922-7847 0
408 0 FT922-8067 0
408 0 FT922-8443 0
408 0 FT922-8558 0
408 0 FT922-9548 0
408 0 FT923-10677 0
408 0 FT923-10779 0
408 0 FT923-11601 0
408 0 FT923-11687 0
408 0 FT923-1220 0
408 0 FT923-1295 0
408 0 FT923-13647 0
408 0 FT923-15521 0
408 0 FT923-2326 1
408 0 FT923-3091 1
408 0 FT923-37 0
408 0 FT923-3717 0
408 0 FT923-4094 1
408 0 FT923-4395 0
408 0 FT923-4398 0
408 0 FT923-45 0
408 0 FT923-4554 0
408 0 FT923-4614 0
408 0 FT923-4963 0
408 0 FT923-5089 0
408 0 FT923-5497 0
408 0 FT923-5573 0
408 0 FT923-5589 0
408 0 FT923-563 0
408 0 FT923-5743 0
408 0 FT923-5797 1
408 0 FT923-5858 0
408 0 FT923-5950 0
408 0 FT923-6279 0
408 0 FT923-6560 1
408 0 FT923-6582 1
408 0 FT923-6592 1
408 0 FT923-69 0
408 0 FT923-7399 0
408 0 FT923-764 0
408 0 FT923-7741 0
408 0 FT923-7955 0
408 0 FT923-9783 0
408 0 FT924-10300 0
408 0 FT924-10420 0
408 0 FT924-10807 0
408 0 FT924-10917 0
408 0 FT924-1205 0
408 0 FT924-12079 0
408 0 FT924-12238 0
408 0 FT924-13270 0
408 0 FT924-13399 0
408 0 FT924-14020 0
408 0 FT924-14238 0
408 0 FT924-14628 0
408 0 FT924-14642 0
408 0 FT924-14687 0
408 0 FT924-14899 0
408 0 FT924-15058 0
408 0 FT924-15166 0
408 0 FT924-15184 0
408 0 FT924-15520 0
408 0 FT924-15603 0
408 0 FT924-1774 1
408 0 FT924-2362 0
408 0 FT924-2373 0
408 0 FT924-2519 0
408 0 FT924-2561 0
408 0 FT924-3384 0
408 0 FT924-3714 0
408 0 FT924-4126 0
408 0 FT924-4773 0
408 0 FT924-4962 0
408 0 FT924-5977 0
408 0 FT924-6225 1
408 0 FT924-6722 0
408 0 FT924-7696 0
408 0 FT924-8833 0
408 0 FT924-8834 0
408 0 FT924-8967 0
408 0 FT924-9182 0
408 0 FT924-9192 0
408 0 FT924-928 0
408 0 FT924-9315 0
408 0 FT924-9613 0
408 0 FT924-9633 0
408 0 FT924-9636 0
408 0 FT924-9764 0
408 0 FT924-9872 0
408 0 FT924-9889 0
408 0 FT931-10028 0
408 0 FT931-10232 0
408 0 FT931-12025 0
408 0 FT931-12564 0
408 0 FT931-13204 0
408 0 FT931-13253 0
408 0 FT931-13657 0
408 0 FT931-13811 0
408 0 FT931-14482 0
408 0 FT931-14631 0
408 0 FT931-14687 0
408 0 FT931-15711 0
408 0 FT931-15889 0
408 0 FT931-16394 0
408 0 FT931-16443 0
408 0 FT931-16651 0
408 0 FT931-17030 0
408 0 FT931-17077 0
408 0 FT931-2618 0
408 0 FT931-3305 0
408 0 FT931-3376 0
408 0 FT931-3466 0
408 0 FT931-3610 0
408 0 FT931-3689 0
408 0 FT931-4898 0
408 0 FT931-4977 0
408 0 FT931-5652 0
408 0 FT931-5706 0
408 0 FT931-6036 0
408 0 FT931-6935 0
408 0 FT931-7354 0
408 0 FT931-7740 0
408 0 FT931-792 0
408 0 FT931-7926 0
408 0 FT931-8521 0
408 0 FT931-8578 0
408 0 FT931-9405 0
408 0 FT931-9982 0
408 0 FT932-10386 0
408 0 FT932-1048 0
408 0 FT932-11435 0
408 0 FT932-13060 0
408 0 FT932-14628 0
408 0 FT932-15115 0
408 0 FT932-16234 0
408 0 FT932-16743 0
408 0 FT932-1763 0
408 0 FT932-2825 0
408 0 FT932-3629 0
408 0 FT932-5844 0
408 0 FT932-611 0
408 0 FT932-7277 0
408 0 FT932-8584 0
408 0 FT932-9023 0
408 0 FT932-9093 0
408 0 FT932-9154 0
408 0 FT932-930 0
408 0 FT932-9612 0
408 0 FT933-10916 0
408 0 FT933-11598 0
408 0 FT933-11871 0
408 0 FT933-11980 0
408 0 FT933-13594 0
408 0 FT933-13647 0
408 0 FT933-1483 0
408 0 FT933-14995 0
408 0 FT933-15680 1
408 0 FT933-15820 0
408 0 FT933-1696 0
408 0 FT933-1966 0
408 0 FT933-3525 1
408 0 FT933-5029 0
408 0 FT933-5030 0
408 0 FT933-5031 0
408 0 FT933-5264 0
408 0 FT933-5864 0
408 0 FT933-5998 0
408 0 FT933-6136 0
408 0 FT933-6273 0
408 0 FT933-774 0
408 0 FT933-7929 0
408 0 FT933-8104 0
408 0 FT933-8315 0
408 0 FT933-8821 0
408 0 FT933-9539 0
408 0 FT934-10089 0
408 0 FT934-10164 0
408 0 FT934-10311 0
408 0 FT934-11349 0
408 0 FT934-11742 0
408 0 FT934-11785 0
408 0 FT934-13174 0
408 0 FT934-14399 0
408 0 FT934-14570 0
408 0 FT934-16133 0
408 0 FT934-16631 0
408 0 FT934-16876 0
408 0 FT934-2757 0
408 0 FT934-3479 0
408 0 FT934-3699 0
408 0 FT941-10332 0
408 0 FT941-10424 0
408 0 FT941-10842 0
408 0 FT941-11667 0
408 0 FT941-12171 0
408 0 FT941-1251 0
408 0 FT941-12639 0
408 0 FT941-13238 0
408 0 FT941-13837 0
408 0 FT941-14780 0
408 0 FT941-15934 0
408 0 FT941-16080 0
408 0 FT941-16307 0
408 0 FT941-16571 0
408 0 FT941-16731 0
408 0 FT941-1866 0
408 0 FT941-4108 0
408 0 FT941-4385 0
408 0 FT941-5856 0
408 0 FT941-6003 0
408 0 FT941-6520 0
408 0 FT941-6759 0
408 0 FT941-7200 0
408 0 FT941-788 0
408 0 FT941-9077 0
408 0 FT941-9552 0
408 0 FT942-10018 0
408 0 FT942-10710 1
408 0 FT942-10724 0
408 0 FT942-11155 0
408 0 FT942-12380 0
408 0 FT942-12600 0
408 0 FT942-13856 0
408 0 FT942-15961 0
408 0 FT942-16010 0
408 0 FT942-1721 0
408 0 FT942-3393 0
408 0 FT942-4932 0
408 0 FT942-508 0
408 0 FT942-6579 0
408 0 FT943-10294 0
408 0 FT943-13665 0
408 0 FT943-14034 0
408 0 FT943-14578 0
408 0 FT943-1475 0
408 0 FT943-15451 1
408 0 FT943-16516 0
408 0 FT943-1674 0
408 0 FT943-1695 0
408 0 FT943-1734 0
408 0 FT943-199 0
408 0 FT943-2477 0
408 0 FT943-291 0
408 0 FT943-3192 0
408 0 FT943-4473 0
408 0 FT943-5 0
408 0 FT943-5207 0
408 0 FT943-6739 0
408 0 FT943-7718 1
408 0 FT943-8156 0
408 0 FT943-8589 0
408 0 FT943-8969 0
408 0 FT944-10407 0
408 0 FT944-10415 0
408 0 FT944-10627 0
408 0 FT944-10764 0
408 0 FT944-11420 0
408 0 FT944-12149 0
408 0 FT944-12794 0
408 0 FT944-13483 0
408 0 FT944-140 0
408 0 FT944-15132 0
408 0 FT944-15922 0
408 0 FT944-17093 0
408 0 FT944-17187 1
408 0 FT944-17291 0
408 0 FT944-17730 0
408 0 FT944-2006 0
408 0 FT944-2266 0
408 0 FT944-2367 0
408 0 FT944-2529 0
408 0 FT944-2707 0
408 0 FT944-2861 0
408 0 FT944-2879 0
408 0 FT944-2884 0
408 0 FT944-500 0
408 0 FT944-9397 0
408 0 FT944-9529 0
408 0 FT944-964 0
408 0 LA010189-0040 1
408 0 LA010189-0046 1
408 0 LA010189-0071 0
408 0 LA010189-0113 0
408 0 LA010289-0021 0
408 0 LA010289-0023 0
408 0 LA010289-0060 1
408 0 LA010290-0093 0
408 0 LA010589-0111 0
408 0 LA010689-0051 0
408 0 LA010689-0143 0
408 0 LA010690-0071 0
408 0 LA010690-0086 0
408 0 LA010889-0088 0
408 0 LA010890-0046 0
408 0 LA010989-0036 0
408 0 LA011089-0086 0
408 0 LA011189-0024 0
408 0 LA011190-0214 0
408 0 LA011290-0045 0
408 0 LA011290-0142 0
408 0 LA011389-0030 0
408 0 LA011490-0148 0
408 0 LA011589-0005 0
408 0 LA011690-0029 0
408 0 LA011790-0045 0
408 0 LA011890-0083 0
408 0 LA011890-0194 0
408 0 LA011989-0105 0
408 0 LA011989-0118 0
408 0 LA012089-0175 0
408 0 LA012289-0053 0
408 0 LA012490-0075 0
408 0 LA012590-0159 0
408 0 LA012989-0114 0
408 0 LA012990-0063 0
408 0 LA020490-0005 0
408 0 LA020490-0091 0
408 0 LA020490-0212 0
408 0 LA020490-0215 0
408 0 LA020589-0007 0
408 0 LA020590-0044 1
408 0 LA021090-0115 0
408 0 LA021190-0051 0
408 0 LA021190-0186 0
408 0 LA021290-0057 0
408 0 LA021290-0091 0
408 0 LA021490-0069 0
408 0 LA021689-0089 0
408 0 LA021790-0121 0
408 0 LA021790-0141 0
408 0 LA021890-0171 0
408 0 LA021890-0175 0
408 0 LA021890-0180 0
408 0 LA022290-0032 0
408 0 LA022290-0107 0
408 0 LA022290-0130 0
408 0 LA022489-0172 0
408 0 LA022589-0084 0
408 0 LA022590-0034 0
408 0 LA022590-0075 0
408 0 LA022590-0133 0
408 0 LA022689-0168 0
408 0 LA022790-0002 0
408 0 LA022889-0080 0
408 0 LA030490-0101 1
408 0 LA030589-0061 0
408 0 LA030689-0100 0
408 0 LA030890-0033 0
408 0 LA030890-0147 0
408 0 LA030990-0041 0
408 0 LA031089-0074 0
408 0 LA031189-0135 0
408 0 LA031190-0001 0
408 0 LA031389-0079 0
408 0 LA031589-0059 0
408 0 LA031790-0073 0
408 0 LA032390-0057 0
408 0 LA032590-0203 0
408 0 LA033089-0147 0
408 0 LA033189-0094 0
408 0 LA033190-0058 0
408 0 LA033190-0059 0
408 0 LA040190-0043 0
408 0 LA040289-0036 0
408 0 LA040890-0070 0
408 0 LA041390-0143 0
408 0 LA041590-0153 0
408 0 LA041789-0052 0
408 0 LA042290-0100 1
408 0 LA042390-0045 0
408 0 LA042590-0138 1
408 0 LA042790-0015 0
408 0 LA043089-0157 0
408 0 LA050390-0012 0
408 0 LA050490-0057 0
408 0 LA050590-0143 0
408 0 LA050690-0114 0
408 0 LA050690-0122 0
408 0 LA050889-0068 0
408 0 LA051189-0028 0
408 0 LA051190-0106 0
408 0 LA051390-0090 0
408 0 LA051390-0101 0
408 0 LA051489-0159 0
408 0 LA051589-0004 0
408 0 LA051789-0089 0
408 0 LA051790-0102 0
408 0 LA051890-0072 0
408 0 LA052189-0006 0
408 0 LA052189-0018 0
408 0 LA052189-0090 0
408 0 LA052189-0093 1
408 0 LA052390-0074 0
408 0 LA052590-0073 0
408 0 LA052890-0033 0
408 0 LA060389-0075 0
408 0 LA060490-0057 0
408 0 LA060590-0164 0
408 0 LA060890-0004 0
408 0 LA060890-0054 0
408 0 LA060989-0124 0
408 0 LA060990-0018 0
408 0 LA060990-0027 0
408 0 LA061190-0059 0
408 0 LA061389-0042 0
408 0 LA061390-0010 0
408 0 LA061489-0064 0
408 0 LA061589-0140 1
408 0 LA062490-0046 0
408 0 LA062490-0134 0
408 0 LA062490-0171 0
408 0 LA070190-0134 0
408 0 LA070589-0011 1
408 0 LA070589-0069 0
408 0 LA070689-0088 0
408 0 LA070789-0147 0
408 0 LA071289-0009 0
408 0 LA071290-0196 0
408 0 LA071389-0072 0
408 0 LA071490-0129 0
408 0 LA071589-0072 0
408 0 LA071690-0066 0
408 0 LA071789-0034 0
408 0 LA071789-0035 0
408 0 LA071789-0093 0
408 0 LA071989-0006 0
408 0 LA071990-0073 0
408 0 LA072189-0127 0
408 0 LA072290-0018 0
408 0 LA072389-0078 1
408 0 LA072389-0128 0
408 0 LA072589-0117 0
408 0 LA072590-0103 0
408 0 LA072690-0104 0
408 0 LA072990-0125 0
408 0 LA073090-0036 0
408 0 LA073190-0156 0
408 0 LA080189-0079 0
408 0 LA080289-0083 1
408 0 LA080389-0065 0
408 0 LA080389-0152 0
408 0 LA080490-0130 0
408 0 LA080789-0089 0
408 0 LA080790-0025 0
408 0 LA080790-0027 0
408 0 LA080790-0133 0
408 0 LA080890-0076 0
408 0 LA080890-0116 0
408 0 LA080990-0069 0
408 0 LA081089-0169 0
408 0 LA081189-0058 0
408 0 LA081189-0073 0
408 0 LA081289-0084 0
408 0 LA081290-0158 0
408 0 LA081689-0028 0
408 0 LA081689-0040 0
408 0 LA081790-0126 0
408 0 LA081890-0077 0
408 0 LA081890-0084 0
408 0 LA082090-0031 0
408 0 LA082390-0253 0
408 0 LA082689-0049 0
408 0 LA082690-0212 0
408 0 LA082789-0191 0
408 0 LA082790-0023 0
408 0 LA082790-0079 0
408 0 LA082889-0040 0
408 0 LA082889-0057 0
408 0 LA082890-0051 0
408 0 LA090289-0067 0
408 0 LA090290-0051 0
408 0 LA090689-0043 0
408 0 LA090890-0049 0
408 0 LA091189-0050 1
408 0 LA091189-0112 1
408 0 LA091490-0081 0
408 0 LA091689-0125 0
408 0 LA091989-0049 0
408 0 LA092089-0023 0
408 0 LA092089-0100 1
408 0 LA092089-0139 1
408 0 LA092189-0125 1
408 0 LA092189-0139 1
408 0 LA092189-0225 0
408 0 LA092289-0098 0
408 0 LA092289-0103 1
408 0 LA092289-0104 0
408 0 LA092389-0056 0
408 0 LA092389-0078 0
408 0 LA092389-0090 0
408 0 LA092489-0049 0
408 0 LA092590-0032 0
408 0 LA092590-0075 0
408 0 LA092689-0085 0
408 0 LA092689-0087 1
408 0 LA092889-0095 1
408 0 LA100189-0096 0
408 0 LA100389-0075 1
408 0 LA100489-0073 0
408 0 LA100489-0092 1
408 0 LA100489-0119 0
408 0 LA100489-0154 0
408 0 LA100589-0001 0
408 0 LA100589-0141 0
408 0 LA100789-0009 0
408 0 LA100790-0033 0
408 0 LA100790-0097 0
408 0 LA100790-0132 0
408 0 LA100889-0040 0
408 0 LA100889-0137 0
408 0 LA101089-0132 0
408 0 LA101189-0068 0
408 0 LA101190-0148 0
408 0 LA101289-0047 0
408 0 LA101289-0074 1
408 0 LA101289-0146 0
408 0 LA101489-0054 0
408 0 LA101490-0011 0
408 0 LA101490-0135 0
408 0 LA101490-0183 0
408 0 LA101589-0082 0
408 0 LA101589-0084 0
408 0 LA101590-0072 0
408 0 LA101689-0100 1
408 0 LA101889-0159 0
408 0 LA101889-0160 0
408 0 LA101989-0073 0
408 0 LA101989-0138 0
408 0 LA101989-0140 0
408 0 LA102089-0008 0
408 0 LA102089-0051 0
408 0 LA102090-0131 0
408 0 LA102189-0071 0
408 0 LA102189-0105 0
408 0 LA102390-0065 0
408 0 LA102489-0089 0
408 0 LA102489-0169 0
408 0 LA102589-0026 0
408 0 LA102689-0225 0
408 0 LA102690-0198 0
408 0 LA102789-0184 0
408 0 LA102790-0132 0
408 0 LA102890-0037 0
408 0 LA103189-0021 0
408 0 LA103189-0089 0
408 0 LA103190-0021 0
408 0 LA110189-0135 0
408 0 LA110289-0202 0
408 0 LA110390-0071 0
408 0 LA110489-0091 0
408 0 LA110489-0123 0
408 0 LA110490-0165 0
408 0 LA110689-0005 0
408 0 LA110789-0141 0
408 0 LA110790-0045 0
408 0 LA110989-0123 0
408 0 LA111090-0121 0
408 0 LA111190-0047 0
408 0 LA111290-0071 0
408 0 LA111389-0074 0
408 0 LA111589-0015 0
408 0 LA111690-0084 0
408 0 LA111890-0081 0
408 0 LA112190-0085 0
408 0 LA112289-0051 0
408 0 LA112389-0092 0
408 0 LA112490-0150 0
408 0 LA112690-0071 0
408 0 LA112789-0022 0
408 0 LA112790-0036 0
408 0 LA112790-0042 0
408 0 LA112990-0111 0
408 0 LA120389-0073 0
408 0 LA120389-0178 0
408 0 LA120489-0108 0
408 0 LA120490-0022 0
408 0 LA120690-0011 0
408 0 LA120989-0016 0
408 0 LA120990-0218 0
408 0 LA121089-0074 0
408 0 LA121089-0204 0
408 0 LA121189-0083 0
408 0 LA121289-0093 0
408 0 LA121289-0108 0
408 0 LA121489-0065 0
408 0 LA121489-0128 0
408 0 LA121489-0135 0
408 0 LA121889-0041 0
408 0 LA121890-0092 0
408 0 LA121890-0174 0
408 0 LA122189-0139 0
408 0 LA122289-0142 0
408 0 LA122290-0018 0
408 0 LA122290-0125 0
408 0 LA122390-0012 0
408 0 LA122390-0133 0
408 0 LA122489-0096 0
408 0 LA122490-0025 0
408 0 LA122590-0038 0
408 0 LA122690-0069 0
408 0 LA122789-0064 0
408 0 LA122790-0009 0
408 0 LA122790-0029 0
408 0 LA122790-0031 0
408 0 LA122790-0057 0
408 0 LA122889-0093 0
408 0 LA122890-0111 0
408 0 LA122890-0132 0
408 0 LA122989-0057 0
408 0 LA123090-0152 0
408 0 LA123189-0103 0
408 0 LA123189-0149 0
408 0 LA123189-0153 0
408 0 LA123190-0041 0
408 0 LA123190-0057 0
408 0 LA123190-0086 0
408 0 LA123190-0092 0
