420 0 FBIS3-11150 0
420 0 FBIS3-11180 0
420 0 FBIS3-1166 0
420 0 FBIS3-11934 0
420 0 FBIS3-12415 0
420 0 FBIS3-12555 0
420 0 FBIS3-12880 0
420 0 FBIS3-13511 0
420 0 FBIS3-13959 0
420 0 FBIS3-13984 0
420 0 FBIS3-14010 0
420 0 FBIS3-14243 0
420 0 FBIS3-15978 0
420 0 FBIS3-17326 0
420 0 FBIS3-1774 0
420 0 FBIS3-17825 0
420 0 FBIS3-18328 0
420 0 FBIS3-18519 0
420 0 FBIS3-18596 0
420 0 FBIS3-18638 0
420 0 FBIS3-18754 0
420 0 FBIS3-18954 0
420 0 FBIS3-19348 0
420 0 FBIS3-1945 0
420 0 FBIS3-1978 0
420 0 FBIS3-20193 0
420 0 FBIS3-20551 0
420 0 FBIS3-20552 0
420 0 FBIS3-20587 0
420 0 FBIS3-2066 0
420 0 FBIS3-20979 0
420 0 FBIS3-21031 0
420 0 FBIS3-21061 0
420 0 FBIS3-21115 0
420 0 FBIS3-21146 0
420 0 FBIS3-21267 0
420 0 FBIS3-21338 0
420 0 FBIS3-21919 0
420 0 FBIS3-22101 0
420 0 FBIS3-22133 1
420 0 FBIS3-22138 0
420 0 FBIS3-22144 0
420 0 FBIS3-22194 0
420 0 FBIS3-22252 0
420 0 FBIS3-22264 0
420 0 FBIS3-22334 0
420 0 FBIS3-22336 0
420 0 FBIS3-22340 0
420 0 FBIS3-22392 0
420 0 FBIS3-22424 0
420 0 FBIS3-22438 0
420 0 FBIS3-22578 0
420 0 FBIS3-22597 0
420 0 FBIS3-22599 0
420 0 FBIS3-22651 0
420 0 FBIS3-22728 0
420 0 FBIS3-22730 0
420 0 FBIS3-22777 0
420 0 FBIS3-22833 0
420 0 FBIS3-22863 0
420 0 FBIS3-22874 0
420 0 FBIS3-23561 0
420 0 FBIS3-24065 0
420 0 FBIS3-24318 0
420 0 FBIS3-24349 0
420 0 FBIS3-24623 0
420 0 FBIS3-24648 0
420 0 FBIS3-24653 0
420 0 FBIS3-24678 0
420 0 FBIS3-25512 0
420 0 FBIS3-26098 0
420 0 FBIS3-26742 0
420 0 FBIS3-27803 0
420 0 FBIS3-28312 0
420 0 FBIS3-28873 0
420 0 FBIS3-30055 0
420 0 FBIS3-31031 0
420 0 FBIS3-33048 0
420 0 FBIS3-33826 0
420 0 FBIS3-35 0
420 0 FBIS3-35403 0
420 0 FBIS3-37258 0
420 0 FBIS3-37337 0
420 0 FBIS3-37400 0
420 0 FBIS3-37947 0
420 0 FBIS3-38400 0
420 0 FBIS3-40215 0
420 0 FBIS3-40216 0
420 0 FBIS3-40372 0
420 0 FBIS3-40388 0
420 0 FBIS3-40473 0
420 0 FBIS3-40497 0
420 0 FBIS3-40552 0
420 0 FBIS3-40554 0
420 0 FBIS3-41211 0
420 0 FBIS3-4135 0
420 0 FBIS3-41476 0
420 0 FBIS3-41650 0
420 0 FBIS3-41743 0
420 0 FBIS3-41975 0
420 0 FBIS3-42028 0
420 0 FBIS3-42399 0
420 0 FBIS3-42464 0
420 0 FBIS3-42726 0
420 0 FBIS3-42810 0
420 0 FBIS3-42816 0
420 0 FBIS3-42990 0
420 0 FBIS3-42999 0
420 0 FBIS3-43028 0
420 0 FBIS3-43037 0
420 0 FBIS3-43040 0
420 0 FBIS3-43063 0
420 0 FBIS3-43072 0
420 0 FBIS3-44992 0
420 0 FBIS3-45053 0
420 0 FBIS3-4518 0
420 0 FBIS3-5437 0
420 0 FBIS3-55454 0
420 0 FBIS3-56360 1
420 0 FBIS3-58 0
420 0 FBIS3-59269 0
420 0 FBIS3-59552 0
420 0 FBIS3-59748 0
420 0 FBIS3-59750 0
420 0 FBIS3-59751 0
420 0 FBIS3-59752 0
420 0 FBIS3-59755 0
420 0 FBIS3-59756 0
420 0 FBIS3-59757 0
420 0 FBIS3-59903 0
420 0 FBIS3-60 0
420 0 FBIS3-60336 0
420 0 FBIS3-60384 0
420 0 FBIS3-60385 0
420 0 FBIS3-60505 0
420 0 FBIS3-61494 0
420 0 FBIS3-61562 0
420 0 FBIS3-61568 0
420 0 FBIS3-7389 0
420 0 FBIS4-11295 0
420 0 FBIS4-1563 0
420 0 FBIS4-19 0
420 0 FBIS4-20373 0
420 0 FBIS4-20504 0
420 0 FBIS4-20569 0
420 0 FBIS4-20632 0
420 0 FBIS4-20677 0
420 0 FBIS4-20687 0
420 0 FBIS4-20688 0
420 0 FBIS4-20693 0
420 0 FBIS4-20695 0
420 0 FBIS4-21379 0
420 0 FBIS4-21479 0
420 0 FBIS4-22429 0
420 0 FBIS4-22603 0
420 0 FBIS4-22629 0
420 0 FBIS4-22945 0
420 0 FBIS4-22949 0
420 0 FBIS4-22956 0
420 0 FBIS4-22963 0
420 0 FBIS4-23022 0
420 0 FBIS4-23081 0
420 0 FBIS4-25897 0
420 0 FBIS4-26738 0
420 0 FBIS4-2721 0
420 0 FBIS4-29594 0
420 0 FBIS4-30002 0
420 0 FBIS4-33921 0
420 0 FBIS4-38 0
420 0 FBIS4-4242 0
420 0 FBIS4-44635 0
420 0 FBIS4-44701 0
420 0 FBIS4-44703 0
420 0 FBIS4-44872 0
420 0 FBIS4-44914 0
420 0 FBIS4-45649 0
420 0 FBIS4-45661 0
420 0 FBIS4-45720 0
420 0 FBIS4-45722 0
420 0 FBIS4-45759 0
420 0 FBIS4-45790 0
420 0 FBIS4-45795 0
420 0 FBIS4-45801 0
420 0 FBIS4-45803 0
420 0 FBIS4-46813 0
420 0 FBIS4-46831 0
420 0 FBIS4-47034 0
420 0 FBIS4-47142 0
420 0 FBIS4-47461 0
420 0 FBIS4-47520 0
420 0 FBIS4-47609 0
420 0 FBIS4-49415 0
420 0 FBIS4-49457 0
420 0 FBIS4-49735 0
420 0 FBIS4-49832 0
420 0 FBIS4-50706 0
420 0 FBIS4-50901 0
420 0 FBIS4-61091 0
420 0 FBIS4-61193 0
420 0 FBIS4-66185 0
420 0 FBIS4-66213 0
420 0 FBIS4-66296 0
420 0 FBIS4-66382 0
420 0 FBIS4-66424 0
420 0 FBIS4-66426 0
420 0 FBIS4-66443 0
420 0 FBIS4-66472 0
420 0 FBIS4-66866 0
420 0 FBIS4-67400 0
420 0 FBIS4-67423 0
420 0 FBIS4-67429 0
420 0 FBIS4-67455 0
420 0 FBIS4-67486 1
420 0 FBIS4-67542 0
420 0 FBIS4-67579 0
420 0 FBIS4-68207 0
420 0 FBIS4-68219 0
420 0 FBIS4-68220 0
420 0 FBIS4-68757 0
420 0 FBIS4-68893 0
420 0 FR940112-1-00036 0
420 0 FR940114-2-00064 0
420 0 FR940119-0-00033 0
420 0 FR940119-1-00028 0
420 0 FR940124-1-00014 0
420 0 FR940124-1-00020 0
420 0 FR940124-1-00021 0
420 0 FR940124-1-00029 0
420 0 FR940124-1-00037 0
420 0 FR940127-1-00077 0
420 0 FR940128-1-00121 0
420 0 FR940202-1-00056 0
420 0 FR940203-1-00056 0
420 0 FR940204-0-00010 0
420 0 FR940204-0-00032 0
420 0 FR940204-0-00037 0
420 0 FR940204-1-00053 0
420 0 FR940204-2-00035 0
420 0 FR940216-0-00056 0
420 0 FR940216-0-00057 0
420 0 FR940216-0-00062 0
420 0 FR940216-0-00069 0
420 0 FR940216-0-00070 0
420 0 FR940216-0-00074 0
420 0 FR940216-0-00075 0
420 0 FR940216-0-00076 0
420 0 FR940216-0-00080 0
420 0 FR940216-0-00085 0
420 0 FR940216-0-00166 0
420 0 FR940216-0-00181 0
420 0 FR940216-0-00185 0
420 0 FR940216-0-00189 0
420 0 FR940216-0-00192 0
420 0 FR940216-0-00193 0
420 0 FR940216-0-00215 0
420 0 FR940223-2-00037 0
420 0 FR940302-1-00019 0
420 0 FR940303-2-00129 0
420 0 FR940304-1-00041 0
420 0 FR940304-1-00101 0
420 0 FR940304-1-00107 0
420 0 FR940304-1-00108 0
420 0 FR940304-1-00109 0
420 0 FR940304-1-00111 0
420 0 FR940318-0-00159 0
420 0 FR940318-0-00164 0
420 0 FR940318-0-00197 0
420 0 FR940318-0-00205 0
420 0 FR940318-0-00207 0
420 0 FR940318-0-00209 0
420 0 FR940318-0-00211 0
420 0 FR940318-0-00234 0
420 0 FR940325-0-00015 0
420 0 FR940325-0-00042 0
420 0 FR940405-1-00037 0
420 0 FR940405-1-00039 0
420 0 FR940405-1-00041 0
420 0 FR940405-1-00042 0
420 0 FR940405-1-00046 0
420 0 FR940405-1-00047 0
420 0 FR940405-1-00048 0
420 0 FR940405-1-00054 0
420 0 FR940405-1-00055 0
420 0 FR940405-1-00056 0
420 0 FR940405-1-00058 0
420 0 FR940405-1-00066 0
420 0 FR940405-1-00070 0
420 0 FR940405-1-00079 0
420 0 FR940405-1-00087 0
420 0 FR940405-1-00114 0
420 0 FR940405-1-00117 0
420 0 FR940405-1-00129 0
420 0 FR940405-1-00133 0
420 0 FR940406-0-00121 0
420 0 FR940406-0-00131 0
420 0 FR940406-0-00134 0
420 0 FR940406-0-00141 0
420 0 FR940406-0-00143 0
420 0 FR940406-0-00179 0
420 0 FR940406-1-00066 0
420 0 FR940406-1-00068 0
420 0 FR940406-2-00066 0
420 0 FR940406-2-00067 0
420 0 FR940406-2-00070 0
420 0 FR940407-0-00013 0
420 0 FR940407-0-00092 0
420 0 FR940407-0-00103 0
420 0 FR940407-1-00021 0
420 0 FR940412-0-00010 0
420 0 FR940412-1-00071 0
420 0 FR940412-1-00091 0
420 0 FR940412-1-00098 0
420 0 FR940413-2-00041 0
420 0 FR940413-2-00084 0
420 0 FR940414-0-00039 0
420 0 FR940414-0-00040 0
420 0 FR940414-0-00041 0
420 0 FR940414-0-00042 0
420 0 FR940414-0-00044 0
420 0 FR940414-0-00045 0
420 0 FR940414-1-00091 0
420 0 FR940418-0-00017 0
420 0 FR940418-0-00019 0
420 0 FR940418-0-00025 0
420 0 FR940418-2-00078 0
420 0 FR940419-1-00061 0
420 0 FR940426-0-00029 0
420 0 FR940429-2-00047 0
420 0 FR940504-2-00034 0
420 0 FR940505-0-00079 0
420 0 FR940505-1-00024 0
420 0 FR940505-1-00031 0
420 0 FR940505-1-00035 0
420 0 FR940505-1-00049 0
420 0 FR940505-1-00050 0
420 0 FR940505-1-00059 0
420 0 FR940505-1-00071 0
420 0 FR940505-1-00098 0
420 0 FR940505-1-00111 0
420 0 FR940505-1-00190 0
420 0 FR940505-1-00191 0
420 0 FR940505-1-00192 0
420 0 FR940505-1-00197 0
420 0 FR940505-1-00203 0
420 0 FR940505-1-00206 0
420 0 FR940505-1-00239 0
420 0 FR940505-1-00247 0
420 0 FR940505-1-00248 0
420 0 FR940505-1-00255 0
420 0 FR940505-1-00261 0
420 0 FR940505-1-00263 0
420 0 FR940505-1-00264 0
420 0 FR940505-1-00268 0
420 0 FR940505-1-00271 0
420 0 FR940505-1-00274 0
420 0 FR940505-1-00285 0
420 0 FR940505-1-00288 0
420 0 FR940505-1-00291 0
420 0 FR940505-1-00294 0
420 0 FR940505-1-00297 0
420 0 FR940505-1-00300 0
420 0 FR940505-1-00311 0
420 0 FR940505-1-00314 0
420 0 FR940505-1-00317 0
420 0 FR940505-1-00320 0
420 0 FR940505-1-00323 0
420 0 FR940505-1-00326 0
420 0 FR940505-1-00328 0
420 0 FR940505-1-00333 0
420 0 FR940505-1-00336 0
420 0 FR940505-1-00374 0
420 0 FR940505-1-00385 0
420 0 FR940505-1-00393 0
420 0 FR940505-1-00423 0
420 0 FR940505-1-00428 0
420 0 FR940505-1-00435 0
420 0 FR940505-1-00490 0
420 0 FR940505-1-00492 0
420 0 FR940505-1-00493 0
420 0 FR940505-1-00506 0
420 0 FR940505-1-00513 0
420 0 FR940505-1-00516 0
420 0 FR940505-1-00518 0
420 0 FR940506-2-00161 0
420 0 FR940506-2-00163 0
420 0 FR940511-1-00037 0
420 0 FR940511-2-00126 0
420 0 FR940511-2-00178 0
420 0 FR940512-1-00087 0
420 0 FR940512-1-00088 0
420 0 FR940512-1-00089 0
420 0 FR940512-1-00090 0
420 0 FR940512-1-00091 0
420 0 FR940512-1-00100 0
420 0 FR940513-1-00067 0
420 0 FR940513-1-00074 0
420 0 FR940513-1-00085 0
420 0 FR940513-2-00008 0
420 0 FR940516-0-00078 0
420 0 FR940516-1-00079 0
420 0 FR940516-1-00083 0
420 0 FR940516-1-00119 1
420 0 FR940516-2-00067 0
420 0 FR940524-1-00064 0
420 0 FR940524-1-00067 0
420 0 FR940524-1-00070 0
420 0 FR940524-1-00084 0
420 0 FR940524-2-00013 0
420 0 FR940527-1-00162 0
420 0 FR940527-2-00135 0
420 0 FR940602-1-00015 0
420 0 FR940602-1-00025 0
420 0 FR940602-1-00058 1
420 0 FR940606-0-00044 0
420 0 FR940606-1-00037 0
420 0 FR940606-1-00065 0
420 0 FR940610-1-00029 0
420 0 FR940610-1-00031 0
420 0 FR940610-1-00032 0
420 0 FR940610-1-00033 0
420 0 FR940610-2-00070 0
420 0 FR940610-2-00239 0
420 0 FR940613-1-00034 0
420 0 FR940613-1-00035 0
420 0 FR940613-1-00036 0
420 0 FR940616-2-00147 0
420 0 FR940616-2-00152 0
420 0 FR940617-0-00110 0
420 0 FR940617-0-00112 0
420 0 FR940617-0-00113 0
420 0 FR940617-0-00152 0
420 0 FR940617-0-00156 0
420 0 FR940617-0-00161 0
420 0 FR940617-0-00172 0
420 0 FR940617-0-00179 0
420 0 FR940617-0-00182 0
420 0 FR940617-0-00184 0
420 0 FR940617-0-00200 0
420 0 FR940617-0-00204 0
420 0 FR940617-2-00089 0
420 0 FR940620-0-00064 0
420 0 FR940620-0-00065 0
420 0 FR940620-0-00066 0
420 0 FR940620-0-00067 0
420 0 FR940621-0-00018 0
420 0 FR940627-0-00137 0
420 0 FR940627-0-00138 0
420 0 FR940627-0-00140 0
420 0 FR940627-0-00145 0
420 0 FR940627-0-00147 0
420 0 FR940627-0-00148 0
420 0 FR940627-0-00188 0
420 0 FR940627-0-00190 0
420 0 FR940628-0-00014 0
420 0 FR940628-1-00037 0
420 0 FR940628-1-00041 0
420 0 FR940630-0-00070 0
420 0 FR940630-0-00083 0
420 0 FR940630-0-00086 0
420 0 FR940630-0-00124 0
420 0 FR940630-1-00030 0
420 0 FR940705-0-00069 0
420 0 FR940705-1-00016 0
420 0 FR940705-2-00208 0
420 0 FR940711-2-00022 0
420 0 FR940713-2-00046 0
420 0 FR940719-1-00056 0
420 0 FR940719-1-00062 0
420 0 FR940719-1-00081 0
420 0 FR940719-1-00091 0
420 0 FR940721-0-00014 0
420 0 FR940721-1-00025 0
420 0 FR940725-0-00081 0
420 0 FR940728-1-00027 0
420 0 FR940802-0-00021 0
420 0 FR940802-0-00032 0
420 0 FR940802-0-00049 0
420 0 FR940803-1-00032 0
420 0 FR940804-0-00012 0
420 0 FR940804-0-00015 0
420 0 FR940804-0-00031 0
420 0 FR940804-0-00049 0
420 0 FR940804-1-00016 0
420 0 FR940805-1-00040 0
420 0 FR940810-2-00094 0
420 0 FR940812-0-00051 0
420 0 FR940816-1-00018 0
420 0 FR940816-1-00023 0
420 0 FR940817-0-00025 0
420 0 FR940817-0-00026 0
420 0 FR940817-1-00024 0
420 0 FR940817-1-00025 0
420 0 FR940817-2-00067 0
420 0 FR940817-2-00085 0
420 0 FR940817-2-00220 0
420 0 FR940817-2-00225 0
420 0 FR940817-2-00234 0
420 0 FR940817-2-00253 0
420 0 FR940822-1-00006 0
420 0 FR940825-0-00065 0
420 0 FR940825-1-00051 0
420 0 FR940825-1-00132 0
420 0 FR940825-2-00120 0
420 0 FR940826-0-00030 0
420 0 FR940826-0-00031 0
420 0 FR940831-0-00063 0
420 0 FR940902-1-00048 0
420 0 FR940906-0-00012 0
420 0 FR940906-0-00019 0
420 0 FR940907-0-00030 0
420 0 FR940907-1-00021 0
420 0 FR940912-0-00076 0
420 0 FR940913-0-00044 0
420 0 FR940913-0-00045 0
420 0 FR940913-0-00046 0
420 0 FR940913-0-00047 0
420 0 FR940916-1-00026 0
420 0 FR940919-0-00034 0
420 0 FR940919-0-00054 0
420 0 FR940919-2-00051 0
420 0 FR940920-1-00028 0
420 0 FR940920-1-00029 0
420 0 FR940920-1-00031 0
420 0 FR940920-1-00032 0
420 0 FR940920-1-00035 0
420 0 FR940920-1-00038 0
420 0 FR940920-1-00039 0
420 0 FR940920-1-00045 0
420 0 FR940920-1-00046 0
420 0 FR940920-1-00047 0
420 0 FR940920-1-00051 0
420 0 FR940920-1-00052 0
420 0 FR940920-1-00053 0
420 0 FR940920-1-00058 0
420 0 FR940920-1-00062 0
420 0 FR940920-1-00066 0
420 0 FR940920-1-00071 0
420 0 FR940920-1-00072 0
420 0 FR940920-1-00073 0
420 0 FR940920-1-00075 0
420 0 FR940920-1-00076 0
420 0 FR940920-1-00077 0
420 0 FR940920-1-00080 0
420 0 FR940920-1-00084 0
420 0 FR940920-1-00087 0
420 0 FR940920-1-00088 0
420 0 FR940920-1-00090 0
420 0 FR940920-1-00093 0
420 0 FR940920-1-00094 0
420 0 FR940920-1-00096 0
420 0 FR940920-1-00097 0
420 0 FR940920-1-00098 0
420 0 FR940920-1-00099 0
420 0 FR940920-1-00101 0
420 0 FR940920-1-00102 0
420 0 FR940920-1-00105 0
420 0 FR940920-1-00106 0
420 0 FR940921-0-00015 0
420 0 FR940921-0-00023 0
420 0 FR940921-0-00143 0
420 0 FR940921-0-00145 0
420 0 FR940921-0-00147 0
420 0 FR940921-0-00156 0
420 0 FR940921-1-00004 0
420 0 FR940922-1-00012 0
420 0 FR940922-1-00031 0
420 0 FR940922-1-00035 0
420 0 FR940922-1-00039 0
420 0 FR940922-1-00040 0
420 0 FR940922-2-00055 0
420 0 FR940926-1-00031 0
420 0 FR940926-1-00036 0
420 0 FR940927-0-00095 0
420 0 FR940928-1-00007 0
420 0 FR940928-1-00011 0
420 0 FR940928-1-00017 0
420 0 FR940928-1-00019 0
420 0 FR940928-1-00020 0
420 0 FR940928-1-00051 0
420 0 FR940930-0-00199 0
420 0 FR940930-0-00200 0
420 0 FR940930-0-00202 0
420 0 FR940930-0-00205 0
420 0 FR941003-1-00060 0
420 0 FR941004-0-00020 0
420 0 FR941004-0-00023 0
420 0 FR941004-0-00032 0
420 0 FR941004-0-00033 0
420 0 FR941004-2-00085 0
420 0 FR941005-0-00018 0
420 0 FR941006-0-00063 0
420 0 FR941006-1-00025 0
420 0 FR941006-1-00106 0
420 0 FR941006-1-00108 0
420 0 FR941006-1-00109 0
420 0 FR941006-1-00110 0
420 0 FR941006-1-00113 0
420 0 FR941006-1-00114 0
420 0 FR941006-1-00115 0
420 0 FR941006-1-00117 0
420 0 FR941006-1-00120 0
420 0 FR941006-1-00125 0
420 0 FR941006-1-00132 0
420 0 FR941006-1-00141 0
420 0 FR941006-1-00142 0
420 0 FR941006-1-00145 0
420 0 FR941006-1-00146 0
420 0 FR941006-1-00149 0
420 0 FR941006-1-00151 0
420 0 FR941006-1-00152 0
420 0 FR941006-1-00153 0
420 0 FR941007-1-00008 0
420 0 FR941007-1-00013 0
420 0 FR941011-0-00049 0
420 0 FR941013-0-00034 0
420 0 FR941017-2-00057 0
420 0 FR941019-2-00025 0
420 0 FR941019-2-00026 0
420 0 FR941019-2-00030 0
420 0 FR941019-2-00156 0
420 0 FR941028-2-00055 0
420 0 FR941028-2-00120 0
420 0 FR941031-0-00023 0
420 0 FR941031-0-00025 0
420 0 FR941031-0-00026 0
420 0 FR941031-0-00027 0
420 0 FR941031-0-00032 0
420 0 FR941031-1-00033 0
420 0 FR941102-1-00119 0
420 0 FR941103-0-00069 0
420 0 FR941103-0-00076 0
420 0 FR941103-0-00077 0
420 0 FR941103-0-00079 0
420 0 FR941103-2-00019 0
420 0 FR941107-0-00035 0
420 0 FR941110-1-00020 0
420 0 FR941110-1-00023 0
420 0 FR941110-1-00028 0
420 0 FR941110-1-00029 0
420 0 FR941110-1-00030 0
420 0 FR941110-1-00032 0
420 0 FR941116-1-00023 0
420 0 FR941117-2-00094 0
420 0 FR941125-1-00015 0
420 0 FR941125-1-00024 0
420 0 FR941128-1-00038 0
420 0 FR941202-0-00075 0
420 0 FR941202-0-00076 0
420 0 FR941206-0-00065 0
420 0 FR941206-0-00074 0
420 0 FR941206-1-00059 0
420 0 FR941206-1-00134 0
420 0 FR941213-0-00027 0
420 0 FR941213-0-00030 0
420 0 FR941213-0-00035 0
420 0 FR941216-1-00125 0
420 0 FR941216-1-00169 0
420 0 FR941219-2-00084 0
420 0 FR941220-1-00027 0
420 0 FR941230-0-00119 0
420 0 FR941230-0-00120 0
420 0 FR941230-2-00036 0
420 0 FR941230-2-00094 0
420 0 FT911-1132 0
420 0 FT911-1292 0
420 0 FT911-262 0
420 0 FT911-2922 0
420 0 FT911-4016 0
420 0 FT921-11089 0
420 0 FT921-11186 0
420 0 FT921-12758 0
420 0 FT921-15492 0
420 0 FT921-15574 0
420 0 FT921-2384 0
420 0 FT921-2628 0
420 0 FT921-331 0
420 0 FT921-3434 0
420 0 FT921-4011 0
420 0 FT921-5482 0
420 0 FT921-5784 0
420 0 FT921-6458 0
420 0 FT921-6600 0
420 0 FT921-7848 0
420 0 FT921-819 0
420 0 FT921-9424 0
420 0 FT921-9822 0
420 0 FT922-10018 0
420 0 FT922-10105 0
420 0 FT922-1014 0
420 0 FT922-12131 0
420 0 FT922-2473 0
420 0 FT922-5107 0
420 0 FT922-5205 0
420 0 FT922-5825 0
420 0 FT922-631 0
420 0 FT922-7187 0
420 0 FT923-118 0
420 0 FT923-4027 0
420 0 FT923-6156 0
420 0 FT923-8831 0
420 0 FT923-9498 0
420 0 FT924-12341 0
420 0 FT924-12732 0
420 0 FT924-13533 0
420 0 FT924-14154 0
420 0 FT924-16097 0
420 0 FT924-2996 0
420 0 FT924-3209 0
420 0 FT924-386 0
420 0 FT924-5745 0
420 0 FT924-6528 0
420 0 FT924-6893 0
420 0 FT924-7241 0
420 0 FT924-7243 0
420 0 FT924-8016 0
420 0 FT931-10187 0
420 0 FT931-16377 0
420 0 FT931-3362 0
420 0 FT931-4431 0
420 0 FT931-5097 0
420 0 FT931-5231 0
420 0 FT931-7521 0
420 0 FT931-7888 0
420 0 FT931-8467 0
420 0 FT931-9214 1
420 0 FT932-13989 0
420 0 FT932-13993 0
420 0 FT932-2078 0
420 0 FT932-2285 0
420 0 FT932-2298 0
420 0 FT932-496 0
420 0 FT932-509 0
420 0 FT932-5175 0
420 0 FT932-7503 0
420 0 FT932-8409 0
420 0 FT933-1235 0
420 0 FT933-13063 0
420 0 FT933-2241 0
420 0 FT933-7438 0
420 0 FT934-10157 0
420 0 FT934-2269 0
420 0 FT934-2950 0
420 0 FT934-3790 0
420 0 FT934-4348 0
420 0 FT934-5761 0
420 0 FT941-13400 0
420 0 FT941-13769 0
420 0 FT941-14221 0
420 0 FT941-3464 0
420 0 FT941-4914 0
420 0 FT941-6089 0
420 0 FT941-6116 0
420 0 FT941-8969 0
420 0 FT941-9560 0
420 0 FT942-11607 0
420 0 FT942-13067 0
420 0 FT942-248 0
420 0 FT942-28 0
420 0 FT942-5468 0
420 0 FT942-5688 0
420 0 FT942-7860 0
420 0 FT943-10670 0
420 0 FT943-10803 0
420 0 FT943-10862 0
420 0 FT943-11298 0
420 0 FT943-12275 0
420 0 FT943-16213 0
420 0 FT943-2085 0
420 0 FT943-2305 0
420 0 FT943-271 0
420 0 FT943-5192 0
420 0 FT943-5575 0
420 0 FT943-781 0
420 0 FT944-14306 0
420 0 FT944-17876 0
420 0 FT944-2245 0
420 0 FT944-2686 0
420 0 FT944-8580 0
420 0 LA010390-0113 0
420 0 LA010589-0102 0
420 0 LA010590-0047 0
420 0 LA010689-0153 0
420 0 LA010690-0105 0
420 0 LA010790-0170 0
420 0 LA011289-0149 0
420 0 LA011390-0151 0
420 0 LA011490-0085 0
420 0 LA011590-0097 0
420 0 LA011789-0078 0
420 0 LA011989-0197 0
420 0 LA012090-0099 0
420 0 LA012490-0118 0
420 0 LA012590-0205 0
420 0 LA012690-0020 1
420 0 LA012890-0149 0
420 0 LA012989-0113 1
420 0 LA013189-0091 0
420 0 LA020590-0053 0
420 0 LA020790-0022 0
420 0 LA020889-0079 0
420 0 LA020889-0097 0
420 0 LA021090-0064 0
420 0 LA021190-0006 0
420 0 LA021689-0102 0
420 0 LA021690-0006 0
420 0 LA021790-0118 0
420 0 LA022189-0053 0
420 0 LA022190-0031 0
420 0 LA022390-0180 0
420 0 LA022589-0051 0
420 0 LA022790-0002 0
420 0 LA022790-0096 0
420 0 LA030489-0085 0
420 0 LA031090-0067 0
420 0 LA031190-0135 0
420 0 LA031489-0124 0
420 0 LA031990-0022 0
420 0 LA032189-0105 0
420 0 LA032290-0216 0
420 0 LA032590-0171 0
420 0 LA033089-0029 0
420 0 LA033090-0006 0
420 0 LA040190-0174 0
420 0 LA040290-0016 0
420 0 LA040390-0017 1
420 0 LA040390-0131 0
420 0 LA040390-0158 0
420 0 LA040590-0004 0
420 0 LA040590-0094 0
420 0 LA040590-0129 0
420 0 LA040590-0149 0
420 0 LA040590-0204 0
420 0 LA040689-0058 0
420 0 LA040689-0078 0
420 0 LA040890-0115 0
420 0 LA040890-0152 0
420 0 LA041190-0151 0
420 0 LA041389-0100 0
420 0 LA041390-0058 0
420 0 LA041590-0030 0
420 0 LA041689-0037 0
420 0 LA041690-0041 0
420 0 LA041790-0089 0
420 0 LA041890-0107 0
420 0 LA042089-0126 0
420 0 LA042290-0025 0
420 0 LA042290-0170 0
420 0 LA042489-0048 0
420 0 LA042990-0140 0
420 0 LA043089-0211 0
420 0 LA050489-0119 0
420 0 LA050589-0028 0
420 0 LA050689-0071 0
420 0 LA050689-0126 0
420 0 LA050890-0007 0
420 0 LA051189-0139 0
420 0 LA051190-0097 0
420 0 LA051289-0119 0
420 0 LA051490-0012 0
420 0 LA051890-0135 0
420 0 LA051989-0041 0
420 0 LA051990-0139 0
420 0 LA052189-0006 0
420 0 LA052290-0049 0
420 0 LA052889-0189 0
420 0 LA052890-0017 0
420 0 LA060189-0003 0
420 0 LA060189-0158 0
420 0 LA060290-0096 0
420 0 LA060390-0190 0
420 0 LA060890-0004 0
420 0 LA060989-0119 0
420 0 LA060990-0054 0
420 0 LA061090-0203 0
420 0 LA061490-0131 0
420 0 LA061490-0138 0
420 0 LA061589-0088 0
420 0 LA061589-0134 0
420 0 LA061590-0057 0
420 0 LA061790-0234 0
420 0 LA061889-0037 0
420 0 LA061889-0116 0
420 0 LA061890-0031 0
420 0 LA062489-0113 0
420 0 LA062890-0004 0
420 0 LA062890-0167 0
420 0 LA070290-0018 0
420 0 LA071090-0032 0
420 0 LA071389-0056 0
420 0 LA071390-0115 0
420 0 LA071789-0107 0
420 0 LA071790-0100 0
420 0 LA072089-0139 0
420 0 LA072289-0076 0
420 0 LA072390-0061 0
420 0 LA073190-0154 0
420 0 LA080789-0033 0
420 0 LA080790-0118 0
420 0 LA080889-0102 0
420 0 LA081390-0053 0
420 0 LA081490-0031 0
420 0 LA081890-0086 0
420 0 LA082089-0061 0
420 0 LA082089-0107 0
420 0 LA082189-0047 0
420 0 LA082389-0068 0
420 0 LA082389-0073 0
420 0 LA082390-0189 0
420 0 LA082390-0224 0
420 0 LA083189-0131 0
420 0 LA090590-0118 0
420 0 LA090789-0052 0
420 0 LA091290-0071 0
420 0 LA091489-0155 0
420 0 LA091490-0064 0
420 0 LA091589-0037 0
420 0 LA091889-0044 0
420 0 LA092189-0141 0
420 0 LA092589-0007 0
420 0 LA092590-0140 0
420 0 LA092889-0138 0
420 0 LA093089-0130 0
420 0 LA100390-0028 0
420 0 LA100589-0053 0
420 0 LA100690-0115 0
420 0 LA100989-0055 0
420 0 LA101589-0075 0
420 0 LA101590-0075 1
420 0 LA101789-0049 0
420 0 LA101990-0077 0
420 0 LA102289-0115 0
420 0 LA102989-0059 0
420 0 LA110190-0045 0
420 0 LA110490-0220 0
420 0 LA110589-0119 0
420 0 LA110689-0079 0
420 0 LA110889-0052 0
420 0 LA110890-0200 0
420 0 LA111190-0238 0
420 0 LA111289-0222 0
420 0 LA111689-0032 0
420 0 LA111690-0087 0
420 0 LA111790-0115 0
420 0 LA111890-0160 0
420 0 LA111989-0195 0
420 0 LA112489-0096 0
420 0 LA120490-0026 0
420 0 LA120789-0030 0
420 0 LA120790-0112 0
420 0 LA121089-0225 0
420 0 LA121089-0232 0
420 0 LA121689-0036 0
420 0 LA121890-0030 0
420 0 LA122189-0137 0
420 0 LA122390-0040 0
420 0 LA122590-0065 0
420 0 LA122590-0082 0
420 0 LA122790-0125 0
420 0 LA122989-0059 0
420 0 LA122990-0002 0
420 0 LA123090-0176 0
