446 0 FBIS3-10013 0
446 0 FBIS3-10115 0
446 0 FBIS3-10275 0
446 0 FBIS3-10427 0
446 0 FBIS3-10451 0
446 0 FBIS3-10609 0
446 0 FBIS3-10633 0
446 0 FBIS3-10664 0
446 0 FBIS3-10763 0
446 0 FBIS3-11060 0
446 0 FBIS3-11186 0
446 0 FBIS3-11187 0
446 0 FBIS3-113 0
446 0 FBIS3-11418 0
446 0 FBIS3-11547 0
446 0 FBIS3-116 0
446 0 FBIS3-11611 1
446 0 FBIS3-11808 0
446 0 FBIS3-1185 0
446 0 FBIS3-12081 0
446 0 FBIS3-12127 0
446 0 FBIS3-12184 0
446 0 FBIS3-12203 0
446 0 FBIS3-12273 0
446 0 FBIS3-12274 0
446 0 FBIS3-12418 0
446 0 FBIS3-12676 1
446 0 FBIS3-12932 1
446 0 FBIS3-13075 0
446 0 FBIS3-13195 0
446 0 FBIS3-13236 0
446 0 FBIS3-13306 0
446 0 FBIS3-13344 0
446 0 FBIS3-13345 0
446 0 FBIS3-13358 0
446 0 FBIS3-13369 0
446 0 FBIS3-13370 0
446 0 FBIS3-13772 0
446 0 FBIS3-1390 0
446 0 FBIS3-14139 0
446 0 FBIS3-1424 0
446 0 FBIS3-14267 0
446 0 FBIS3-14386 0
446 0 FBIS3-14390 0
446 0 FBIS3-14396 0
446 0 FBIS3-14632 1
446 0 FBIS3-14704 0
446 0 FBIS3-1604 0
446 0 FBIS3-16296 0
446 0 FBIS3-17499 0
446 0 FBIS3-17514 0
446 0 FBIS3-18079 0
446 0 FBIS3-18083 0
446 0 FBIS3-18129 0
446 0 FBIS3-18199 0
446 0 FBIS3-19810 0
446 0 FBIS3-19897 0
446 0 FBIS3-20411 0
446 0 FBIS3-20796 0
446 0 FBIS3-20797 0
446 0 FBIS3-21193 0
446 0 FBIS3-21405 0
446 0 FBIS3-21834 0
446 0 FBIS3-22305 0
446 0 FBIS3-22526 0
446 0 FBIS3-22568 0
446 0 FBIS3-22571 0
446 0 FBIS3-22958 0
446 0 FBIS3-22963 0
446 0 FBIS3-22965 0
446 0 FBIS3-22966 1
446 0 FBIS3-23 0
446 0 FBIS3-23008 1
446 0 FBIS3-23021 0
446 0 FBIS3-23095 0
446 0 FBIS3-23147 1
446 0 FBIS3-23185 1
446 0 FBIS3-23215 0
446 0 FBIS3-23219 0
446 0 FBIS3-23254 0
446 0 FBIS3-23259 1
446 0 FBIS3-23260 1
446 0 FBIS3-23268 0
446 0 FBIS3-23320 0
446 0 FBIS3-23374 0
446 0 FBIS3-23379 1
446 0 FBIS3-23383 1
446 0 FBIS3-23406 0
446 0 FBIS3-23859 0
446 0 FBIS3-23882 0
446 0 FBIS3-24043 0
446 0 FBIS3-24134 0
446 0 FBIS3-24330 0
446 0 FBIS3-24469 0
446 0 FBIS3-24619 0
446 0 FBIS3-24653 0
446 0 FBIS3-24678 0
446 0 FBIS3-24699 0
446 0 FBIS3-24738 0
446 0 FBIS3-24794 0
446 0 FBIS3-24916 0
446 0 FBIS3-24979 0
446 0 FBIS3-25050 0
446 0 FBIS3-25533 0
446 0 FBIS3-25591 0
446 0 FBIS3-25902 0
446 0 FBIS3-25940 0
446 0 FBIS3-26006 0
446 0 FBIS3-2605 0
446 0 FBIS3-26109 0
446 0 FBIS3-26679 1
446 0 FBIS3-26913 0
446 0 FBIS3-27474 0
446 0 FBIS3-28653 0
446 0 FBIS3-287 0
446 0 FBIS3-28704 0
446 0 FBIS3-28904 0
446 0 FBIS3-28991 0
446 0 FBIS3-298 0
446 0 FBIS3-3094 0
446 0 FBIS3-31672 0
446 0 FBIS3-31933 0
446 0 FBIS3-31934 0
446 0 FBIS3-31941 0
446 0 FBIS3-31942 0
446 0 FBIS3-31946 0
446 0 FBIS3-31950 0
446 0 FBIS3-31957 0
446 0 FBIS3-31971 0
446 0 FBIS3-31989 0
446 0 FBIS3-32044 0
446 0 FBIS3-32066 0
446 0 FBIS3-32076 0
446 0 FBIS3-32132 0
446 0 FBIS3-32285 0
446 0 FBIS3-32289 0
446 0 FBIS3-32373 0
446 0 FBIS3-32530 0
446 0 FBIS3-32625 0
446 0 FBIS3-32629 0
446 0 FBIS3-32684 0
446 0 FBIS3-32842 0
446 0 FBIS3-32848 0
446 0 FBIS3-32905 0
446 0 FBIS3-33028 0
446 0 FBIS3-33030 0
446 0 FBIS3-33081 0
446 0 FBIS3-33282 0
446 0 FBIS3-33337 0
446 0 FBIS3-33423 0
446 0 FBIS3-33424 0
446 0 FBIS3-33496 0
446 0 FBIS3-33498 0
446 0 FBIS3-33679 0
446 0 FBIS3-33809 1
446 0 FBIS3-33856 0
446 0 FBIS3-33937 0
446 0 FBIS3-34009 1
446 0 FBIS3-34011 1
446 0 FBIS3-34047 0
446 0 FBIS3-34097 0
446 0 FBIS3-34175 1
446 0 FBIS3-34176 1
446 0 FBIS3-34202 1
446 0 FBIS3-34360 0
446 0 FBIS3-34361 1
446 0 FBIS3-34456 0
446 0 FBIS3-34559 1
446 0 FBIS3-34620 0
446 0 FBIS3-34662 1
446 0 FBIS3-34823 1
446 0 FBIS3-34840 0
446 0 FBIS3-34862 1
446 0 FBIS3-34865 0
446 0 FBIS3-34974 1
446 0 FBIS3-34976 0
446 0 FBIS3-35170 0
446 0 FBIS3-35253 1
446 0 FBIS3-35345 1
446 0 FBIS3-36078 0
446 0 FBIS3-36974 0
446 0 FBIS3-36982 0
446 0 FBIS3-38166 0
446 0 FBIS3-38642 0
446 0 FBIS3-38925 0
446 0 FBIS3-39162 0
446 0 FBIS3-3921 0
446 0 FBIS3-39464 0
446 0 FBIS3-39693 0
446 0 FBIS3-40087 0
446 0 FBIS3-40328 0
446 0 FBIS3-40450 0
446 0 FBIS3-40497 0
446 0 FBIS3-40591 1
446 0 FBIS3-40706 0
446 0 FBIS3-40779 0
446 0 FBIS3-41552 0
446 0 FBIS3-41606 0
446 0 FBIS3-41666 0
446 0 FBIS3-41802 0
446 0 FBIS3-41805 0
446 0 FBIS3-41941 0
446 0 FBIS3-421 0
446 0 FBIS3-42179 0
446 0 FBIS3-42196 1
446 0 FBIS3-42197 1
446 0 FBIS3-42220 0
446 0 FBIS3-42278 1
446 0 FBIS3-42282 0
446 0 FBIS3-42284 0
446 0 FBIS3-4231 0
446 0 FBIS3-42393 0
446 0 FBIS3-42400 0
446 0 FBIS3-42405 0
446 0 FBIS3-42459 0
446 0 FBIS3-42726 0
446 0 FBIS3-43072 0
446 0 FBIS3-43074 0
446 0 FBIS3-43120 0
446 0 FBIS3-43160 0
446 0 FBIS3-43166 0
446 0 FBIS3-43174 0
446 0 FBIS3-43186 0
446 0 FBIS3-43214 0
446 0 FBIS3-43220 0
446 0 FBIS3-43283 0
446 0 FBIS3-43297 0
446 0 FBIS3-43349 1
446 0 FBIS3-43657 0
446 0 FBIS3-43746 0
446 0 FBIS3-43902 0
446 0 FBIS3-44100 0
446 0 FBIS3-44474 0
446 0 FBIS3-44768 0
446 0 FBIS3-44837 0
446 0 FBIS3-45180 0
446 0 FBIS3-45511 0
446 0 FBIS3-45919 0
446 0 FBIS3-45996 0
446 0 FBIS3-4606 0
446 0 FBIS3-46142 0
446 0 FBIS3-462 0
446 0 FBIS3-470 0
446 0 FBIS3-48546 0
446 0 FBIS3-49375 0
446 0 FBIS3-50468 0
446 0 FBIS3-50529 0
446 0 FBIS3-50785 0
446 0 FBIS3-50795 0
446 0 FBIS3-50809 0
446 0 FBIS3-51570 0
446 0 FBIS3-51822 0
446 0 FBIS3-51823 0
446 0 FBIS3-51865 0
446 0 FBIS3-51897 0
446 0 FBIS3-51991 0
446 0 FBIS3-51997 0
446 0 FBIS3-52082 0
446 0 FBIS3-52555 0
446 0 FBIS3-52686 0
446 0 FBIS3-52822 1
446 0 FBIS3-53119 0
446 0 FBIS3-53305 0
446 0 FBIS3-53443 0
446 0 FBIS3-53667 1
446 0 FBIS3-53812 1
446 0 FBIS3-53889 1
446 0 FBIS3-54026 1
446 0 FBIS3-54027 1
446 0 FBIS3-54116 1
446 0 FBIS3-54117 1
446 0 FBIS3-54461 0
446 0 FBIS3-55762 0
446 0 FBIS3-564 0
446 0 FBIS3-56482 0
446 0 FBIS3-57359 0
446 0 FBIS3-57527 0
446 0 FBIS3-59753 0
446 0 FBIS3-59837 0
446 0 FBIS3-60336 0
446 0 FBIS3-60735 0
446 0 FBIS3-60770 0
446 0 FBIS3-60783 0
446 0 FBIS3-60804 1
446 0 FBIS3-60807 1
446 0 FBIS3-60941 1
446 0 FBIS3-61015 0
446 0 FBIS3-61357 0
446 0 FBIS3-61575 0
446 0 FBIS3-6394 0
446 0 FBIS3-642 0
446 0 FBIS3-645 0
446 0 FBIS3-6458 0
446 0 FBIS3-6482 0
446 0 FBIS3-6938 0
446 0 FBIS3-7107 0
446 0 FBIS3-7135 0
446 0 FBIS3-7258 0
446 0 FBIS3-7272 0
446 0 FBIS3-7517 0
446 0 FBIS3-8 1
446 0 FBIS3-847 0
446 0 FBIS3-9911 0
446 0 FBIS3-9926 0
446 0 FBIS4-10001 0
446 0 FBIS4-10225 0
446 0 FBIS4-1025 0
446 0 FBIS4-10267 1
446 0 FBIS4-10429 0
446 0 FBIS4-10445 0
446 0 FBIS4-10537 0
446 0 FBIS4-10623 0
446 0 FBIS4-10670 0
446 0 FBIS4-10731 0
446 0 FBIS4-10814 0
446 0 FBIS4-10915 1
446 0 FBIS4-11021 0
446 0 FBIS4-11201 0
446 0 FBIS4-1141 0
446 0 FBIS4-11452 1
446 0 FBIS4-11643 0
446 0 FBIS4-11662 0
446 0 FBIS4-11719 0
446 0 FBIS4-11827 0
446 0 FBIS4-11828 1
446 0 FBIS4-12362 0
446 0 FBIS4-12442 0
446 0 FBIS4-12501 0
446 0 FBIS4-12561 0
446 0 FBIS4-12634 1
446 0 FBIS4-12656 0
446 0 FBIS4-12797 1
446 0 FBIS4-12854 0
446 0 FBIS4-12913 0
446 0 FBIS4-13109 0
446 0 FBIS4-13125 0
446 0 FBIS4-13535 0
446 0 FBIS4-13805 0
446 0 FBIS4-13875 0
446 0 FBIS4-13877 0
446 0 FBIS4-14022 0
446 0 FBIS4-14362 0
446 0 FBIS4-1549 0
446 0 FBIS4-15987 0
446 0 FBIS4-1628 0
446 0 FBIS4-16406 0
446 0 FBIS4-1659 0
446 0 FBIS4-166 0
446 0 FBIS4-16951 0
446 0 FBIS4-16954 0
446 0 FBIS4-17 0
446 0 FBIS4-17519 0
446 0 FBIS4-17886 0
446 0 FBIS4-17952 0
446 0 FBIS4-181 0
446 0 FBIS4-18133 0
446 0 FBIS4-18317 0
446 0 FBIS4-1835 0
446 0 FBIS4-18357 0
446 0 FBIS4-1842 0
446 0 FBIS4-18507 0
446 0 FBIS4-18523 0
446 0 FBIS4-1860 0
446 0 FBIS4-19238 0
446 0 FBIS4-19385 0
446 0 FBIS4-19527 0
446 0 FBIS4-19724 0
446 0 FBIS4-20472 0
446 0 FBIS4-2049 0
446 0 FBIS4-20504 0
446 0 FBIS4-2053 0
446 0 FBIS4-2055 0
446 0 FBIS4-20723 0
446 0 FBIS4-20758 0
446 0 FBIS4-20767 0
446 0 FBIS4-20772 0
446 0 FBIS4-21049 0
446 0 FBIS4-2115 0
446 0 FBIS4-2118 0
446 0 FBIS4-21228 0
446 0 FBIS4-21716 0
446 0 FBIS4-21767 0
446 0 FBIS4-21808 0
446 0 FBIS4-21821 1
446 0 FBIS4-21831 1
446 0 FBIS4-21835 0
446 0 FBIS4-21836 0
446 0 FBIS4-21958 1
446 0 FBIS4-21984 0
446 0 FBIS4-21989 0
446 0 FBIS4-22011 0
446 0 FBIS4-22026 0
446 0 FBIS4-22057 0
446 0 FBIS4-22152 0
446 0 FBIS4-2221 0
446 0 FBIS4-22223 0
446 0 FBIS4-22544 0
446 0 FBIS4-22629 0
446 0 FBIS4-22773 0
446 0 FBIS4-229 0
446 0 FBIS4-2293 0
446 0 FBIS4-2294 0
446 0 FBIS4-23084 0
446 0 FBIS4-23114 0
446 0 FBIS4-23356 0
446 0 FBIS4-2356 0
446 0 FBIS4-2385 0
446 0 FBIS4-23874 0
446 0 FBIS4-24 0
446 0 FBIS4-2418 0
446 0 FBIS4-2421 0
446 0 FBIS4-24705 0
446 0 FBIS4-24813 1
446 0 FBIS4-24891 0
446 0 FBIS4-25004 0
446 0 FBIS4-25032 0
446 0 FBIS4-25046 0
446 0 FBIS4-25071 0
446 0 FBIS4-25602 0
446 0 FBIS4-25623 0
446 0 FBIS4-25624 0
446 0 FBIS4-25627 0
446 0 FBIS4-25628 0
446 0 FBIS4-25656 0
446 0 FBIS4-26151 0
446 0 FBIS4-26335 0
446 0 FBIS4-26416 0
446 0 FBIS4-26438 0
446 0 FBIS4-26610 0
446 0 FBIS4-26676 0
446 0 FBIS4-26677 0
446 0 FBIS4-26830 0
446 0 FBIS4-27085 0
446 0 FBIS4-2771 0
446 0 FBIS4-2833 0
446 0 FBIS4-2834 0
446 0 FBIS4-2835 0
446 0 FBIS4-2836 0
446 0 FBIS4-28712 0
446 0 FBIS4-28846 0
446 0 FBIS4-29 0
446 0 FBIS4-29776 0
446 0 FBIS4-2978 0
446 0 FBIS4-2990 0
446 0 FBIS4-3034 0
446 0 FBIS4-3079 0
446 0 FBIS4-3139 0
446 0 FBIS4-3165 0
446 0 FBIS4-31932 0
446 0 FBIS4-32114 0
446 0 FBIS4-32795 0
446 0 FBIS4-33678 0
446 0 FBIS4-3372 0
446 0 FBIS4-33773 0
446 0 FBIS4-33803 0
446 0 FBIS4-33967 0
446 0 FBIS4-33979 0
446 0 FBIS4-34228 0
446 0 FBIS4-34260 0
446 0 FBIS4-34410 0
446 0 FBIS4-34411 0
446 0 FBIS4-34508 0
446 0 FBIS4-34525 0
446 0 FBIS4-34663 0
446 0 FBIS4-34791 0
446 0 FBIS4-3490 0
446 0 FBIS4-3524 0
446 0 FBIS4-3527 0
446 0 FBIS4-35429 0
446 0 FBIS4-35430 0
446 0 FBIS4-35432 0
446 0 FBIS4-36300 0
446 0 FBIS4-36569 0
446 0 FBIS4-36608 0
446 0 FBIS4-36682 0
446 0 FBIS4-36868 0
446 0 FBIS4-37092 0
446 0 FBIS4-37121 0
446 0 FBIS4-3760 0
446 0 FBIS4-37902 0
446 0 FBIS4-38177 0
446 0 FBIS4-3824 0
446 0 FBIS4-3825 0
446 0 FBIS4-38315 0
446 0 FBIS4-40370 0
446 0 FBIS4-4094 0
446 0 FBIS4-42 0
446 0 FBIS4-42321 0
446 0 FBIS4-42347 0
446 0 FBIS4-42572 0
446 0 FBIS4-42587 0
446 0 FBIS4-4273 0
446 0 FBIS4-43039 0
446 0 FBIS4-43233 0
446 0 FBIS4-43756 1
446 0 FBIS4-43895 0
446 0 FBIS4-44273 0
446 0 FBIS4-44291 1
446 0 FBIS4-44351 0
446 0 FBIS4-44912 0
446 0 FBIS4-44913 0
446 0 FBIS4-44950 1
446 0 FBIS4-45015 0
446 0 FBIS4-45053 0
446 0 FBIS4-45064 0
446 0 FBIS4-45540 0
446 0 FBIS4-45907 0
446 0 FBIS4-46231 0
446 0 FBIS4-46249 0
446 0 FBIS4-46313 0
446 0 FBIS4-46394 0
446 0 FBIS4-46395 0
446 0 FBIS4-46469 0
446 0 FBIS4-46775 0
446 0 FBIS4-46784 0
446 0 FBIS4-46817 0
446 0 FBIS4-47120 0
446 0 FBIS4-47143 0
446 0 FBIS4-47580 0
446 0 FBIS4-47609 0
446 0 FBIS4-47629 0
446 0 FBIS4-48227 0
446 0 FBIS4-48339 0
446 0 FBIS4-48397 0
446 0 FBIS4-48415 0
446 0 FBIS4-48438 0
446 0 FBIS4-48626 0
446 0 FBIS4-48966 0
446 0 FBIS4-48968 0
446 0 FBIS4-49021 0
446 0 FBIS4-49095 0
446 0 FBIS4-49193 0
446 0 FBIS4-49197 0
446 0 FBIS4-49226 0
446 0 FBIS4-49310 0
446 0 FBIS4-49369 0
446 0 FBIS4-49619 0
446 0 FBIS4-49620 0
446 0 FBIS4-49731 0
446 0 FBIS4-49734 0
446 0 FBIS4-49735 0
446 0 FBIS4-50083 0
446 0 FBIS4-50145 0
446 0 FBIS4-50214 0
446 0 FBIS4-50482 0
446 0 FBIS4-50487 0
446 0 FBIS4-50489 0
446 0 FBIS4-50610 0
446 0 FBIS4-50712 0
446 0 FBIS4-50724 0
446 0 FBIS4-50806 0
446 0 FBIS4-50807 0
446 0 FBIS4-50901 0
446 0 FBIS4-50914 0
446 0 FBIS4-51074 0
446 0 FBIS4-511 0
446 0 FBIS4-51419 0
446 0 FBIS4-51630 0
446 0 FBIS4-52037 0
446 0 FBIS4-52041 0
446 0 FBIS4-52042 0
446 0 FBIS4-52043 0
446 0 FBIS4-52460 0
446 0 FBIS4-52754 0
446 0 FBIS4-52935 0
446 0 FBIS4-53137 0
446 0 FBIS4-53594 0
446 0 FBIS4-54227 0
446 0 FBIS4-54552 0
446 0 FBIS4-54621 0
446 0 FBIS4-54623 0
446 0 FBIS4-54624 0
446 0 FBIS4-5466 0
446 0 FBIS4-55325 0
446 0 FBIS4-55791 0
446 0 FBIS4-56083 0
446 0 FBIS4-56096 0
446 0 FBIS4-56199 0
446 0 FBIS4-56233 0
446 0 FBIS4-56303 0
446 0 FBIS4-56381 0
446 0 FBIS4-56383 0
446 0 FBIS4-56384 0
446 0 FBIS4-56386 0
446 0 FBIS4-56389 0
446 0 FBIS4-56676 0
446 0 FBIS4-56910 0
446 0 FBIS4-56953 0
446 0 FBIS4-56982 0
446 0 FBIS4-57237 0
446 0 FBIS4-57318 0
446 0 FBIS4-57324 0
446 0 FBIS4-57433 0
446 0 FBIS4-57568 0
446 0 FBIS4-57615 0
446 0 FBIS4-57772 0
446 0 FBIS4-57809 0
446 0 FBIS4-57811 0
446 0 FBIS4-57839 0
446 0 FBIS4-57910 0
446 0 FBIS4-57911 0
446 0 FBIS4-57923 0
446 0 FBIS4-58121 0
446 0 FBIS4-58287 0
446 0 FBIS4-5864 0
446 0 FBIS4-58942 0
446 0 FBIS4-59106 0
446 0 FBIS4-5919 0
446 0 FBIS4-59237 0
446 0 FBIS4-59496 0
446 0 FBIS4-59713 0
446 0 FBIS4-59763 0
446 0 FBIS4-59820 0
446 0 FBIS4-60096 0
446 0 FBIS4-60097 0
446 0 FBIS4-6026 0
446 0 FBIS4-60404 0
446 0 FBIS4-60405 0
446 0 FBIS4-6046 0
446 0 FBIS4-60520 0
446 0 FBIS4-60695 0
446 0 FBIS4-60753 0
446 0 FBIS4-61211 0
446 0 FBIS4-6179 0
446 0 FBIS4-62477 0
446 0 FBIS4-62669 0
446 0 FBIS4-633 0
446 0 FBIS4-64063 0
446 0 FBIS4-65022 0
446 0 FBIS4-65030 0
446 0 FBIS4-65342 0
446 0 FBIS4-65394 0
446 0 FBIS4-65615 0
446 0 FBIS4-65773 0
446 0 FBIS4-65969 1
446 0 FBIS4-66055 0
446 0 FBIS4-66228 0
446 0 FBIS4-66231 0
446 0 FBIS4-66382 0
446 0 FBIS4-66626 0
446 0 FBIS4-66767 0
446 0 FBIS4-66770 0
446 0 FBIS4-67231 0
446 0 FBIS4-6735 0
446 0 FBIS4-67402 1
446 0 FBIS4-67409 0
446 0 FBIS4-67533 0
446 0 FBIS4-67604 0
446 0 FBIS4-6770 0
446 0 FBIS4-67985 0
446 0 FBIS4-68079 0
446 0 FBIS4-68187 0
446 0 FBIS4-68203 0
446 0 FBIS4-68534 0
446 0 FBIS4-68720 0
446 0 FBIS4-68743 0
446 0 FBIS4-68760 0
446 0 FBIS4-68782 0
446 0 FBIS4-68785 0
446 0 FBIS4-68881 0
446 0 FBIS4-68893 0
446 0 FBIS4-735 0
446 0 FBIS4-742 0
446 0 FBIS4-788 0
446 0 FBIS4-796 0
446 0 FBIS4-834 0
446 0 FBIS4-8433 0
446 0 FBIS4-89 0
446 0 FBIS4-914 0
446 0 FBIS4-9172 0
446 0 FBIS4-934 0
446 0 FBIS4-939 0
446 0 FBIS4-9507 0
446 0 FBIS4-9676 1
446 0 FBIS4-9681 0
446 0 FBIS4-9827 0
446 0 FBIS4-9828 0
446 0 FBIS4-9829 0
446 0 FBIS4-9832 0
446 0 FBIS4-9835 1
446 0 FBIS4-9838 0
446 0 FBIS4-9875 0
446 0 FR940104-1-00050 0
446 0 FR940105-2-00106 0
446 0 FR940105-2-00109 0
446 0 FR940105-2-00114 0
446 0 FR940111-0-00019 0
446 0 FR940111-0-00023 0
446 0 FR940111-0-00090 0
446 0 FR940111-0-00091 0
446 0 FR940111-0-00093 0
446 0 FR940111-1-00036 0
446 0 FR940111-2-00054 0
446 0 FR940111-2-00056 0
446 0 FR940114-2-00070 0
446 0 FR940118-1-00026 0
446 0 FR940119-1-00045 0
446 0 FR940127-2-00018 0
446 0 FR940128-1-00072 0
446 0 FR940128-2-00214 0
446 0 FR940202-2-00151 0
446 0 FR940207-0-00014 0
446 0 FR940207-1-00018 0
446 0 FR940207-2-00083 0
446 0 FR940216-0-00130 0
446 0 FR940216-0-00241 0
446 0 FR940216-1-00017 0
446 0 FR940217-1-00037 0
446 0 FR940217-1-00116 0
446 0 FR940223-1-00050 0
446 0 FR940223-2-00043 0
446 0 FR940228-0-00046 0
446 0 FR940228-0-00062 0
446 0 FR940228-2-00077 0
446 0 FR940302-2-00061 0
446 0 FR940303-2-00091 0
446 0 FR940317-1-00060 0
446 0 FR940317-1-00064 0
446 0 FR940317-1-00080 0
446 0 FR940317-1-00092 0
446 0 FR940317-1-00109 0
446 0 FR940317-1-00120 0
446 0 FR940317-1-00121 0
446 0 FR940318-2-00079 0
446 0 FR940318-2-00090 0
446 0 FR940323-1-00066 0
446 0 FR940324-2-00020 0
446 0 FR940324-2-00084 0
446 0 FR940404-2-00126 0
446 0 FR940405-1-00128 0
446 0 FR940406-0-00190 0
446 0 FR940412-2-00119 0
446 0 FR940412-2-00124 0
446 0 FR940413-0-00040 0
446 0 FR940413-2-00079 0
446 0 FR940413-2-00130 0
446 0 FR940419-1-00031 0
446 0 FR940426-1-00044 0
446 0 FR940429-0-00127 0
446 0 FR940429-0-00133 0
446 0 FR940429-0-00269 0
446 0 FR940429-0-00274 0
446 0 FR940503-1-00028 0
446 0 FR940503-1-00030 0
446 0 FR940503-1-00041 0
446 0 FR940503-1-00044 0
446 0 FR940511-0-00073 0
446 0 FR940511-0-00075 0
446 0 FR940512-1-00012 0
446 0 FR940513-2-00079 0
446 0 FR940516-2-00063 0
446 0 FR940516-2-00064 0
446 0 FR940516-2-00150 0
446 0 FR940524-2-00003 0
446 0 FR940524-2-00052 0
446 0 FR940525-2-00085 0
446 0 FR940525-2-00087 0
446 0 FR940525-2-00089 0
446 0 FR940525-2-00215 0
446 0 FR940603-1-00004 0
446 0 FR940603-1-00082 0
446 0 FR940603-1-00093 0
446 0 FR940603-1-00124 0
446 0 FR940603-1-00144 0
446 0 FR940603-1-00182 0
446 0 FR940603-1-00209 0
446 0 FR940603-1-00210 0
446 0 FR940613-1-00056 0
446 0 FR940617-0-00234 0
446 0 FR940617-0-00243 0
446 0 FR940617-2-00165 0
446 0 FR940617-2-00223 0
446 0 FR940620-0-00108 0
446 0 FR940621-0-00031 0
446 0 FR940621-1-00009 0
446 0 FR940621-2-00108 0
446 0 FR940622-0-00024 0
446 0 FR940622-0-00031 0
446 0 FR940622-0-00046 0
446 0 FR940622-0-00053 0
446 0 FR940622-0-00054 0
446 0 FR940622-0-00057 0
446 0 FR940622-0-00058 0
446 0 FR940622-0-00077 0
446 0 FR940622-1-00025 0
446 0 FR940622-2-00075 0
446 0 FR940627-0-00184 0
446 0 FR940627-2-00067 0
446 0 FR940628-0-00070 0
446 0 FR940706-2-00046 0
446 0 FR940706-2-00126 0
446 0 FR940711-2-00096 0
446 0 FR940713-1-00029 0
446 0 FR940719-1-00022 0
446 0 FR940719-1-00056 0
446 0 FR940720-1-00013 0
446 0 FR940720-1-00015 0
446 0 FR940722-0-00050 0
446 0 FR940722-1-00028 0
446 0 FR940722-2-00129 0
446 0 FR940725-0-00169 0
446 0 FR940727-0-00064 0
446 0 FR940728-1-00021 0
446 0 FR940802-2-00106 0
446 0 FR940802-2-00115 0
446 0 FR940802-2-00130 0
446 0 FR940803-2-00061 0
446 0 FR940805-1-00159 0
446 0 FR940805-1-00160 0
446 0 FR940805-1-00172 0
446 0 FR940805-2-00140 0
446 0 FR940805-2-00145 0
446 0 FR940810-0-00186 0
446 0 FR940810-1-00066 0
446 0 FR940812-2-00229 0
446 0 FR940816-0-00010 0
446 0 FR940819-1-00049 0
446 0 FR940819-1-00050 0
446 0 FR940819-1-00058 0
446 0 FR940822-0-00067 0
446 0 FR940822-0-00077 0
446 0 FR940822-2-00109 0
446 0 FR940822-2-00144 0
446 0 FR940825-1-00028 0
446 0 FR940825-2-00027 0
446 0 FR940826-0-00115 0
446 0 FR940826-0-00118 0
446 0 FR940830-0-00132 0
446 0 FR940831-2-00107 0
446 0 FR940913-0-00051 0
446 0 FR940916-1-00093 0
446 0 FR940916-1-00137 0
446 0 FR940919-2-00041 0
446 0 FR940920-1-00116 0
446 0 FR940920-2-00078 0
446 0 FR940922-2-00124 0
446 0 FR940922-2-00126 0
446 0 FR940926-2-00087 0
446 0 FR940927-0-00111 0
446 0 FR940930-0-00048 0
446 0 FR940930-0-00210 0
446 0 FR940930-0-00239 0
446 0 FR940930-1-00071 0
446 0 FR940930-1-00072 0
446 0 FR941004-1-00103 0
446 0 FR941004-2-00114 0
446 0 FR941006-1-00106 0
446 0 FR941006-1-00109 0
446 0 FR941006-1-00110 0
446 0 FR941006-1-00111 0
446 0 FR941006-1-00113 0
446 0 FR941006-1-00115 0
446 0 FR941006-1-00117 0
446 0 FR941006-1-00119 0
446 0 FR941006-1-00125 0
446 0 FR941006-1-00132 0
446 0 FR941006-1-00133 0
446 0 FR941006-1-00135 0
446 0 FR941006-1-00137 0
446 0 FR941006-1-00141 0
446 0 FR941007-2-00070 0
446 0 FR941012-0-00161 0
446 0 FR941012-2-00106 0
446 0 FR941013-1-00014 0
446 0 FR941013-1-00016 0
446 0 FR941019-0-00079 0
446 0 FR941019-2-00006 0
446 0 FR941021-0-00072 0
446 0 FR941026-0-00054 0
446 0 FR941026-0-00063 0
446 0 FR941026-0-00064 0
446 0 FR941026-0-00066 0
446 0 FR941028-0-00035 0
446 0 FR941028-0-00036 0
446 0 FR941028-0-00040 0
446 0 FR941028-0-00041 0
446 0 FR941028-0-00072 0
446 0 FR941028-0-00084 0
446 0 FR941028-2-00173 0
446 0 FR941102-0-00041 0
446 0 FR941102-1-00119 0
446 0 FR941107-0-00034 0
446 0 FR941107-1-00020 0
446 0 FR941107-2-00215 0
446 0 FR941110-0-00038 0
446 0 FR941110-0-00062 0
446 0 FR941110-0-00100 0
446 0 FR941110-0-00103 0
446 0 FR941110-0-00225 0
446 0 FR941110-0-00231 0
446 0 FR941110-1-00022 0
446 0 FR941110-2-00111 0
446 0 FR941117-1-00036 0
446 0 FR941117-2-00158 0
446 0 FR941121-0-00026 0
446 0 FR941128-0-00037 0
446 0 FR941128-2-00187 0
446 0 FR941130-0-00122 0
446 0 FR941130-0-00123 0
446 0 FR941130-0-00134 0
446 0 FR941202-0-00006 0
446 0 FR941202-0-00015 0
446 0 FR941202-0-00061 0
446 0 FR941202-0-00110 0
446 0 FR941202-0-00113 0
446 0 FR941202-0-00114 0
446 0 FR941206-1-00140 0
446 0 FR941206-2-00073 0
446 0 FR941207-0-00035 0
446 0 FR941207-2-00068 0
446 0 FR941212-0-00084 0
446 0 FR941212-0-00087 0
446 0 FR941212-0-00096 0
446 0 FR941212-0-00105 0
446 0 FR941212-0-00116 0
446 0 FR941212-0-00124 0
446 0 FR941212-0-00135 0
446 0 FR941213-0-00084 0
446 0 FR941216-2-00075 0
446 0 FR941221-2-00021 0
446 0 FR941222-0-00077 0
446 0 FR941230-2-00124 0
446 0 FR941230-2-00128 0
446 0 FR941230-2-00135 0
446 0 FR941230-2-00141 0
446 0 FT911-11 0
446 0 FT911-1104 0
446 0 FT911-1249 0
446 0 FT911-1450 0
446 0 FT911-1805 0
446 0 FT911-2050 0
446 0 FT911-2441 0
446 0 FT911-2446 0
446 0 FT911-3272 0
446 0 FT911-3543 0
446 0 FT911-4357 0
446 0 FT911-4513 0
446 0 FT911-474 0
446 0 FT911-4886 0
446 0 FT911-556 0
446 0 FT911-663 0
446 0 FT921-11138 0
446 0 FT921-12057 0
446 0 FT921-13457 0
446 0 FT921-13642 0
446 0 FT921-14202 0
446 0 FT921-1436 0
446 0 FT921-14570 0
446 0 FT921-15022 0
446 0 FT921-15886 0
446 0 FT921-15976 0
446 0 FT921-16085 0
446 0 FT921-16131 0
446 0 FT921-16190 0
446 0 FT921-1805 0
446 0 FT921-209 0
446 0 FT921-3279 0
446 0 FT921-512 0
446 0 FT921-5129 0
446 0 FT921-5151 0
446 0 FT921-6226 1
446 0 FT921-6390 0
446 0 FT921-6395 0
446 0 FT921-6602 0
446 0 FT921-6633 0
446 0 FT921-6648 0
446 0 FT921-7159 0
446 0 FT921-7380 0
446 0 FT921-7806 0
446 0 FT921-9629 0
446 0 FT922-102 0
446 0 FT922-10312 0
446 0 FT922-10913 0
446 0 FT922-11746 0
446 0 FT922-12424 0
446 0 FT922-12716 1
446 0 FT922-12815 0
446 0 FT922-129 0
446 0 FT922-13358 0
446 0 FT922-1355 0
446 0 FT922-14539 0
446 0 FT922-1912 0
446 0 FT922-2397 0
446 0 FT922-2471 0
446 0 FT922-2564 0
446 0 FT922-2908 0
446 0 FT922-3436 0
446 0 FT922-3739 0
446 0 FT922-5041 0
446 0 FT922-5273 0
446 0 FT922-5614 0
446 0 FT922-5625 0
446 0 FT922-5632 0
446 0 FT922-6087 0
446 0 FT922-6198 0
446 0 FT922-6485 0
446 0 FT922-6665 0
446 0 FT922-7049 0
446 0 FT922-745 0
446 0 FT922-769 0
446 0 FT922-7694 0
446 0 FT922-7914 0
446 0 FT922-8067 0
446 0 FT922-9465 0
446 0 FT922-9500 0
446 0 FT922-9849 0
446 0 FT923-10565 0
446 0 FT923-10669 0
446 0 FT923-11076 0
446 0 FT923-12781 0
446 0 FT923-13102 0
446 0 FT923-13351 0
446 0 FT923-13752 0
446 0 FT923-1395 0
446 0 FT923-14005 0
446 0 FT923-14568 0
446 0 FT923-14708 0
446 0 FT923-15148 0
446 0 FT923-15373 0
446 0 FT923-2173 0
446 0 FT923-2894 0
446 0 FT923-3223 0
446 0 FT923-3642 0
446 0 FT923-4481 0
446 0 FT923-4963 0
446 0 FT923-5711 0
446 0 FT923-5743 0
446 0 FT923-6051 0
446 0 FT923-6217 0
446 0 FT923-6362 0
446 0 FT923-6467 0
446 0 FT923-6468 0
446 0 FT923-6707 0
446 0 FT923-6931 0
446 0 FT923-7572 1
446 0 FT923-7792 0
446 0 FT923-8408 0
446 0 FT923-8617 0
446 0 FT923-9330 0
446 0 FT923-9340 0
446 0 FT923-9396 0
446 0 FT924-10998 0
446 0 FT924-11366 0
446 0 FT924-11495 0
446 0 FT924-11501 1
446 0 FT924-11953 0
446 0 FT924-12035 1
446 0 FT924-14658 0
446 0 FT924-1615 0
446 0 FT924-1882 0
446 0 FT924-2281 0
446 0 FT924-2554 0
446 0 FT924-2773 0
446 0 FT924-2938 0
446 0 FT924-3206 0
446 0 FT924-3610 0
446 0 FT924-3910 0
446 0 FT924-4075 0
446 0 FT924-4326 1
446 0 FT924-4369 0
446 0 FT924-5304 0
446 0 FT924-6088 0
446 0 FT924-6248 0
446 0 FT924-6695 0
446 0 FT924-6707 0
446 0 FT924-7751 0
446 0 FT924-8185 0
446 0 FT924-8279 0
446 0 FT924-8473 0
446 0 FT924-8909 0
446 0 FT924-8967 0
446 0 FT924-9467 0
446 0 FT924-9630 0
446 0 FT924-9868 0
446 0 FT931-10137 0
446 0 FT931-10304 0
446 0 FT931-10308 1
446 0 FT931-10359 0
446 0 FT931-10525 0
446 0 FT931-11449 0
446 0 FT931-11647 0
446 0 FT931-11990 0
446 0 FT931-12084 0
446 0 FT931-12443 0
446 0 FT931-14421 0
446 0 FT931-14781 0
446 0 FT931-14829 0
446 0 FT931-16664 0
446 0 FT931-17104 0
446 0 FT931-1869 0
446 0 FT931-2807 0
446 0 FT931-3076 0
446 0 FT931-332 0
446 0 FT931-3764 0
446 0 FT931-3773 0
446 0 FT931-3819 0
446 0 FT931-3947 0
446 0 FT931-431 0
446 0 FT931-4790 0
446 0 FT931-5366 1
446 0 FT931-6550 0
446 0 FT931-6689 0
446 0 FT931-8960 0
446 0 FT931-916 0
446 0 FT931-9190 1
446 0 FT932-10317 0
446 0 FT932-10850 0
446 0 FT932-1122 0
446 0 FT932-11353 0
446 0 FT932-11576 0
446 0 FT932-11615 0
446 0 FT932-12116 0
446 0 FT932-12736 0
446 0 FT932-13484 0
446 0 FT932-13541 0
446 0 FT932-13557 0
446 0 FT932-1388 0
446 0 FT932-143 0
446 0 FT932-14509 0
446 0 FT932-14530 0
446 0 FT932-14871 0
446 0 FT932-14950 0
446 0 FT932-15615 0
446 0 FT932-16245 0
446 0 FT932-16486 0
446 0 FT932-16759 0
446 0 FT932-171 0
446 0 FT932-233 0
446 0 FT932-2644 0
446 0 FT932-3634 0
446 0 FT932-3806 0
446 0 FT932-3874 0
446 0 FT932-4098 1
446 0 FT932-5587 0
446 0 FT932-5618 0
446 0 FT932-5668 0
446 0 FT932-5695 0
446 0 FT932-6493 1
446 0 FT932-6544 0
446 0 FT932-679 1
446 0 FT932-697 0
446 0 FT932-7308 0
446 0 FT932-7669 0
446 0 FT932-8017 0
446 0 FT932-8189 0
446 0 FT932-8960 0
446 0 FT932-9644 0
446 0 FT933-10055 0
446 0 FT933-1042 0
446 0 FT933-1060 0
446 0 FT933-11269 0
446 0 FT933-1155 0
446 0 FT933-11849 1
446 0 FT933-12232 1
446 0 FT933-12288 0
446 0 FT933-12452 0
446 0 FT933-14223 0
446 0 FT933-14547 0
446 0 FT933-14609 1
446 0 FT933-15575 0
446 0 FT933-15584 0
446 0 FT933-15870 0
446 0 FT933-15936 0
446 0 FT933-16297 0
446 0 FT933-2327 0
446 0 FT933-248 0
446 0 FT933-2521 1
446 0 FT933-2713 0
446 0 FT933-2727 0
446 0 FT933-2808 1
446 0 FT933-2919 1
446 0 FT933-3 0
446 0 FT933-3290 1
446 0 FT933-3295 0
446 0 FT933-3508 0
446 0 FT933-3540 0
446 0 FT933-40 0
446 0 FT933-425 0
446 0 FT933-4419 0
446 0 FT933-4446 1
446 0 FT933-4615 0
446 0 FT933-4704 0
446 0 FT933-4830 0
446 0 FT933-5027 0
446 0 FT933-566 0
446 0 FT933-5755 0
446 0 FT933-6051 0
446 0 FT933-6147 0
446 0 FT933-6991 0
446 0 FT933-6996 0
446 0 FT933-7362 0
446 0 FT933-7605 0
446 0 FT933-7888 0
446 0 FT933-7901 1
446 0 FT933-7931 0
446 0 FT933-8138 0
446 0 FT933-8349 0
446 0 FT933-8463 0
446 0 FT933-951 0
446 0 FT933-9684 0
446 0 FT933-9816 0
446 0 FT934-10276 0
446 0 FT934-10277 0
446 0 FT934-10679 0
446 0 FT934-10802 0
446 0 FT934-11235 0
446 0 FT934-11299 0
446 0 FT934-11423 0
446 0 FT934-11537 0
446 0 FT934-11565 0
446 0 FT934-11785 0
446 0 FT934-11791 1
446 0 FT934-11893 0
446 0 FT934-12377 0
446 0 FT934-12716 0
446 0 FT934-12959 0
446 0 FT934-13100 1
446 0 FT934-1345 0
446 0 FT934-13489 0
446 0 FT934-13861 0
446 0 FT934-14975 0
446 0 FT934-15025 0
446 0 FT934-15242 0
446 0 FT934-1931 0
446 0 FT934-2027 0
446 0 FT934-3479 0
446 0 FT934-354 0
446 0 FT934-355 1
446 0 FT934-367 1
446 0 FT934-3699 0
446 0 FT934-3779 0
446 0 FT934-3970 1
446 0 FT934-3978 0
446 0 FT934-4051 0
446 0 FT934-4173 0
446 0 FT934-4579 0
446 0 FT934-4870 0
446 0 FT934-5233 0
446 0 FT934-532 0
446 0 FT934-5486 0
446 0 FT934-5487 0
446 0 FT934-5958 0
446 0 FT934-6150 0
446 0 FT934-6252 0
446 0 FT934-6497 0
446 0 FT934-7591 1
446 0 FT934-7733 0
446 0 FT934-7953 0
446 0 FT934-8724 0
446 0 FT934-8879 0
446 0 FT934-9441 0
446 0 FT941-10271 0
446 0 FT941-1032 0
446 0 FT941-10368 0
446 0 FT941-10599 0
446 0 FT941-11012 0
446 0 FT941-11013 1
446 0 FT941-11242 0
446 0 FT941-11743 0
446 0 FT941-12454 0
446 0 FT941-12565 0
446 0 FT941-12599 0
446 0 FT941-13897 0
446 0 FT941-15586 0
446 0 FT941-15617 0
446 0 FT941-15629 0
446 0 FT941-15741 0
446 0 FT941-16080 0
446 0 FT941-1674 0
446 0 FT941-17422 0
446 0 FT941-2310 0
446 0 FT941-2313 0
446 0 FT941-2572 0
446 0 FT941-3774 0
446 0 FT941-3863 0
446 0 FT941-3957 0
446 0 FT941-4019 0
446 0 FT941-4211 0
446 0 FT941-4773 0
446 0 FT941-5704 0
446 0 FT941-5831 0
446 0 FT941-5930 0
446 0 FT941-6452 0
446 0 FT941-6767 0
446 0 FT941-8047 1
446 0 FT941-8565 0
446 0 FT941-9420 0
446 0 FT941-9495 0
446 0 FT942-10233 0
446 0 FT942-10654 0
446 0 FT942-10668 0
446 0 FT942-10905 0
446 0 FT942-11373 0
446 0 FT942-1249 0
446 0 FT942-12561 0
446 0 FT942-13788 0
446 0 FT942-13796 0
446 0 FT942-15004 0
446 0 FT942-15506 0
446 0 FT942-15723 0
446 0 FT942-1575 0
446 0 FT942-15936 0
446 0 FT942-15963 1
446 0 FT942-16018 0
446 0 FT942-16044 0
446 0 FT942-16238 0
446 0 FT942-16266 1
446 0 FT942-16463 0
446 0 FT942-16992 0
446 0 FT942-1963 0
446 0 FT942-1993 0
446 0 FT942-1994 0
446 0 FT942-2908 0
446 0 FT942-3713 0
446 0 FT942-3936 0
446 0 FT942-5347 0
446 0 FT942-5993 0
446 0 FT942-7353 0
446 0 FT942-7837 0
446 0 FT942-9952 0
446 0 FT943-11195 1
446 0 FT943-11775 0
446 0 FT943-11849 0
446 0 FT943-11956 0
446 0 FT943-12284 0
446 0 FT943-12946 0
446 0 FT943-14846 0
446 0 FT943-15432 0
446 0 FT943-15458 0
446 0 FT943-15898 0
446 0 FT943-2141 0
446 0 FT943-2458 0
446 0 FT943-2542 0
446 0 FT943-2671 0
446 0 FT943-3205 0
446 0 FT943-3500 0
446 0 FT943-3705 0
446 0 FT943-5416 0
446 0 FT943-5536 0
446 0 FT943-568 1
446 0 FT943-6420 0
446 0 FT943-8463 0
446 0 FT943-8500 0
446 0 FT943-8751 0
446 0 FT943-8757 0
446 0 FT943-9096 0
446 0 FT943-9495 0
446 0 FT943-9500 0
446 0 FT943-9553 0
446 0 FT944-1011 0
446 0 FT944-10294 0
446 0 FT944-10295 0
446 0 FT944-10637 0
446 0 FT944-10934 0
446 0 FT944-11154 0
446 0 FT944-11890 0
446 0 FT944-12107 0
446 0 FT944-12108 0
446 0 FT944-13407 0
446 0 FT944-15409 0
446 0 FT944-15804 0
446 0 FT944-1592 0
446 0 FT944-16024 0
446 0 FT944-1609 0
446 0 FT944-166 0
446 0 FT944-17954 0
446 0 FT944-18148 0
446 0 FT944-18764 0
446 0 FT944-18914 0
446 0 FT944-2266 0
446 0 FT944-2707 0
446 0 FT944-3048 0
446 0 FT944-3106 0
446 0 FT944-3298 0
446 0 FT944-3895 0
446 0 FT944-4346 0
446 0 FT944-538 0
446 0 FT944-548 0
446 0 FT944-57 0
446 0 FT944-58 0
446 0 FT944-610 0
446 0 FT944-6754 0
446 0 FT944-7065 0
446 0 FT944-7354 0
446 0 FT944-8118 0
446 0 FT944-8596 0
446 0 FT944-9382 0
446 0 FT944-9726 0
446 0 FT944-9886 0
446 0 LA010190-0062 0
446 0 LA010190-0071 0
446 0 LA010690-0071 0
446 0 LA010789-0100 0
446 0 LA011089-0082 0
446 0 LA011089-0095 0
446 0 LA011589-0005 0
446 0 LA011589-0089 0
446 0 LA011790-0035 0
446 0 LA011889-0014 0
446 0 LA011889-0139 0
446 0 LA012189-0002 0
446 0 LA012189-0056 0
446 0 LA012190-0005 0
446 0 LA012190-0120 0
446 0 LA012389-0093 0
446 0 LA012489-0035 0
446 0 LA012489-0115 0
446 0 LA012489-0116 0
446 0 LA012589-0125 0
446 0 LA012690-0163 0
446 0 LA013090-0026 0
446 0 LA013190-0141 0
446 0 LA020289-0110 0
446 0 LA020290-0082 0
446 0 LA020389-0032 0
446 0 LA020689-0027 0
446 0 LA020690-0064 0
446 0 LA020989-0025 0
446 0 LA020990-0186 0
446 0 LA021089-0069 0
446 0 LA021090-0064 0
446 0 LA021090-0122 0
446 0 LA021189-0120 0
446 0 LA021289-0090 0
446 0 LA021290-0045 0
446 0 LA021390-0067 1
446 0 LA021589-0071 0
446 0 LA021589-0146 0
446 0 LA021690-0052 0
446 0 LA021890-0110 0
446 0 LA021989-0170 0
446 0 LA022289-0084 0
446 0 LA022290-0026 0
446 0 LA022290-0127 0
446 0 LA022389-0179 0
446 0 LA022689-0034 0
446 0 LA022689-0066 0
446 0 LA022889-0155 0
446 0 LA030189-0060 0
446 0 LA030190-0027 0
446 0 LA030190-0230 0
446 0 LA030289-0168 0
446 0 LA030389-0117 0
446 0 LA030489-0106 0
446 0 LA030490-0063 0
446 0 LA030490-0087 0
446 0 LA030490-0102 0
446 0 LA030589-0044 0
446 0 LA031090-0117 0
446 0 LA031590-0244 0
446 0 LA031689-0104 0
446 0 LA031690-0124 0
446 0 LA031690-0133 0
446 0 LA031690-0205 0
446 0 LA031789-0107 0
446 0 LA031989-0102 0
446 0 LA032190-0040 0
446 0 LA032489-0175 0
446 0 LA032689-0043 0
446 0 LA032789-0006 0
446 0 LA032890-0007 0
446 0 LA032890-0110 0
446 0 LA033089-0154 0
446 0 LA040189-0027 0
446 0 LA040190-0132 0
446 0 LA040190-0221 0
446 0 LA040290-0056 0
446 0 LA040389-0018 0
446 0 LA040390-0014 0
446 0 LA040489-0071 0
446 0 LA040489-0108 0
446 0 LA040589-0062 0
446 0 LA040590-0014 0
446 0 LA040590-0149 0
446 0 LA040990-0025 0
446 0 LA040990-0041 0
446 0 LA041089-0059 0
446 0 LA041090-0061 0
446 0 LA041189-0041 0
446 0 LA041190-0174 0
446 0 LA041290-0144 0
446 0 LA041390-0013 1
446 0 LA041390-0080 0
446 0 LA041589-0005 0
446 0 LA041590-0002 0
446 0 LA041590-0078 0
446 0 LA041590-0085 0
446 0 LA041590-0099 0
446 0 LA041590-0118 0
446 0 LA041590-0126 0
446 0 LA041590-0162 0
446 0 LA041590-0218 0
446 0 LA041689-0061 0
446 0 LA041689-0128 0
446 0 LA041689-0129 0
446 0 LA041689-0131 0
446 0 LA041690-0011 0
446 0 LA041990-0127 0
446 0 LA041990-0134 0
446 0 LA041990-0237 0
446 0 LA042089-0167 0
446 0 LA042090-0129 0
446 0 LA042290-0083 0
446 0 LA042290-0098 0
446 0 LA042390-0144 0
446 0 LA042590-0139 0
446 0 LA042990-0225 0
446 0 LA050190-0018 0
446 0 LA050190-0198 0
446 0 LA050390-0181 0
446 0 LA050790-0039 0
446 0 LA050790-0093 0
446 0 LA050989-0043 0
446 0 LA051089-0003 0
446 0 LA051090-0057 0
446 0 LA051190-0059 0
446 0 LA051190-0078 0
446 0 LA051190-0102 0
446 0 LA051289-0071 0
446 0 LA051290-0096 0
446 0 LA051590-0042 0
446 0 LA051590-0045 0
446 0 LA051689-0057 0
446 0 LA051889-0059 0
446 0 LA051889-0142 0
446 0 LA051890-0032 0
446 0 LA052390-0062 1
446 0 LA052390-0127 0
446 0 LA052490-0040 0
446 0 LA052490-0083 0
446 0 LA052690-0139 0
446 0 LA052790-0065 1
446 0 LA060289-0009 0
446 0 LA060390-0021 0
446 0 LA060490-0049 0
446 0 LA060590-0097 0
446 0 LA060789-0047 0
446 0 LA060889-0204 0
446 0 LA060890-0067 0
446 0 LA061090-0196 0
446 0 LA061389-0023 0
446 0 LA061490-0164 0
446 0 LA061589-0064 0
446 0 LA061689-0043 0
446 0 LA061690-0006 0
446 0 LA062089-0079 0
446 0 LA062390-0060 0
446 0 LA062489-0059 0
446 0 LA062490-0166 0
446 0 LA062589-0073 0
446 0 LA062589-0153 0
446 0 LA062590-0097 0
446 0 LA062689-0013 0
446 0 LA062690-0036 0
446 0 LA062690-0088 0
446 0 LA063090-0104 0
446 0 LA070190-0033 0
446 0 LA070190-0131 0
446 0 LA070289-0045 0
446 0 LA070290-0115 0
446 0 LA070589-0022 0
446 0 LA070589-0079 0
446 0 LA070590-0100 0
446 0 LA070690-0030 0
446 0 LA070690-0042 0
446 0 LA070789-0084 0
446 0 LA070989-0053 0
446 0 LA071089-0049 0
446 0 LA071089-0066 1
446 0 LA071190-0058 0
446 0 LA071590-0042 1
446 0 LA071590-0096 0
446 0 LA071689-0062 0
446 0 LA071689-0157 0
446 0 LA071689-0185 0
446 0 LA071989-0063 0
446 0 LA072089-0084 0
446 0 LA072089-0146 0
446 0 LA072089-0176 0
446 0 LA072389-0173 0
446 0 LA072590-0020 0
446 0 LA072690-0110 0
446 0 LA072789-0069 0
446 0 LA073089-0113 0
446 0 LA073089-0118 0
446 0 LA080189-0143 0
446 0 LA080289-0004 0
446 0 LA080289-0041 0
446 0 LA080390-0122 0
446 0 LA080590-0244 0
446 0 LA080689-0027 0
446 0 LA080690-0120 0
446 0 LA080889-0111 0
446 0 LA081290-0032 0
446 0 LA081589-0083 0
446 0 LA081790-0084 0
446 0 LA081889-0083 0
446 0 LA081990-0071 0
446 0 LA082089-0103 0
446 0 LA082089-0127 0
446 0 LA082089-0144 0
446 0 LA082889-0044 0
446 0 LA082990-0140 0
446 0 LA090290-0091 0
446 0 LA090390-0030 0
446 0 LA090489-0050 0
446 0 LA090490-0011 0
446 0 LA090490-0048 0
446 0 LA090690-0158 0
446 0 LA090990-0161 0
446 0 LA091190-0040 0
446 0 LA091290-0122 0
446 0 LA091689-0078 0
446 0 LA091690-0206 0
446 0 LA091789-0040 1
446 0 LA091890-0117 0
446 0 LA091890-0184 0
446 0 LA092189-0136 0
446 0 LA092189-0207 0
446 0 LA092190-0188 0
446 0 LA092390-0185 0
446 0 LA092489-0049 0
446 0 LA092689-0078 0
446 0 LA092790-0052 0
446 0 LA093090-0091 0
446 0 LA100490-0060 0
446 0 LA100589-0216 0
446 0 LA100690-0034 0
446 0 LA100690-0102 0
446 0 LA100789-0102 0
446 0 LA100790-0132 0
446 0 LA100790-0144 0
446 0 LA100889-0040 0
446 0 LA100890-0066 0
446 0 LA100990-0059 0
446 0 LA101190-0008 0
446 0 LA101190-0100 0
446 0 LA101190-0142 0
446 0 LA101489-0007 0
446 0 LA101490-0124 0
446 0 LA101490-0126 0
446 0 LA101590-0101 0
446 0 LA101990-0120 0
446 0 LA102090-0048 0
446 0 LA102289-0044 0
446 0 LA102389-0075 0
446 0 LA102689-0115 0
446 0 LA102890-0049 0
446 0 LA103090-0059 0
446 0 LA110689-0045 0
446 0 LA110690-0010 0
446 0 LA110790-0163 0
446 0 LA110790-0169 0
446 0 LA110990-0166 0
446 0 LA111689-0153 0
446 0 LA111690-0042 0
446 0 LA111690-0113 0
446 0 LA111989-0022 1
446 0 LA112090-0049 0
446 0 LA112190-0067 0
446 0 LA112289-0039 0
446 0 LA112590-0189 0
446 0 LA112690-0062 1
446 0 LA113089-0132 0
446 0 LA113090-0107 0
446 0 LA113090-0148 0
446 0 LA120189-0110 0
446 0 LA120190-0116 0
446 0 LA120290-0073 0
446 0 LA120290-0074 0
446 0 LA120389-0054 0
446 0 LA120389-0122 0
446 0 LA120390-0114 0
446 0 LA120489-0058 0
446 0 LA120789-0035 0
446 0 LA120889-0101 1
446 0 LA120890-0046 0
446 0 LA120890-0054 0
446 0 LA121090-0076 0
446 0 LA121189-0043 0
446 0 LA121190-0075 0
446 0 LA121690-0056 0
446 0 LA121690-0168 0
446 0 LA121789-0007 0
446 0 LA121789-0060 0
446 0 LA121789-0233 0
446 0 LA121889-0081 0
446 0 LA121890-0091 0
446 0 LA121989-0126 0
446 0 LA121990-0111 0
446 0 LA122189-0062 0
446 0 LA122389-0141 0
446 0 LA122489-0085 0
446 0 LA122489-0198 0
446 0 LA122490-0101 0
446 0 LA122690-0029 0
446 0 LA122690-0035 0
446 0 LA122789-0034 0
446 0 LA122889-0110 0
446 0 LA122890-0171 0
446 0 LA122989-0028 0
446 0 LA123090-0030 0
