443 0 FBIS3-1008 0
443 0 FBIS3-10091 0
443 0 FBIS3-10230 0
443 0 FBIS3-10291 0
443 0 FBIS3-10483 0
443 0 FBIS3-10499 0
443 0 FBIS3-10525 0
443 0 FBIS3-1061 0
443 0 FBIS3-1074 0
443 0 FBIS3-1083 0
443 0 FBIS3-10855 0
443 0 FBIS3-1096 0
443 0 FBIS3-1104 0
443 0 FBIS3-1106 0
443 0 FBIS3-11124 0
443 0 FBIS3-11569 0
443 0 FBIS3-1166 0
443 0 FBIS3-1168 0
443 0 FBIS3-1229 0
443 0 FBIS3-1238 0
443 0 FBIS3-1243 0
443 0 FBIS3-12572 0
443 0 FBIS3-13025 0
443 0 FBIS3-13309 0
443 0 FBIS3-1332 0
443 0 FBIS3-1348 0
443 0 FBIS3-1362 0
443 0 FBIS3-1408 1
443 0 FBIS3-1411 0
443 0 FBIS3-14168 0
443 0 FBIS3-14471 0
443 0 FBIS3-1461 0
443 0 FBIS3-1470 0
443 0 FBIS3-1478 0
443 0 FBIS3-151 0
443 0 FBIS3-1512 0
443 0 FBIS3-1545 0
443 0 FBIS3-15764 0
443 0 FBIS3-160 0
443 0 FBIS3-16137 0
443 0 FBIS3-1617 0
443 0 FBIS3-1658 0
443 0 FBIS3-18097 0
443 0 FBIS3-1846 0
443 0 FBIS3-18700 0
443 0 FBIS3-18745 0
443 0 FBIS3-19020 0
443 0 FBIS3-19569 0
443 0 FBIS3-198 0
443 0 FBIS3-19883 0
443 0 FBIS3-1991 0
443 0 FBIS3-19931 0
443 0 FBIS3-20159 0
443 0 FBIS3-20412 0
443 0 FBIS3-20445 0
443 0 FBIS3-20486 0
443 0 FBIS3-20511 0
443 0 FBIS3-20796 0
443 0 FBIS3-2101 0
443 0 FBIS3-212 0
443 0 FBIS3-21380 0
443 0 FBIS3-21384 0
443 0 FBIS3-21476 0
443 0 FBIS3-21761 0
443 0 FBIS3-22660 0
443 0 FBIS3-22699 0
443 0 FBIS3-22724 0
443 0 FBIS3-22737 0
443 0 FBIS3-22910 0
443 0 FBIS3-23 0
443 0 FBIS3-23046 0
443 0 FBIS3-2371 0
443 0 FBIS3-23751 0
443 0 FBIS3-23826 0
443 0 FBIS3-23832 0
443 0 FBIS3-23945 0
443 0 FBIS3-24022 0
443 0 FBIS3-24088 0
443 0 FBIS3-24120 0
443 0 FBIS3-24227 0
443 0 FBIS3-24619 0
443 0 FBIS3-24656 0
443 0 FBIS3-2466 0
443 0 FBIS3-24678 0
443 0 FBIS3-24679 0
443 0 FBIS3-24692 0
443 0 FBIS3-24697 0
443 0 FBIS3-24698 0
443 0 FBIS3-24710 0
443 0 FBIS3-24718 0
443 0 FBIS3-24742 0
443 0 FBIS3-24750 0
443 0 FBIS3-24769 0
443 0 FBIS3-24770 0
443 0 FBIS3-24814 0
443 0 FBIS3-24899 0
443 0 FBIS3-24905 0
443 0 FBIS3-24917 0
443 0 FBIS3-24926 0
443 0 FBIS3-24940 0
443 0 FBIS3-24942 0
443 0 FBIS3-24945 0
443 0 FBIS3-24946 0
443 0 FBIS3-24961 0
443 0 FBIS3-24962 0
443 0 FBIS3-24964 0
443 0 FBIS3-24991 0
443 0 FBIS3-25039 0
443 0 FBIS3-25050 0
443 0 FBIS3-25059 0
443 0 FBIS3-25105 0
443 0 FBIS3-25141 0
443 0 FBIS3-25143 0
443 0 FBIS3-2516 0
443 0 FBIS3-25231 0
443 0 FBIS3-25245 0
443 0 FBIS3-25255 0
443 0 FBIS3-25275 0
443 0 FBIS3-25287 0
443 0 FBIS3-25296 0
443 0 FBIS3-25343 0
443 0 FBIS3-25375 0
443 0 FBIS3-25382 0
443 0 FBIS3-25404 0
443 0 FBIS3-25425 0
443 0 FBIS3-25430 0
443 0 FBIS3-25434 0
443 0 FBIS3-25476 0
443 0 FBIS3-2554 0
443 0 FBIS3-25550 0
443 0 FBIS3-25583 0
443 0 FBIS3-25589 0
443 0 FBIS3-25636 0
443 0 FBIS3-25637 0
443 0 FBIS3-25654 0
443 0 FBIS3-25656 0
443 0 FBIS3-25692 0
443 0 FBIS3-25696 0
443 0 FBIS3-25724 0
443 0 FBIS3-25749 0
443 0 FBIS3-2580 0
443 0 FBIS3-25902 0
443 0 FBIS3-25910 0
443 0 FBIS3-26014 0
443 0 FBIS3-26072 0
443 0 FBIS3-26091 0
443 0 FBIS3-2615 0
443 0 FBIS3-26359 0
443 0 FBIS3-26600 0
443 0 FBIS3-2661 0
443 0 FBIS3-2662 0
443 0 FBIS3-26629 0
443 0 FBIS3-2663 0
443 0 FBIS3-2664 0
443 0 FBIS3-2667 0
443 0 FBIS3-2668 0
443 0 FBIS3-2669 0
443 0 FBIS3-27186 0
443 0 FBIS3-27188 0
443 0 FBIS3-278 0
443 0 FBIS3-27848 0
443 0 FBIS3-279 0
443 0 FBIS3-280 0
443 0 FBIS3-28558 0
443 0 FBIS3-28714 0
443 0 FBIS3-28749 0
443 0 FBIS3-29 0
443 0 FBIS3-2929 0
443 0 FBIS3-2954 0
443 0 FBIS3-29895 0
443 0 FBIS3-300 0
443 0 FBIS3-30158 0
443 0 FBIS3-3119 0
443 0 FBIS3-31282 0
443 0 FBIS3-314 0
443 0 FBIS3-3167 0
443 0 FBIS3-317 0
443 0 FBIS3-31817 0
443 0 FBIS3-32582 0
443 0 FBIS3-32604 0
443 0 FBIS3-3272 0
443 0 FBIS3-33021 0
443 0 FBIS3-33351 0
443 0 FBIS3-33363 0
443 0 FBIS3-33553 0
443 0 FBIS3-33872 0
443 0 FBIS3-33909 0
443 0 FBIS3-34173 0
443 0 FBIS3-34665 0
443 0 FBIS3-347 0
443 0 FBIS3-34868 0
443 0 FBIS3-34995 0
443 0 FBIS3-35085 0
443 0 FBIS3-3525 0
443 0 FBIS3-35439 0
443 0 FBIS3-37114 0
443 0 FBIS3-3750 0
443 0 FBIS3-377 0
443 0 FBIS3-37947 0
443 0 FBIS3-3838 0
443 0 FBIS3-38501 0
443 0 FBIS3-38520 0
443 0 FBIS3-38738 0
443 0 FBIS3-3890 0
443 0 FBIS3-3955 0
443 0 FBIS3-3992 0
443 0 FBIS3-40023 0
443 0 FBIS3-40133 0
443 0 FBIS3-40162 0
443 0 FBIS3-4057 0
443 0 FBIS3-40766 0
443 0 FBIS3-40807 0
443 0 FBIS3-40977 0
443 0 FBIS3-41534 0
443 0 FBIS3-41666 0
443 0 FBIS3-4209 0
443 0 FBIS3-42399 0
443 0 FBIS3-42459 0
443 0 FBIS3-42570 0
443 0 FBIS3-42726 0
443 0 FBIS3-42811 0
443 0 FBIS3-42937 0
443 0 FBIS3-42972 0
443 0 FBIS3-43010 0
443 0 FBIS3-431 0
443 0 FBIS3-43118 0
443 0 FBIS3-43120 0
443 0 FBIS3-43142 0
443 0 FBIS3-43160 0
443 0 FBIS3-43166 0
443 0 FBIS3-43172 0
443 0 FBIS3-43174 0
443 0 FBIS3-43196 0
443 0 FBIS3-43214 0
443 0 FBIS3-43220 0
443 0 FBIS3-43252 0
443 0 FBIS3-43343 0
443 0 FBIS3-43357 0
443 0 FBIS3-43480 0
443 0 FBIS3-43547 0
443 0 FBIS3-43597 0
443 0 FBIS3-43627 0
443 0 FBIS3-43637 0
443 0 FBIS3-43641 0
443 0 FBIS3-43642 0
443 0 FBIS3-43679 0
443 0 FBIS3-43687 0
443 0 FBIS3-43721 1
443 0 FBIS3-43744 0
443 0 FBIS3-43808 0
443 0 FBIS3-43832 0
443 0 FBIS3-43856 0
443 0 FBIS3-43892 0
443 0 FBIS3-43895 0
443 0 FBIS3-44000 0
443 0 FBIS3-44035 0
443 0 FBIS3-44092 0
443 0 FBIS3-44100 0
443 0 FBIS3-44146 0
443 0 FBIS3-44172 0
443 0 FBIS3-44179 0
443 0 FBIS3-44192 0
443 0 FBIS3-44198 0
443 0 FBIS3-44205 0
443 0 FBIS3-44218 0
443 0 FBIS3-44243 0
443 0 FBIS3-44265 0
443 0 FBIS3-44288 0
443 0 FBIS3-44775 0
443 0 FBIS3-44857 0
443 0 FBIS3-4489 0
443 0 FBIS3-4490 0
443 0 FBIS3-4491 0
443 0 FBIS3-45019 0
443 0 FBIS3-45020 0
443 0 FBIS3-45021 0
443 0 FBIS3-45022 0
443 0 FBIS3-45025 0
443 0 FBIS3-45026 0
443 0 FBIS3-45114 0
443 0 FBIS3-45116 0
443 0 FBIS3-45117 0
443 0 FBIS3-45118 0
443 0 FBIS3-45229 0
443 0 FBIS3-45230 0
443 0 FBIS3-453 0
443 0 FBIS3-45416 0
443 0 FBIS3-45418 0
443 0 FBIS3-45419 0
443 0 FBIS3-45421 0
443 0 FBIS3-45422 0
443 0 FBIS3-45427 0
443 0 FBIS3-45705 0
443 0 FBIS3-45706 0
443 0 FBIS3-459 0
443 0 FBIS3-46089 0
443 0 FBIS3-46142 0
443 0 FBIS3-46151 0
443 0 FBIS3-46216 0
443 0 FBIS3-46260 0
443 0 FBIS3-46406 0
443 0 FBIS3-46614 0
443 0 FBIS3-47178 0
443 0 FBIS3-47548 0
443 0 FBIS3-47556 0
443 0 FBIS3-47972 0
443 0 FBIS3-49080 0
443 0 FBIS3-50925 0
443 0 FBIS3-5105 0
443 0 FBIS3-51122 0
443 0 FBIS3-51407 0
443 0 FBIS3-51468 0
443 0 FBIS3-51614 0
443 0 FBIS3-51615 0
443 0 FBIS3-51737 0
443 0 FBIS3-51781 0
443 0 FBIS3-51987 0
443 0 FBIS3-51999 0
443 0 FBIS3-5209 0
443 0 FBIS3-522 0
443 0 FBIS3-524 0
443 0 FBIS3-536 0
443 0 FBIS3-53620 0
443 0 FBIS3-541 0
443 0 FBIS3-54598 0
443 0 FBIS3-55771 0
443 0 FBIS3-56542 0
443 0 FBIS3-57901 0
443 0 FBIS3-58646 0
443 0 FBIS3-58908 0
443 0 FBIS3-59309 0
443 0 FBIS3-59334 0
443 0 FBIS3-59342 0
443 0 FBIS3-59587 0
443 0 FBIS3-59748 0
443 0 FBIS3-59870 0
443 0 FBIS3-60 0
443 0 FBIS3-60336 0
443 0 FBIS3-60339 0
443 0 FBIS3-60477 0
443 0 FBIS3-60537 0
443 0 FBIS3-60738 0
443 0 FBIS3-61298 0
443 0 FBIS3-61300 0
443 0 FBIS3-61351 0
443 0 FBIS3-6482 0
443 0 FBIS3-6694 0
443 0 FBIS3-702 0
443 0 FBIS3-729 0
443 0 FBIS3-731 0
443 0 FBIS3-7524 0
443 0 FBIS3-760 0
443 0 FBIS3-770 0
443 0 FBIS3-772 0
443 0 FBIS3-7797 0
443 0 FBIS3-8 0
443 0 FBIS3-818 0
443 0 FBIS3-823 0
443 0 FBIS3-825 0
443 0 FBIS3-845 0
443 0 FBIS3-852 0
443 0 FBIS3-853 0
443 0 FBIS3-855 0
443 0 FBIS3-868 0
443 0 FBIS3-873 0
443 0 FBIS3-882 0
443 0 FBIS3-9298 0
443 0 FBIS3-960 0
443 0 FBIS3-962 0
443 0 FBIS3-9891 0
443 0 FBIS3-9914 0
443 0 FBIS4-10034 0
443 0 FBIS4-10557 0
443 0 FBIS4-10619 0
443 0 FBIS4-10796 0
443 0 FBIS4-10874 0
443 0 FBIS4-10875 0
443 0 FBIS4-10934 0
443 0 FBIS4-10935 0
443 0 FBIS4-10951 0
443 0 FBIS4-10954 0
443 0 FBIS4-11049 0
443 0 FBIS4-11127 0
443 0 FBIS4-11215 0
443 0 FBIS4-11216 0
443 0 FBIS4-1127 0
443 0 FBIS4-1152 0
443 0 FBIS4-11616 0
443 0 FBIS4-11710 0
443 0 FBIS4-11894 0
443 0 FBIS4-11943 0
443 0 FBIS4-1214 0
443 0 FBIS4-1217 0
443 0 FBIS4-1218 0
443 0 FBIS4-1221 0
443 0 FBIS4-12293 0
443 0 FBIS4-1274 0
443 0 FBIS4-1305 0
443 0 FBIS4-13211 0
443 0 FBIS4-134 0
443 0 FBIS4-13860 0
443 0 FBIS4-1390 0
443 0 FBIS4-13913 0
443 0 FBIS4-1411 0
443 0 FBIS4-1453 0
443 0 FBIS4-1478 0
443 0 FBIS4-1607 0
443 0 FBIS4-1608 0
443 0 FBIS4-1609 0
443 0 FBIS4-1610 0
443 0 FBIS4-169 0
443 0 FBIS4-179 0
443 0 FBIS4-17960 0
443 0 FBIS4-18287 0
443 0 FBIS4-1843 0
443 0 FBIS4-1844 0
443 0 FBIS4-18477 0
443 0 FBIS4-1860 0
443 0 FBIS4-1861 0
443 0 FBIS4-18659 0
443 0 FBIS4-1866 0
443 0 FBIS4-1871 0
443 0 FBIS4-1912 0
443 0 FBIS4-19610 0
443 0 FBIS4-19612 0
443 0 FBIS4-19656 0
443 0 FBIS4-19748 0
443 0 FBIS4-1977 0
443 0 FBIS4-19912 0
443 0 FBIS4-20028 0
443 0 FBIS4-20032 0
443 0 FBIS4-20152 0
443 0 FBIS4-20257 0
443 0 FBIS4-2037 0
443 0 FBIS4-20373 0
443 0 FBIS4-2042 0
443 0 FBIS4-20472 0
443 0 FBIS4-21 0
443 0 FBIS4-2128 0
443 0 FBIS4-213 0
443 0 FBIS4-22152 0
443 0 FBIS4-22220 0
443 0 FBIS4-22629 0
443 0 FBIS4-22637 0
443 0 FBIS4-22656 0
443 0 FBIS4-22779 0
443 0 FBIS4-23084 0
443 0 FBIS4-23112 0
443 0 FBIS4-23114 0
443 0 FBIS4-23151 0
443 0 FBIS4-23156 0
443 0 FBIS4-23158 0
443 0 FBIS4-23162 0
443 0 FBIS4-23163 0
443 0 FBIS4-23252 0
443 0 FBIS4-23262 0
443 0 FBIS4-23278 1
443 0 FBIS4-23280 0
443 0 FBIS4-23290 0
443 0 FBIS4-23292 1
443 0 FBIS4-23293 0
443 0 FBIS4-23295 0
443 0 FBIS4-23296 0
443 0 FBIS4-23297 0
443 0 FBIS4-23332 0
443 0 FBIS4-23356 0
443 0 FBIS4-23365 0
443 0 FBIS4-23368 0
443 0 FBIS4-23370 0
443 0 FBIS4-23410 0
443 0 FBIS4-23447 0
443 0 FBIS4-23487 0
443 0 FBIS4-23538 0
443 0 FBIS4-23562 0
443 0 FBIS4-23563 0
443 0 FBIS4-23565 0
443 0 FBIS4-23602 0
443 0 FBIS4-23631 0
443 0 FBIS4-23640 0
443 0 FBIS4-23662 0
443 0 FBIS4-23694 0
443 0 FBIS4-23696 1
443 0 FBIS4-23724 0
443 0 FBIS4-23726 0
443 0 FBIS4-23763 0
443 0 FBIS4-23781 0
443 0 FBIS4-23785 0
443 0 FBIS4-23787 0
443 0 FBIS4-23801 0
443 0 FBIS4-23852 0
443 0 FBIS4-23860 0
443 0 FBIS4-23910 0
443 0 FBIS4-23939 0
443 0 FBIS4-23945 0
443 0 FBIS4-23963 0
443 0 FBIS4-24014 0
443 0 FBIS4-24032 0
443 0 FBIS4-24080 0
443 0 FBIS4-24208 0
443 0 FBIS4-24209 0
443 0 FBIS4-24322 0
443 0 FBIS4-24604 0
443 0 FBIS4-24605 0
443 0 FBIS4-24606 0
443 0 FBIS4-24732 0
443 0 FBIS4-24849 0
443 0 FBIS4-25033 0
443 0 FBIS4-25045 0
443 0 FBIS4-25253 0
443 0 FBIS4-25398 0
443 0 FBIS4-25417 0
443 0 FBIS4-25418 0
443 0 FBIS4-25551 0
443 0 FBIS4-2576 0
443 0 FBIS4-2578 0
443 0 FBIS4-2579 0
443 0 FBIS4-2580 0
443 0 FBIS4-2581 0
443 0 FBIS4-25897 0
443 0 FBIS4-25939 0
443 0 FBIS4-25942 0
443 0 FBIS4-25964 0
443 0 FBIS4-25999 0
443 0 FBIS4-26273 0
443 0 FBIS4-26274 0
443 0 FBIS4-26275 0
443 0 FBIS4-26276 0
443 0 FBIS4-26277 0
443 0 FBIS4-26336 0
443 0 FBIS4-26496 0
443 0 FBIS4-26633 0
443 0 FBIS4-26848 0
443 0 FBIS4-26852 0
443 0 FBIS4-26910 0
443 0 FBIS4-26911 0
443 0 FBIS4-26915 0
443 0 FBIS4-27017 0
443 0 FBIS4-27085 0
443 0 FBIS4-27590 0
443 0 FBIS4-27707 0
443 0 FBIS4-2796 0
443 0 FBIS4-28017 0
443 0 FBIS4-28100 0
443 0 FBIS4-2824 0
443 0 FBIS4-28389 0
443 0 FBIS4-28476 0
443 0 FBIS4-285 0
443 0 FBIS4-2875 0
443 0 FBIS4-28967 0
443 0 FBIS4-29 0
443 0 FBIS4-29183 0
443 0 FBIS4-2921 0
443 0 FBIS4-29593 0
443 0 FBIS4-30374 0
443 0 FBIS4-30580 0
443 0 FBIS4-31028 0
443 0 FBIS4-31356 0
443 0 FBIS4-31787 0
443 0 FBIS4-32038 0
443 0 FBIS4-3316 0
443 0 FBIS4-3319 0
443 0 FBIS4-3320 0
443 0 FBIS4-3321 0
443 0 FBIS4-33213 0
443 0 FBIS4-3323 0
443 0 FBIS4-33487 0
443 0 FBIS4-33502 0
443 0 FBIS4-33521 0
443 0 FBIS4-33609 0
443 0 FBIS4-339 0
443 0 FBIS4-34074 0
443 0 FBIS4-34740 0
443 0 FBIS4-34742 0
443 0 FBIS4-34744 0
443 0 FBIS4-34745 0
443 0 FBIS4-34815 0
443 0 FBIS4-35113 0
443 0 FBIS4-35246 0
443 0 FBIS4-3585 0
443 0 FBIS4-35870 0
443 0 FBIS4-360 0
443 0 FBIS4-36044 0
443 0 FBIS4-36046 0
443 0 FBIS4-36216 0
443 0 FBIS4-36552 0
443 0 FBIS4-36731 0
443 0 FBIS4-36743 0
443 0 FBIS4-36960 0
443 0 FBIS4-37413 0
443 0 FBIS4-37473 0
443 0 FBIS4-37786 0
443 0 FBIS4-38071 0
443 0 FBIS4-404 0
443 0 FBIS4-40514 0
443 0 FBIS4-40531 0
443 0 FBIS4-4067 0
443 0 FBIS4-4185 0
443 0 FBIS4-4186 0
443 0 FBIS4-4187 0
443 0 FBIS4-4188 0
443 0 FBIS4-42062 0
443 0 FBIS4-42214 0
443 0 FBIS4-42593 0
443 0 FBIS4-42765 0
443 0 FBIS4-42910 0
443 0 FBIS4-44 0
443 0 FBIS4-44173 0
443 0 FBIS4-442 0
443 0 FBIS4-44344 0
443 0 FBIS4-44407 0
443 0 FBIS4-44504 0
443 0 FBIS4-44866 0
443 0 FBIS4-44912 0
443 0 FBIS4-44913 0
443 0 FBIS4-44989 0
443 0 FBIS4-45041 0
443 0 FBIS4-45077 0
443 0 FBIS4-45230 0
443 0 FBIS4-45730 0
443 0 FBIS4-45835 0
443 0 FBIS4-46090 0
443 0 FBIS4-46469 0
443 0 FBIS4-467 0
443 0 FBIS4-46889 0
443 0 FBIS4-46945 0
443 0 FBIS4-4737 0
443 0 FBIS4-47609 0
443 0 FBIS4-47630 0
443 0 FBIS4-47672 0
443 0 FBIS4-47702 1
443 0 FBIS4-47715 0
443 0 FBIS4-47727 0
443 0 FBIS4-47745 0
443 0 FBIS4-47749 0
443 0 FBIS4-47750 0
443 0 FBIS4-47793 0
443 0 FBIS4-47801 0
443 0 FBIS4-47808 0
443 0 FBIS4-47810 0
443 0 FBIS4-47843 0
443 0 FBIS4-47868 0
443 0 FBIS4-47986 0
443 0 FBIS4-47993 0
443 0 FBIS4-48006 0
443 0 FBIS4-48007 0
443 0 FBIS4-48051 0
443 0 FBIS4-48061 0
443 0 FBIS4-48074 0
443 0 FBIS4-48083 0
443 0 FBIS4-48092 0
443 0 FBIS4-48107 0
443 0 FBIS4-48110 0
443 0 FBIS4-48131 0
443 0 FBIS4-48169 0
443 0 FBIS4-48235 0
443 0 FBIS4-48236 0
443 0 FBIS4-48237 0
443 0 FBIS4-48239 0
443 0 FBIS4-48292 0
443 0 FBIS4-48295 0
443 0 FBIS4-48296 0
443 0 FBIS4-48361 0
443 0 FBIS4-48394 0
443 0 FBIS4-48413 0
443 0 FBIS4-48506 0
443 0 FBIS4-48581 0
443 0 FBIS4-48591 0
443 0 FBIS4-48605 0
443 0 FBIS4-48609 0
443 0 FBIS4-48638 0
443 0 FBIS4-48646 0
443 0 FBIS4-48708 0
443 0 FBIS4-48710 0
443 0 FBIS4-48721 0
443 0 FBIS4-48736 0
443 0 FBIS4-48747 0
443 0 FBIS4-48814 0
443 0 FBIS4-48825 0
443 0 FBIS4-48906 0
443 0 FBIS4-49021 0
443 0 FBIS4-49056 0
443 0 FBIS4-49186 0
443 0 FBIS4-49187 0
443 0 FBIS4-49245 0
443 0 FBIS4-49346 0
443 0 FBIS4-49391 0
443 0 FBIS4-49392 0
443 0 FBIS4-49457 0
443 0 FBIS4-49525 0
443 0 FBIS4-49527 0
443 0 FBIS4-49677 0
443 0 FBIS4-49678 0
443 0 FBIS4-49689 0
443 0 FBIS4-49809 0
443 0 FBIS4-49832 0
443 0 FBIS4-50006 0
443 0 FBIS4-50009 0
443 0 FBIS4-50332 0
443 0 FBIS4-50493 0
443 0 FBIS4-50551 0
443 0 FBIS4-50553 0
443 0 FBIS4-50554 0
443 0 FBIS4-508 0
443 0 FBIS4-50901 0
443 0 FBIS4-50936 0
443 0 FBIS4-50937 0
443 0 FBIS4-50938 0
443 0 FBIS4-50939 0
443 0 FBIS4-51148 0
443 0 FBIS4-513 0
443 0 FBIS4-51316 0
443 0 FBIS4-51317 0
443 0 FBIS4-51420 0
443 0 FBIS4-518 0
443 0 FBIS4-51932 0
443 0 FBIS4-51933 0
443 0 FBIS4-52038 0
443 0 FBIS4-52041 0
443 0 FBIS4-52044 0
443 0 FBIS4-5205 0
443 0 FBIS4-52076 0
443 0 FBIS4-52133 0
443 0 FBIS4-52587 0
443 0 FBIS4-52754 0
443 0 FBIS4-53156 0
443 0 FBIS4-53455 0
443 0 FBIS4-53858 0
443 0 FBIS4-54622 0
443 0 FBIS4-54625 0
443 0 FBIS4-55018 1
443 0 FBIS4-5619 0
443 0 FBIS4-56423 0
443 0 FBIS4-56788 0
443 0 FBIS4-56852 0
443 0 FBIS4-57034 0
443 0 FBIS4-57049 0
443 0 FBIS4-57065 0
443 0 FBIS4-57117 0
443 0 FBIS4-57226 0
443 0 FBIS4-57396 0
443 0 FBIS4-57460 0
443 0 FBIS4-57532 0
443 0 FBIS4-57948 0
443 0 FBIS4-58253 0
443 0 FBIS4-58311 0
443 0 FBIS4-58902 0
443 0 FBIS4-59446 0
443 0 FBIS4-60256 0
443 0 FBIS4-60536 0
443 0 FBIS4-60757 0
443 0 FBIS4-60859 0
443 0 FBIS4-6179 0
443 0 FBIS4-63188 0
443 0 FBIS4-6334 0
443 0 FBIS4-64573 0
443 0 FBIS4-64907 0
443 0 FBIS4-650 0
443 0 FBIS4-65155 0
443 0 FBIS4-65250 0
443 0 FBIS4-65656 0
443 0 FBIS4-66006 0
443 0 FBIS4-66098 0
443 0 FBIS4-66161 0
443 0 FBIS4-66162 0
443 0 FBIS4-66193 0
443 0 FBIS4-66296 0
443 0 FBIS4-663 0
443 0 FBIS4-66461 0
443 0 FBIS4-67533 0
443 0 FBIS4-67764 0
443 0 FBIS4-67877 0
443 0 FBIS4-68494 0
443 0 FBIS4-68495 0
443 0 FBIS4-68540 0
443 0 FBIS4-68837 0
443 0 FBIS4-68843 0
443 0 FBIS4-68849 0
443 0 FBIS4-68854 0
443 0 FBIS4-68855 0
443 0 FBIS4-68862 0
443 0 FBIS4-68886 0
443 0 FBIS4-68887 0
443 0 FBIS4-68889 0
443 0 FBIS4-68890 0
443 0 FBIS4-731 0
443 0 FBIS4-735 0
443 0 FBIS4-748 0
443 0 FBIS4-767 0
443 0 FBIS4-771 0
443 0 FBIS4-773 0
443 0 FBIS4-788 0
443 0 FBIS4-8329 0
443 0 FBIS4-8651 0
443 0 FBIS4-9209 0
443 0 FBIS4-925 0
443 0 FBIS4-9354 0
443 0 FBIS4-94 0
443 0 FBIS4-954 0
443 0 FBIS4-9661 0
443 0 FBIS4-9735 0
443 0 FBIS4-988 0
443 0 FBIS4-9932 0
443 0 FR940104-0-00034 0
443 0 FR940112-1-00044 0
443 0 FR940112-2-00052 0
443 0 FR940118-0-00061 0
443 0 FR940118-0-00078 0
443 0 FR940127-1-00065 0
443 0 FR940202-0-00031 0
443 0 FR940203-0-00046 0
443 0 FR940203-0-00084 0
443 0 FR940217-2-00125 0
443 0 FR940224-2-00159 0
443 0 FR940303-0-00020 0
443 0 FR940303-2-00091 0
443 0 FR940303-2-00102 0
443 0 FR940304-1-00136 0
443 0 FR940304-1-00137 0
443 0 FR940304-1-00148 0
443 0 FR940304-1-00155 0
443 0 FR940304-1-00156 0
443 0 FR940304-1-00157 0
443 0 FR940304-1-00168 0
443 0 FR940314-1-00041 0
443 0 FR940317-2-00131 0
443 0 FR940318-0-00208 0
443 0 FR940328-2-00119 0
443 0 FR940405-2-00065 0
443 0 FR940406-0-00190 0
443 0 FR940413-2-00079 0
443 0 FR940413-2-00139 0
443 0 FR940418-0-00025 0
443 0 FR940426-2-00002 1
443 0 FR940503-2-00144 1
443 0 FR940503-2-00145 1
443 0 FR940503-2-00146 1
443 0 FR940503-2-00147 1
443 0 FR940511-2-00094 0
443 0 FR940512-0-00049 0
443 0 FR940512-0-00051 0
443 0 FR940512-2-00172 0
443 0 FR940513-2-00190 0
443 0 FR940513-2-00192 1
443 0 FR940513-2-00196 0
443 0 FR940513-2-00198 0
443 0 FR940527-2-00211 0
443 0 FR940602-1-00023 0
443 0 FR940617-2-00229 0
443 0 FR940620-0-00087 0
443 0 FR940621-2-00009 0
443 0 FR940705-2-00107 0
443 0 FR940711-2-00068 0
443 0 FR940727-2-00078 0
443 0 FR940822-0-00067 0
443 0 FR940825-2-00174 0
443 0 FR940831-1-00024 0
443 0 FR940902-1-00048 0
443 0 FR940902-2-00004 0
443 0 FR940912-2-00141 0
443 0 FR940930-2-00059 0
443 0 FR941003-2-00112 0
443 0 FR941003-2-00113 0
443 0 FR941003-2-00114 0
443 0 FR941003-2-00115 0
443 0 FR941003-2-00116 0
443 0 FR941003-2-00117 0
443 0 FR941003-2-00120 0
443 0 FR941003-2-00123 0
443 0 FR941003-2-00124 0
443 0 FR941003-2-00125 0
443 0 FR941003-2-00126 0
443 0 FR941003-2-00128 0
443 0 FR941003-2-00129 0
443 0 FR941003-2-00130 0
443 0 FR941003-2-00131 0
443 0 FR941003-2-00132 0
443 0 FR941003-2-00134 0
443 0 FR941003-2-00137 0
443 0 FR941003-2-00138 0
443 0 FR941003-2-00140 0
443 0 FR941003-2-00142 0
443 0 FR941003-2-00143 0
443 0 FR941003-2-00145 0
443 0 FR941003-2-00146 0
443 0 FR941003-2-00147 0
443 0 FR941003-2-00148 0
443 0 FR941003-2-00150 0
443 0 FR941003-2-00151 0
443 0 FR941012-2-00116 0
443 0 FR941019-0-00079 0
443 0 FR941027-1-00030 0
443 0 FR941104-1-00051 0
443 0 FR941107-0-00034 0
443 0 FR941130-0-00123 0
443 0 FR941130-2-00072 1
443 0 FR941205-2-00144 0
443 0 FR941227-2-00045 0
443 0 FR941230-0-00119 0
443 0 FR941230-1-00046 0
443 0 FR941230-1-00052 0
443 0 FT911-1143 0
443 0 FT911-1296 0
443 0 FT911-1306 0
443 0 FT911-1386 0
443 0 FT911-2119 0
443 0 FT911-2300 0
443 0 FT911-2650 0
443 0 FT911-2913 0
443 0 FT911-3133 0
443 0 FT911-3546 0
443 0 FT911-3657 0
443 0 FT911-4064 0
443 0 FT911-438 0
443 0 FT911-697 0
443 0 FT921-10161 0
443 0 FT921-10730 0
443 0 FT921-11702 0
443 0 FT921-1173 0
443 0 FT921-11811 0
443 0 FT921-11946 0
443 0 FT921-12225 0
443 0 FT921-13026 0
443 0 FT921-13376 0
443 0 FT921-13818 0
443 0 FT921-15099 0
443 0 FT921-15888 0
443 0 FT921-15891 0
443 0 FT921-15893 0
443 0 FT921-15895 0
443 0 FT921-15897 0
443 0 FT921-15900 0
443 0 FT921-16160 0
443 0 FT921-16643 0
443 0 FT921-1699 0
443 0 FT921-2552 0
443 0 FT921-2554 0
443 0 FT921-2686 0
443 0 FT921-2969 0
443 0 FT921-3084 0
443 0 FT921-3175 0
443 0 FT921-3182 0
443 0 FT921-3205 0
443 0 FT921-3278 0
443 0 FT921-4091 0
443 0 FT921-4683 0
443 0 FT921-4911 0
443 0 FT921-5158 0
443 0 FT921-5486 0
443 0 FT921-5514 0
443 0 FT921-6377 0
443 0 FT921-6495 0
443 0 FT921-6525 0
443 0 FT921-6996 0
443 0 FT921-7343 1
443 0 FT921-7884 0
443 0 FT921-9774 0
443 0 FT921-9952 0
443 0 FT922-10556 0
443 0 FT922-10560 0
443 0 FT922-10661 0
443 0 FT922-11216 0
443 0 FT922-11728 0
443 0 FT922-11942 0
443 0 FT922-12176 0
443 0 FT922-12288 0
443 0 FT922-12434 0
443 0 FT922-12723 0
443 0 FT922-12745 0
443 0 FT922-13176 0
443 0 FT922-13457 0
443 0 FT922-13478 0
443 0 FT922-1366 0
443 0 FT922-13908 0
443 0 FT922-14133 0
443 0 FT922-1568 0
443 0 FT922-1588 0
443 0 FT922-1646 0
443 0 FT922-1938 0
443 0 FT922-2149 0
443 0 FT922-4421 0
443 0 FT922-4424 0
443 0 FT922-4430 0
443 0 FT922-4431 0
443 0 FT922-4432 0
443 0 FT922-4436 0
443 0 FT922-4437 0
443 0 FT922-4439 0
443 0 FT922-5893 0
443 0 FT922-5974 0
443 0 FT922-6485 0
443 0 FT922-6558 0
443 0 FT922-6875 0
443 0 FT922-7063 0
443 0 FT922-7914 0
443 0 FT922-8073 0
443 0 FT922-840 0
443 0 FT922-8595 0
443 0 FT922-8769 0
443 0 FT922-8804 0
443 0 FT922-9019 0
443 0 FT922-9081 0
443 0 FT922-9501 0
443 0 FT923-1005 0
443 0 FT923-10462 0
443 0 FT923-1213 0
443 0 FT923-12530 0
443 0 FT923-12646 0
443 0 FT923-12750 0
443 0 FT923-13146 0
443 0 FT923-13345 0
443 0 FT923-1458 0
443 0 FT923-14639 0
443 0 FT923-15402 0
443 0 FT923-1792 0
443 0 FT923-1918 0
443 0 FT923-2498 0
443 0 FT923-3225 0
443 0 FT923-3230 0
443 0 FT923-3260 0
443 0 FT923-3890 0
443 0 FT923-4169 0
443 0 FT923-450 0
443 0 FT923-484 0
443 0 FT923-5365 0
443 0 FT923-5622 0
443 0 FT923-5803 0
443 0 FT923-6037 0
443 0 FT923-6093 0
443 0 FT923-6772 0
443 0 FT923-6787 0
443 0 FT923-6909 0
443 0 FT923-6912 0
443 0 FT923-7172 0
443 0 FT923-7408 0
443 0 FT923-748 0
443 0 FT923-7493 0
443 0 FT923-7655 0
443 0 FT923-7657 0
443 0 FT923-7677 0
443 0 FT923-7882 0
443 0 FT923-8110 0
443 0 FT923-8957 0
443 0 FT923-9088 0
443 0 FT923-9397 0
443 0 FT923-9799 0
443 0 FT924-10085 0
443 0 FT924-10260 0
443 0 FT924-10420 0
443 0 FT924-118 0
443 0 FT924-11987 0
443 0 FT924-12014 0
443 0 FT924-12175 0
443 0 FT924-12207 0
443 0 FT924-12861 0
443 0 FT924-12951 0
443 0 FT924-13383 0
443 0 FT924-13426 0
443 0 FT924-13713 0
443 0 FT924-1494 0
443 0 FT924-1496 0
443 0 FT924-1504 0
443 0 FT924-15295 0
443 0 FT924-15341 0
443 0 FT924-15746 0
443 0 FT924-16038 0
443 0 FT924-1879 0
443 0 FT924-2830 0
443 0 FT924-3075 0
443 0 FT924-3203 0
443 0 FT924-3640 0
443 0 FT924-4005 0
443 0 FT924-4149 0
443 0 FT924-4369 0
443 0 FT924-4536 0
443 0 FT924-4619 0
443 0 FT924-4830 0
443 0 FT924-5048 0
443 0 FT924-5133 0
443 0 FT924-5202 0
443 0 FT924-5353 0
443 0 FT924-54 0
443 0 FT924-5890 0
443 0 FT924-6851 0
443 0 FT924-7527 0
443 0 FT924-9790 0
443 0 FT931-10050 0
443 0 FT931-10373 0
443 0 FT931-10483 0
443 0 FT931-10516 0
443 0 FT931-10635 0
443 0 FT931-11534 0
443 0 FT931-11701 0
443 0 FT931-11713 0
443 0 FT931-12473 0
443 0 FT931-12577 0
443 0 FT931-12704 0
443 0 FT931-12705 0
443 0 FT931-12923 0
443 0 FT931-13205 1
443 0 FT931-13279 0
443 0 FT931-13352 0
443 0 FT931-13355 0
443 0 FT931-13672 0
443 0 FT931-13803 0
443 0 FT931-14011 0
443 0 FT931-16235 0
443 0 FT931-16263 0
443 0 FT931-16317 0
443 0 FT931-16751 0
443 0 FT931-17132 0
443 0 FT931-2553 0
443 0 FT931-4458 0
443 0 FT931-4751 0
443 0 FT931-5145 0
443 0 FT931-518 0
443 0 FT931-5978 0
443 0 FT931-6204 0
443 0 FT931-6339 0
443 0 FT931-6601 0
443 0 FT931-663 0
443 0 FT931-730 0
443 0 FT931-7582 0
443 0 FT931-7584 0
443 0 FT931-7707 0
443 0 FT931-7724 0
443 0 FT931-7991 0
443 0 FT931-847 0
443 0 FT931-8796 0
443 0 FT931-9709 0
443 0 FT932-11103 0
443 0 FT932-11139 0
443 0 FT932-11143 0
443 0 FT932-11352 0
443 0 FT932-11366 0
443 0 FT932-11548 0
443 0 FT932-11758 0
443 0 FT932-11767 0
443 0 FT932-1199 0
443 0 FT932-12322 1
443 0 FT932-12420 0
443 0 FT932-12617 0
443 0 FT932-12865 0
443 0 FT932-13022 0
443 0 FT932-13482 0
443 0 FT932-13484 0
443 0 FT932-13860 0
443 0 FT932-14 0
443 0 FT932-14378 0
443 0 FT932-14502 0
443 0 FT932-14725 0
443 0 FT932-14793 0
443 0 FT932-14950 0
443 0 FT932-15254 0
443 0 FT932-15320 0
443 0 FT932-15398 0
443 0 FT932-15784 0
443 0 FT932-1582 0
443 0 FT932-17193 0
443 0 FT932-17194 0
443 0 FT932-17197 0
443 0 FT932-17200 0
443 0 FT932-17202 0
443 0 FT932-313 0
443 0 FT932-3188 0
443 0 FT932-3408 0
443 0 FT932-3420 0
443 0 FT932-3830 0
443 0 FT932-3836 0
443 0 FT932-3841 0
443 0 FT932-4285 0
443 0 FT932-4296 1
443 0 FT932-4363 0
443 0 FT932-4703 0
443 0 FT932-4804 0
443 0 FT932-5085 0
443 0 FT932-5186 0
443 0 FT932-5193 0
443 0 FT932-589 0
443 0 FT932-6188 0
443 0 FT932-6492 1
443 0 FT932-6566 0
443 0 FT932-660 0
443 0 FT932-6789 0
443 0 FT932-6830 0
443 0 FT932-6866 0
443 0 FT932-6907 1
443 0 FT932-7317 0
443 0 FT932-7324 0
443 0 FT932-7454 1
443 0 FT932-7951 0
443 0 FT932-8194 0
443 0 FT932-8287 0
443 0 FT932-9192 0
443 0 FT932-9309 0
443 0 FT932-9454 0
443 0 FT932-9644 0
443 0 FT932-9805 0
443 0 FT933-10104 0
443 0 FT933-1018 0
443 0 FT933-10352 0
443 0 FT933-10354 0
443 0 FT933-1071 0
443 0 FT933-11058 0
443 0 FT933-11113 0
443 0 FT933-11315 0
443 0 FT933-11674 0
443 0 FT933-11743 0
443 0 FT933-1181 0
443 0 FT933-11864 0
443 0 FT933-11869 0
443 0 FT933-11870 0
443 0 FT933-11874 1
443 0 FT933-11876 1
443 0 FT933-12481 0
443 0 FT933-12494 0
443 0 FT933-12906 0
443 0 FT933-12911 0
443 0 FT933-13229 0
443 0 FT933-13254 0
443 0 FT933-13338 0
443 0 FT933-14212 0
443 0 FT933-1422 0
443 0 FT933-14220 0
443 0 FT933-14407 0
443 0 FT933-14577 0
443 0 FT933-14596 0
443 0 FT933-1464 0
443 0 FT933-15797 0
443 0 FT933-15874 0
443 0 FT933-16039 0
443 0 FT933-1653 0
443 0 FT933-16858 0
443 0 FT933-1720 0
443 0 FT933-1897 0
443 0 FT933-2076 0
443 0 FT933-245 0
443 0 FT933-2768 0
443 0 FT933-3009 0
443 0 FT933-3013 0
443 0 FT933-3014 0
443 0 FT933-3517 0
443 0 FT933-353 0
443 0 FT933-3603 0
443 0 FT933-3937 0
443 0 FT933-4400 1
443 0 FT933-4402 0
443 0 FT933-4707 0
443 0 FT933-485 1
443 0 FT933-522 0
443 0 FT933-5333 0
443 0 FT933-5492 0
443 0 FT933-556 0
443 0 FT933-5754 0
443 0 FT933-5756 0
443 0 FT933-5757 0
443 0 FT933-5758 0
443 0 FT933-5760 0
443 0 FT933-5765 0
443 0 FT933-5767 0
443 0 FT933-5771 0
443 0 FT933-674 0
443 0 FT933-6883 0
443 0 FT933-744 0
443 0 FT933-7689 0
443 0 FT933-769 0
443 0 FT933-7690 0
443 0 FT933-804 0
443 0 FT933-841 0
443 0 FT933-8419 0
443 0 FT933-8501 0
443 0 FT933-913 0
443 0 FT933-9135 0
443 0 FT933-923 0
443 0 FT933-99 0
443 0 FT934-10914 0
443 0 FT934-11003 0
443 0 FT934-11008 1
443 0 FT934-114 0
443 0 FT934-12013 1
443 0 FT934-12231 0
443 0 FT934-12250 0
443 0 FT934-12682 0
443 0 FT934-13863 0
443 0 FT934-14055 0
443 0 FT934-14223 0
443 0 FT934-14503 0
443 0 FT934-14995 0
443 0 FT934-15062 0
443 0 FT934-15064 0
443 0 FT934-15268 0
443 0 FT934-15306 0
443 0 FT934-15493 0
443 0 FT934-15494 0
443 0 FT934-15495 0
443 0 FT934-15808 0
443 0 FT934-15919 0
443 0 FT934-17238 0
443 0 FT934-17441 0
443 0 FT934-17445 0
443 0 FT934-1794 0
443 0 FT934-1798 0
443 0 FT934-2030 0
443 0 FT934-2278 0
443 0 FT934-2600 0
443 0 FT934-2681 0
443 0 FT934-3406 0
443 0 FT934-3421 0
443 0 FT934-3451 0
443 0 FT934-3479 0
443 0 FT934-3489 0
443 0 FT934-3699 0
443 0 FT934-3705 0
443 0 FT934-3709 0
443 0 FT934-3822 0
443 0 FT934-3825 0
443 0 FT934-4114 1
443 0 FT934-4623 0
443 0 FT934-5985 0
443 0 FT934-6510 1
443 0 FT934-6588 0
443 0 FT934-6692 0
443 0 FT934-7736 1
443 0 FT934-7740 0
443 0 FT934-7752 0
443 0 FT934-7926 0
443 0 FT934-8024 0
443 0 FT934-8629 0
443 0 FT934-8724 0
443 0 FT934-8846 0
443 0 FT934-8910 0
443 0 FT941-10237 0
443 0 FT941-10403 0
443 0 FT941-10530 0
443 0 FT941-11122 0
443 0 FT941-11165 0
443 0 FT941-1198 0
443 0 FT941-12410 0
443 0 FT941-12458 0
443 0 FT941-1251 0
443 0 FT941-13423 0
443 0 FT941-13711 0
443 0 FT941-14370 0
443 0 FT941-14372 0
443 0 FT941-14560 0
443 0 FT941-15284 0
443 0 FT941-15301 0
443 0 FT941-15881 0
443 0 FT941-16386 0
443 0 FT941-16792 0
443 0 FT941-17012 0
443 0 FT941-1838 0
443 0 FT941-2257 1
443 0 FT941-2366 0
443 0 FT941-2762 0
443 0 FT941-2906 0
443 0 FT941-3045 0
443 0 FT941-311 0
443 0 FT941-3288 0
443 0 FT941-33 0
443 0 FT941-3543 0
443 0 FT941-3897 0
443 0 FT941-4108 0
443 0 FT941-4647 0
443 0 FT941-508 0
443 0 FT941-5562 0
443 0 FT941-5918 0
443 0 FT941-6757 0
443 0 FT941-6961 0
443 0 FT941-7445 0
443 0 FT941-7632 1
443 0 FT941-7637 0
443 0 FT941-7899 0
443 0 FT941-8610 0
443 0 FT941-9236 0
443 0 FT941-9496 0
443 0 FT941-9546 0
443 0 FT941-9667 0
443 0 FT941-98 1
443 0 FT942-10015 0
443 0 FT942-10178 1
443 0 FT942-10182 0
443 0 FT942-10301 0
443 0 FT942-10452 0
443 0 FT942-10460 0
443 0 FT942-10461 0
443 0 FT942-10466 0
443 0 FT942-10478 0
443 0 FT942-10481 0
443 0 FT942-10507 0
443 0 FT942-10743 0
443 0 FT942-10749 0
443 0 FT942-10779 0
443 0 FT942-10930 0
443 0 FT942-11064 0
443 0 FT942-11391 0
443 0 FT942-11410 0
443 0 FT942-1145 0
443 0 FT942-11628 0
443 0 FT942-11636 0
443 0 FT942-11713 0
443 0 FT942-11797 0
443 0 FT942-12117 0
443 0 FT942-12366 0
443 0 FT942-12539 0
443 0 FT942-12603 0
443 0 FT942-13078 0
443 0 FT942-13105 0
443 0 FT942-13258 0
443 0 FT942-13342 1
443 0 FT942-13365 0
443 0 FT942-13401 0
443 0 FT942-13420 0
443 0 FT942-13615 0
443 0 FT942-13663 0
443 0 FT942-13754 0
443 0 FT942-13776 0
443 0 FT942-13799 0
443 0 FT942-14017 0
443 0 FT942-14019 0
443 0 FT942-14032 0
443 0 FT942-1404 0
443 0 FT942-14106 0
443 0 FT942-14584 0
443 0 FT942-14879 0
443 0 FT942-14926 0
443 0 FT942-14938 0
443 0 FT942-15251 0
443 0 FT942-15368 0
443 0 FT942-15452 0
443 0 FT942-15461 0
443 0 FT942-15465 0
443 0 FT942-15490 0
443 0 FT942-15722 0
443 0 FT942-1593 0
443 0 FT942-15954 0
443 0 FT942-15972 0
443 0 FT942-1598 0
443 0 FT942-16029 0
443 0 FT942-16070 0
443 0 FT942-16138 0
443 0 FT942-16218 0
443 0 FT942-16294 0
443 0 FT942-16430 0
443 0 FT942-16911 0
443 0 FT942-16933 0
443 0 FT942-1789 0
443 0 FT942-2211 0
443 0 FT942-2252 0
443 0 FT942-2269 0
443 0 FT942-2292 0
443 0 FT942-2302 0
443 0 FT942-2517 0
443 0 FT942-2534 0
443 0 FT942-2536 0
443 0 FT942-2675 0
443 0 FT942-3010 0
443 0 FT942-3016 0
443 0 FT942-3184 0
443 0 FT942-3859 0
443 0 FT942-4046 0
443 0 FT942-4197 0
443 0 FT942-4198 0
443 0 FT942-4204 0
443 0 FT942-421 0
443 0 FT942-4215 0
443 0 FT942-4376 0
443 0 FT942-4509 0
443 0 FT942-5158 0
443 0 FT942-5334 1
443 0 FT942-5395 0
443 0 FT942-5567 0
443 0 FT942-5644 0
443 0 FT942-5993 0
443 0 FT942-6263 0
443 0 FT942-6531 0
443 0 FT942-6828 0
443 0 FT942-7086 1
443 0 FT942-782 0
443 0 FT942-7933 0
443 0 FT942-8274 0
443 0 FT942-8277 1
443 0 FT942-8616 0
443 0 FT942-870 0
443 0 FT942-8778 0
443 0 FT942-8792 0
443 0 FT942-893 0
443 0 FT942-9045 0
443 0 FT942-915 0
443 0 FT942-9160 0
443 0 FT942-9701 1
443 0 FT942-9987 0
443 0 FT943-103 0
443 0 FT943-1044 0
443 0 FT943-10555 0
443 0 FT943-1074 0
443 0 FT943-1123 0
443 0 FT943-11249 0
443 0 FT943-11275 0
443 0 FT943-11833 0
443 0 FT943-11933 0
443 0 FT943-12141 0
443 0 FT943-12144 0
443 0 FT943-12275 0
443 0 FT943-12751 0
443 0 FT943-12954 0
443 0 FT943-13081 0
443 0 FT943-13395 1
443 0 FT943-13662 0
443 0 FT943-1371 0
443 0 FT943-13711 0
443 0 FT943-13712 0
443 0 FT943-13716 0
443 0 FT943-13717 1
443 0 FT943-13718 0
443 0 FT943-13719 0
443 0 FT943-13720 0
443 0 FT943-13725 0
443 0 FT943-13738 0
443 0 FT943-13742 0
443 0 FT943-13743 0
443 0 FT943-13751 0
443 0 FT943-14 0
443 0 FT943-14144 0
443 0 FT943-14251 0
443 0 FT943-14719 0
443 0 FT943-14756 0
443 0 FT943-14820 0
443 0 FT943-15716 0
443 0 FT943-16086 0
443 0 FT943-16190 0
443 0 FT943-16192 0
443 0 FT943-16224 0
443 0 FT943-16256 0
443 0 FT943-16420 0
443 0 FT943-16476 0
443 0 FT943-16639 0
443 0 FT943-167 0
443 0 FT943-16905 0
443 0 FT943-16911 0
443 0 FT943-17084 0
443 0 FT943-1943 0
443 0 FT943-202 0
443 0 FT943-2063 0
443 0 FT943-2476 0
443 0 FT943-2587 0
443 0 FT943-2687 0
443 0 FT943-3287 0
443 0 FT943-3350 0
443 0 FT943-3749 0
443 0 FT943-3888 0
443 0 FT943-4150 0
443 0 FT943-4458 0
443 0 FT943-4700 0
443 0 FT943-5134 0
443 0 FT943-5149 0
443 0 FT943-5865 0
443 0 FT943-61 1
443 0 FT943-63 0
443 0 FT943-6379 0
443 0 FT943-6635 0
443 0 FT943-7356 0
443 0 FT943-7358 0
443 0 FT943-793 0
443 0 FT943-7985 0
443 0 FT943-804 0
443 0 FT943-811 0
443 0 FT943-9 0
443 0 FT943-9153 0
443 0 FT943-9612 0
443 0 FT943-983 0
443 0 FT943-9853 0
443 0 FT944-10099 0
443 0 FT944-10549 0
443 0 FT944-11089 0
443 0 FT944-11268 0
443 0 FT944-11327 0
443 0 FT944-11825 0
443 0 FT944-12025 0
443 0 FT944-12298 0
443 0 FT944-12363 0
443 0 FT944-12663 0
443 0 FT944-13123 0
443 0 FT944-13402 0
443 0 FT944-13875 0
443 0 FT944-14322 0
443 0 FT944-15373 0
443 0 FT944-15663 0
443 0 FT944-16107 0
443 0 FT944-16327 0
443 0 FT944-1651 0
443 0 FT944-17034 0
443 0 FT944-17331 0
443 0 FT944-17560 0
443 0 FT944-17700 1
443 0 FT944-1777 0
443 0 FT944-17977 0
443 0 FT944-1997 0
443 0 FT944-2001 0
443 0 FT944-2210 0
443 0 FT944-2214 0
443 0 FT944-2248 0
443 0 FT944-2250 0
443 0 FT944-2255 0
443 0 FT944-2256 0
443 0 FT944-2262 0
443 0 FT944-2263 0
443 0 FT944-2265 0
443 0 FT944-2266 0
443 0 FT944-2267 0
443 0 FT944-2689 0
443 0 FT944-2691 0
443 0 FT944-2696 0
443 0 FT944-2697 0
443 0 FT944-2703 0
443 0 FT944-2704 0
443 0 FT944-2706 0
443 0 FT944-2707 0
443 0 FT944-2708 0
443 0 FT944-2875 0
443 0 FT944-3175 0
443 0 FT944-3363 0
443 0 FT944-3488 0
443 0 FT944-3598 0
443 0 FT944-3781 0
443 0 FT944-4426 1
443 0 FT944-4549 0
443 0 FT944-4611 0
443 0 FT944-4618 0
443 0 FT944-4619 0
443 0 FT944-4620 0
443 0 FT944-4625 1
443 0 FT944-5027 0
443 0 FT944-6115 0
443 0 FT944-618 1
443 0 FT944-6431 0
443 0 FT944-6483 1
443 0 FT944-6773 0
443 0 FT944-8115 0
443 0 FT944-8184 0
443 0 FT944-8836 0
443 0 FT944-8883 0
443 0 FT944-9166 0
443 0 FT944-9440 0
443 0 FT944-9685 0
443 0 LA010290-0011 0
443 0 LA010390-0076 1
443 0 LA010490-0029 0
443 0 LA010490-0080 0
443 0 LA010589-0019 0
443 0 LA010589-0059 0
443 0 LA010689-0123 0
443 0 LA010690-0073 0
443 0 LA010889-0041 0
443 0 LA011089-0092 0
443 0 LA011189-0053 0
443 0 LA011289-0028 1
443 0 LA011289-0097 0
443 0 LA011290-0012 0
443 0 LA011389-0100 0
443 0 LA011490-0079 0
443 0 LA011490-0197 0
443 0 LA011589-0005 0
443 0 LA011689-0049 0
443 0 LA011690-0064 0
443 0 LA011789-0004 0
443 0 LA011889-0088 0
443 0 LA012089-0180 0
443 0 LA012290-0010 0
443 0 LA012389-0077 0
443 0 LA012489-0063 0
443 0 LA012690-0095 0
443 0 LA012890-0067 0
443 0 LA020290-0186 0
443 0 LA020490-0121 0
443 0 LA020589-0202 0
443 0 LA020690-0085 0
443 0 LA020690-0087 0
443 0 LA020789-0006 0
443 0 LA020790-0155 0
443 0 LA021190-0104 0
443 0 LA021190-0179 0
443 0 LA021190-0180 0
443 0 LA021190-0243 0
443 0 LA021289-0051 0
443 0 LA021390-0065 0
443 0 LA021590-0143 0
443 0 LA021790-0128 0
443 0 LA021889-0043 0
443 0 LA022090-0009 0
443 0 LA022290-0034 0
443 0 LA022390-0169 0
443 0 LA022490-0044 0
443 0 LA022490-0132 0
443 0 LA022689-0151 0
443 0 LA022890-0067 0
443 0 LA030189-0098 0
443 0 LA030289-0091 0
443 0 LA030289-0151 0
443 0 LA030489-0013 0
443 0 LA030490-0052 0
443 0 LA030589-0070 0
443 0 LA030889-0155 0
443 0 LA030989-0058 0
443 0 LA031490-0104 0
443 0 LA031689-0021 0
443 0 LA031889-0096 0
443 0 LA031890-0190 0
443 0 LA032290-0142 0
443 0 LA032290-0143 0
443 0 LA032490-0118 0
443 0 LA032490-0119 0
443 0 LA032589-0053 0
443 0 LA033189-0105 0
443 0 LA040189-0012 0
443 0 LA040289-0082 0
443 0 LA040290-0014 0
443 0 LA040490-0012 0
443 0 LA040589-0052 0
443 0 LA040890-0148 0
443 0 LA041589-0040 0
443 0 LA041690-0043 0
443 0 LA041889-0009 0
443 0 LA042389-0102 0
443 0 LA042989-0050 0
443 0 LA043089-0068 0
443 0 LA050190-0198 0
443 0 LA050389-0062 0
443 0 LA050489-0021 0
443 0 LA050589-0020 0
443 0 LA050690-0224 0
443 0 LA050789-0065 0
443 0 LA050790-0134 0
443 0 LA050989-0031 0
443 0 LA051090-0180 0
443 0 LA051090-0185 0
443 0 LA051189-0039 0
443 0 LA051189-0082 0
443 0 LA051390-0177 1
443 0 LA051490-0065 0
443 0 LA051490-0101 0
443 0 LA051690-0089 0
443 0 LA051789-0108 0
443 0 LA051989-0029 0
443 0 LA051990-0107 0
443 0 LA052090-0065 0
443 0 LA052090-0218 0
443 0 LA052290-0022 0
443 0 LA052389-0095 0
443 0 LA052790-0025 0
443 0 LA052889-0096 0
443 0 LA053190-0072 0
443 0 LA060490-0094 0
443 0 LA060589-0053 0
443 0 LA061090-0127 0
443 0 LA061289-0060 0
443 0 LA061390-0071 0
443 0 LA061889-0110 0
443 0 LA062389-0040 0
443 0 LA062490-0161 0
443 0 LA062590-0046 0
443 0 LA062690-0180 0
443 0 LA062790-0102 0
443 0 LA063089-0111 1
443 0 LA063090-0059 0
443 0 LA070190-0132 0
443 0 LA070190-0134 0
443 0 LA070389-0070 0
443 0 LA070390-0074 0
443 0 LA070590-0054 0
443 0 LA070690-0029 0
443 0 LA070789-0021 0
443 0 LA071390-0012 0
443 0 LA071690-0091 0
443 0 LA071790-0128 0
443 0 LA071989-0049 0
443 0 LA072089-0156 0
443 0 LA072690-0185 0
443 0 LA072789-0075 0
443 0 LA072890-0112 0
443 0 LA072989-0092 0
443 0 LA080190-0002 0
443 0 LA080390-0062 0
443 0 LA080390-0098 0
443 0 LA080489-0151 0
443 0 LA080590-0244 0
443 0 LA080689-0040 0
443 0 LA080689-0165 0
443 0 LA080690-0030 0
443 0 LA080790-0058 0
443 0 LA081190-0083 0
443 0 LA081289-0090 0
443 0 LA081290-0123 0
443 0 LA081490-0183 0
443 0 LA081689-0028 0
443 0 LA081690-0059 0
443 0 LA082289-0120 0
443 0 LA082690-0230 0
443 0 LA082789-0104 0
443 0 LA082890-0083 0
443 0 LA082890-0133 1
443 0 LA082990-0004 0
443 0 LA090190-0075 0
443 0 LA090389-0020 0
443 0 LA090490-0138 0
443 0 LA090590-0043 0
443 0 LA090689-0042 0
443 0 LA090889-0057 0
443 0 LA090889-0083 0
443 0 LA090890-0048 0
443 0 LA090989-0074 0
443 0 LA090990-0119 0
443 0 LA091090-0057 0
443 0 LA091090-0075 0
443 0 LA091190-0053 0
443 0 LA091589-0063 0
443 0 LA092089-0016 0
443 0 LA092090-0231 0
443 0 LA092289-0035 0
443 0 LA092389-0093 0
443 0 LA092389-0111 0
443 0 LA092390-0220 0
443 0 LA092490-0070 0
443 0 LA092490-0110 0
443 0 LA092790-0009 0
443 0 LA092790-0041 0
443 0 LA100290-0139 0
443 0 LA100589-0135 0
443 0 LA100590-0149 0
443 0 LA100689-0122 0
443 0 LA100789-0001 1
443 0 LA100989-0008 0
443 0 LA100989-0068 0
443 0 LA101190-0082 0
443 0 LA101390-0086 0
443 0 LA101490-0131 0
443 0 LA101690-0040 0
443 0 LA101789-0082 0
443 0 LA101889-0067 0
443 0 LA101889-0137 0
443 0 LA101890-0056 0
443 0 LA101989-0183 0
443 0 LA102089-0174 0
443 0 LA102090-0163 0
443 0 LA102389-0068 0
443 0 LA102389-0072 0
443 0 LA102389-0100 0
443 0 LA102590-0231 0
443 0 LA102789-0074 0
443 0 LA103189-0009 0
443 0 LA110189-0148 0
443 0 LA110289-0012 0
443 0 LA110289-0139 0
443 0 LA110389-0069 0
443 0 LA110390-0053 0
443 0 LA110489-0074 0
443 0 LA110590-0043 0
443 0 LA110889-0053 0
443 0 LA110989-0136 0
443 0 LA111390-0102 0
443 0 LA111689-0141 0
443 0 LA111990-0114 0
443 0 LA112089-0025 0
443 0 LA112490-0098 0
443 0 LA112689-0147 0
443 0 LA120190-0058 0
443 0 LA120390-0035 0
443 0 LA121390-0013 0
443 0 LA121690-0117 0
443 0 LA121789-0099 0
443 0 LA122389-0067 0
443 0 LA122390-0055 0
443 0 LA122390-0065 0
443 0 LA122390-0144 0
443 0 LA122590-0069 0
443 0 LA123190-0040 0
443 0 LA123190-0066 0
443 0 LA123190-0079 0
443 0 LA123190-0088 0
