403 0 FBIS3-10291 0
403 0 FBIS3-10690 0
403 0 FBIS3-11193 0
403 0 FBIS3-1164 0
403 0 FBIS3-11691 0
403 0 FBIS3-12302 0
403 0 FBIS3-1411 0
403 0 FBIS3-1424 0
403 0 FBIS3-14832 0
403 0 FBIS3-1509 0
403 0 FBIS3-15163 0
403 0 FBIS3-18411 0
403 0 FBIS3-1991 0
403 0 FBIS3-20460 0
403 0 FBIS3-207 0
403 0 FBIS3-20723 0
403 0 FBIS3-20796 0
403 0 FBIS3-20918 0
403 0 FBIS3-21159 0
403 0 FBIS3-21198 0
403 0 FBIS3-21217 0
403 0 FBIS3-21795 0
403 0 FBIS3-22116 0
403 0 FBIS3-22119 0
403 0 FBIS3-23 0
403 0 FBIS3-23190 0
403 0 FBIS3-23375 0
403 0 FBIS3-23543 0
403 0 FBIS3-23561 0
403 0 FBIS3-23828 0
403 0 FBIS3-23849 0
403 0 FBIS3-24050 0
403 0 FBIS3-24145 0
403 0 FBIS3-24152 0
403 0 FBIS3-24619 0
403 0 FBIS3-24653 0
403 0 FBIS3-24678 0
403 0 FBIS3-24679 0
403 0 FBIS3-25267 0
403 0 FBIS3-26 0
403 0 FBIS3-26064 0
403 0 FBIS3-26145 0
403 0 FBIS3-26155 0
403 0 FBIS3-26511 0
403 0 FBIS3-27016 0
403 0 FBIS3-28155 0
403 0 FBIS3-28523 0
403 0 FBIS3-28911 0
403 0 FBIS3-29 0
403 0 FBIS3-29142 0
403 0 FBIS3-30041 0
403 0 FBIS3-34245 0
403 0 FBIS3-35 0
403 0 FBIS3-35439 0
403 0 FBIS3-36078 0
403 0 FBIS3-37947 0
403 0 FBIS3-38620 0
403 0 FBIS3-38754 0
403 0 FBIS3-3921 0
403 0 FBIS3-39229 0
403 0 FBIS3-39675 0
403 0 FBIS3-40162 0
403 0 FBIS3-40194 0
403 0 FBIS3-40450 0
403 0 FBIS3-40468 0
403 0 FBIS3-4121 0
403 0 FBIS3-41331 0
403 0 FBIS3-42399 0
403 0 FBIS3-42400 0
403 0 FBIS3-42459 0
403 0 FBIS3-42616 0
403 0 FBIS3-42684 0
403 0 FBIS3-42690 0
403 0 FBIS3-42726 0
403 0 FBIS3-42774 0
403 0 FBIS3-42811 0
403 0 FBIS3-42816 0
403 0 FBIS3-42821 0
403 0 FBIS3-42934 0
403 0 FBIS3-42984 0
403 0 FBIS3-42994 0
403 0 FBIS3-43002 0
403 0 FBIS3-43022 0
403 0 FBIS3-43032 0
403 0 FBIS3-43040 0
403 0 FBIS3-43116 0
403 0 FBIS3-43132 0
403 0 FBIS3-43142 0
403 0 FBIS3-43160 0
403 0 FBIS3-43170 0
403 0 FBIS3-43186 0
403 0 FBIS3-43196 0
403 0 FBIS3-43214 0
403 0 FBIS3-4463 0
403 0 FBIS3-45053 0
403 0 FBIS3-45427 0
403 0 FBIS3-46142 0
403 0 FBIS3-48471 0
403 0 FBIS3-50911 0
403 0 FBIS3-5100 0
403 0 FBIS3-5103 0
403 0 FBIS3-5170 0
403 0 FBIS3-52075 0
403 0 FBIS3-54460 0
403 0 FBIS3-54461 0
403 0 FBIS3-5642 0
403 0 FBIS3-57319 0
403 0 FBIS3-57781 0
403 0 FBIS3-58 0
403 0 FBIS3-5872 0
403 0 FBIS3-59325 0
403 0 FBIS3-59479 0
403 0 FBIS3-59750 0
403 0 FBIS3-59753 0
403 0 FBIS3-59776 0
403 0 FBIS3-59837 0
403 0 FBIS3-60 0
403 0 FBIS3-60323 0
403 0 FBIS3-61004 0
403 0 FBIS3-61298 0
403 0 FBIS3-61308 0
403 0 FBIS3-61335 0
403 0 FBIS3-61336 0
403 0 FBIS3-61373 0
403 0 FBIS3-6741 0
403 0 FBIS3-7530 0
403 0 FBIS4-10326 0
403 0 FBIS4-10944 0
403 0 FBIS4-11190 0
403 0 FBIS4-11284 0
403 0 FBIS4-12030 0
403 0 FBIS4-15232 0
403 0 FBIS4-16728 0
403 0 FBIS4-1843 0
403 0 FBIS4-1860 0
403 0 FBIS4-1866 0
403 0 FBIS4-19 0
403 0 FBIS4-19054 0
403 0 FBIS4-20473 0
403 0 FBIS4-20617 0
403 0 FBIS4-20723 0
403 0 FBIS4-22339 0
403 0 FBIS4-22524 0
403 0 FBIS4-2261 0
403 0 FBIS4-22734 0
403 0 FBIS4-22920 0
403 0 FBIS4-22963 0
403 0 FBIS4-23084 0
403 0 FBIS4-23114 0
403 0 FBIS4-23413 0
403 0 FBIS4-23663 0
403 0 FBIS4-2439 0
403 0 FBIS4-25206 0
403 0 FBIS4-25287 0
403 0 FBIS4-26211 0
403 0 FBIS4-26390 0
403 0 FBIS4-26947 0
403 0 FBIS4-27085 0
403 0 FBIS4-27694 0
403 0 FBIS4-27706 0
403 0 FBIS4-27707 0
403 0 FBIS4-28696 0
403 0 FBIS4-28712 0
403 0 FBIS4-29 0
403 0 FBIS4-31787 0
403 0 FBIS4-33099 0
403 0 FBIS4-33142 0
403 0 FBIS4-34759 0
403 0 FBIS4-34847 0
403 0 FBIS4-34971 0
403 0 FBIS4-35550 0
403 0 FBIS4-37359 0
403 0 FBIS4-4067 0
403 0 FBIS4-42 0
403 0 FBIS4-44356 0
403 0 FBIS4-44368 0
403 0 FBIS4-44527 0
403 0 FBIS4-44905 0
403 0 FBIS4-44962 0
403 0 FBIS4-44998 0
403 0 FBIS4-45045 0
403 0 FBIS4-45133 0
403 0 FBIS4-45409 0
403 0 FBIS4-45642 0
403 0 FBIS4-45850 0
403 0 FBIS4-45958 0
403 0 FBIS4-46469 0
403 0 FBIS4-46499 0
403 0 FBIS4-46537 0
403 0 FBIS4-46539 0
403 0 FBIS4-46546 0
403 0 FBIS4-46547 0
403 0 FBIS4-46548 0
403 0 FBIS4-46584 0
403 0 FBIS4-46588 0
403 0 FBIS4-46648 0
403 0 FBIS4-46801 0
403 0 FBIS4-46889 0
403 0 FBIS4-47008 0
403 0 FBIS4-47132 0
403 0 FBIS4-47284 0
403 0 FBIS4-47563 0
403 0 FBIS4-47571 0
403 0 FBIS4-47573 0
403 0 FBIS4-47583 0
403 0 FBIS4-47602 0
403 0 FBIS4-47629 0
403 0 FBIS4-48239 0
403 0 FBIS4-49021 0
403 0 FBIS4-49245 0
403 0 FBIS4-49754 0
403 0 FBIS4-49832 0
403 0 FBIS4-49860 0
403 0 FBIS4-50011 0
403 0 FBIS4-50969 0
403 0 FBIS4-51807 0
403 0 FBIS4-52044 0
403 0 FBIS4-52807 0
403 0 FBIS4-53078 0
403 0 FBIS4-53455 0
403 0 FBIS4-53665 0
403 0 FBIS4-53793 0
403 0 FBIS4-53862 0
403 0 FBIS4-54007 0
403 0 FBIS4-54027 0
403 0 FBIS4-54345 0
403 0 FBIS4-55357 0
403 0 FBIS4-55495 0
403 0 FBIS4-55726 0
403 0 FBIS4-56869 0
403 0 FBIS4-57220 0
403 0 FBIS4-57286 0
403 0 FBIS4-62324 0
403 0 FBIS4-6389 0
403 0 FBIS4-65022 0
403 0 FBIS4-65878 0
403 0 FBIS4-66161 0
403 0 FBIS4-66185 0
403 0 FBIS4-66192 0
403 0 FBIS4-66276 0
403 0 FBIS4-66308 0
403 0 FBIS4-67533 0
403 0 FBIS4-67877 0
403 0 FBIS4-68220 0
403 0 FBIS4-68225 0
403 0 FBIS4-68275 0
403 0 FBIS4-68389 0
403 0 FBIS4-68445 0
403 0 FBIS4-68464 0
403 0 FBIS4-68782 0
403 0 FBIS4-68893 0
403 0 FBIS4-7942 0
403 0 FBIS4-9354 0
403 0 FBIS4-9603 0
403 0 FR940104-0-00031 0
403 0 FR940104-0-00035 0
403 0 FR940104-0-00068 0
403 0 FR940104-1-00050 0
403 0 FR940104-2-00081 0
403 0 FR940105-2-00109 0
403 0 FR940119-2-00067 0
403 0 FR940202-2-00006 0
403 0 FR940202-2-00072 0
403 0 FR940203-0-00084 0
403 0 FR940203-1-00035 0
403 0 FR940203-1-00069 0
403 0 FR940204-1-00053 0
403 0 FR940214-2-00155 0
403 0 FR940216-2-00036 0
403 0 FR940217-1-00003 0
403 0 FR940302-0-00024 0
403 0 FR940302-2-00082 0
403 0 FR940303-1-00037 0
403 0 FR940303-1-00038 0
403 0 FR940303-1-00041 0
403 0 FR940303-1-00042 0
403 0 FR940303-1-00047 0
403 0 FR940303-1-00049 0
403 0 FR940303-1-00050 0
403 0 FR940303-1-00051 0
403 0 FR940303-1-00052 0
403 0 FR940303-1-00054 0
403 0 FR940303-1-00057 0
403 0 FR940303-1-00058 0
403 0 FR940303-1-00059 0
403 0 FR940303-1-00060 0
403 0 FR940303-1-00062 0
403 0 FR940303-1-00064 0
403 0 FR940303-1-00065 0
403 0 FR940303-2-00100 0
403 0 FR940304-0-00076 0
403 0 FR940304-0-00095 0
403 0 FR940304-1-00130 0
403 0 FR940304-1-00143 0
403 0 FR940304-1-00165 0
403 0 FR940304-1-00168 0
403 0 FR940314-1-00041 0
403 0 FR940314-1-00043 0
403 0 FR940314-1-00058 0
403 0 FR940314-2-00066 0
403 0 FR940317-0-00022 0
403 0 FR940324-2-00042 0
403 0 FR940325-1-00005 0
403 0 FR940405-1-00043 0
403 0 FR940406-0-00190 0
403 0 FR940407-1-00011 0
403 0 FR940412-2-00023 0
403 0 FR940413-2-00130 0
403 0 FR940503-0-00073 0
403 0 FR940503-0-00074 0
403 0 FR940503-0-00075 0
403 0 FR940503-0-00079 0
403 0 FR940503-0-00081 0
403 0 FR940503-0-00083 0
403 0 FR940503-0-00085 0
403 0 FR940503-0-00087 0
403 0 FR940506-0-00002 0
403 0 FR940506-0-00003 0
403 0 FR940506-0-00004 0
403 0 FR940506-2-00094 0
403 0 FR940511-2-00122 0
403 0 FR940513-2-00068 0
403 0 FR940513-2-00080 0
403 0 FR940513-2-00108 0
403 0 FR940523-0-00038 0
403 0 FR940523-2-00062 0
403 0 FR940523-2-00071 0
403 0 FR940525-1-00002 0
403 0 FR940525-1-00052 0
403 0 FR940525-1-00053 0
403 0 FR940525-1-00058 0
403 0 FR940525-1-00060 0
403 0 FR940525-1-00064 0
403 0 FR940525-1-00065 0
403 0 FR940525-1-00066 0
403 0 FR940525-1-00067 0
403 0 FR940525-1-00068 0
403 0 FR940525-1-00071 0
403 0 FR940525-1-00072 0
403 0 FR940525-1-00074 0
403 0 FR940525-1-00075 0
403 0 FR940525-1-00076 0
403 0 FR940525-1-00080 0
403 0 FR940525-1-00081 0
403 0 FR940525-1-00082 0
403 0 FR940525-1-00083 0
403 0 FR940525-1-00084 0
403 0 FR940525-1-00085 0
403 0 FR940525-1-00087 0
403 0 FR940525-2-00215 0
403 0 FR940526-2-00063 0
403 0 FR940526-2-00119 0
403 0 FR940526-2-00120 0
403 0 FR940527-1-00162 0
403 0 FR940527-2-00135 0
403 0 FR940602-1-00023 0
403 0 FR940603-0-00131 0
403 0 FR940606-1-00065 0
403 0 FR940610-1-00050 0
403 0 FR940610-1-00051 0
403 0 FR940610-1-00053 0
403 0 FR940610-1-00054 0
403 0 FR940610-1-00055 0
403 0 FR940610-1-00059 0
403 0 FR940610-1-00076 0
403 0 FR940610-1-00082 0
403 0 FR940610-1-00090 0
403 0 FR940610-1-00094 0
403 0 FR940610-1-00095 0
403 0 FR940610-2-00239 0
403 0 FR940613-2-00066 0
403 0 FR940620-2-00038 0
403 0 FR940621-0-00031 0
403 0 FR940622-2-00075 0
403 0 FR940627-0-00244 0
403 0 FR940627-2-00087 0
403 0 FR940628-2-00059 0
403 0 FR940630-0-00071 0
403 0 FR940705-0-00069 0
403 0 FR940706-2-00126 0
403 0 FR940713-0-00029 0
403 0 FR940720-0-00055 0
403 0 FR940720-0-00056 0
403 0 FR940720-0-00057 0
403 0 FR940720-0-00058 0
403 0 FR940720-0-00059 0
403 0 FR940721-1-00013 0
403 0 FR940721-2-00042 0
403 0 FR940727-1-00022 0
403 0 FR940802-1-00013 0
403 0 FR940803-2-00061 0
403 0 FR940804-2-00126 0
403 0 FR940817-2-00009 0
403 0 FR940817-2-00213 0
403 0 FR940817-2-00237 0
403 0 FR940817-2-00256 0
403 0 FR940822-0-00067 0
403 0 FR940822-0-00077 0
403 0 FR940822-1-00035 0
403 0 FR940825-0-00012 0
403 0 FR940825-1-00044 0
403 0 FR940831-1-00024 0
403 0 FR940831-2-00107 0
403 0 FR940831-2-00166 0
403 0 FR940831-2-00167 0
403 0 FR940902-2-00004 0
403 0 FR940902-2-00035 0
403 0 FR940906-2-00060 0
403 0 FR940906-2-00104 0
403 0 FR940912-2-00087 0
403 0 FR940912-2-00088 0
403 0 FR940912-2-00091 0
403 0 FR940913-2-00059 0
403 0 FR940920-2-00086 0
403 0 FR940922-2-00124 0
403 0 FR940922-2-00126 0
403 0 FR940927-0-00113 0
403 0 FR940928-0-00033 0
403 0 FR940928-1-00051 0
403 0 FR941003-2-00081 0
403 0 FR941006-1-00106 0
403 0 FR941006-1-00107 0
403 0 FR941006-1-00121 0
403 0 FR941006-1-00129 0
403 0 FR941012-0-00005 0
403 0 FR941012-2-00106 0
403 0 FR941017-1-00031 0
403 0 FR941019-0-00079 0
403 0 FR941019-2-00074 0
403 0 FR941021-1-00045 0
403 0 FR941021-1-00064 0
403 0 FR941021-1-00068 0
403 0 FR941021-2-00078 0
403 0 FR941025-1-00003 0
403 0 FR941025-1-00008 0
403 0 FR941026-2-00082 0
403 0 FR941028-0-00015 0
403 0 FR941102-1-00119 0
403 0 FR941107-0-00034 0
403 0 FR941107-2-00010 0
403 0 FR941107-2-00016 0
403 0 FR941107-2-00021 0
403 0 FR941107-2-00234 0
403 0 FR941122-0-00049 0
403 0 FR941130-0-00123 0
403 0 FR941206-0-00002 0
403 0 FR941206-0-00004 0
403 0 FR941206-0-00005 0
403 0 FR941206-0-00006 0
403 0 FR941206-0-00007 0
403 0 FR941206-0-00008 0
403 0 FR941206-0-00010 0
403 0 FR941206-0-00011 0
403 0 FR941206-0-00012 0
403 0 FR941206-0-00014 0
403 0 FR941206-0-00015 0
403 0 FR941206-0-00016 0
403 0 FR941206-0-00018 0
403 0 FR941206-0-00019 0
403 0 FR941206-0-00047 0
403 0 FR941206-0-00051 0
403 0 FR941206-0-00054 0
403 0 FR941206-0-00055 0
403 0 FR941206-0-00056 0
403 0 FR941206-1-00002 0
403 0 FR941206-1-00005 0
403 0 FR941206-1-00013 0
403 0 FR941206-1-00014 0
403 0 FR941206-1-00016 0
403 0 FR941206-1-00017 0
403 0 FR941206-1-00018 0
403 0 FR941206-1-00022 0
403 0 FR941207-2-00068 0
403 0 FR941212-0-00021 0
403 0 FR941212-0-00048 0
403 0 FR941221-0-00065 0
403 0 FR941221-0-00067 0
403 0 FR941221-0-00068 0
403 0 FR941221-0-00070 0
403 0 FR941221-0-00072 0
403 0 FR941221-1-00022 0
403 0 FR941221-2-00104 0
403 0 FR941222-0-00064 0
403 0 FR941222-0-00088 0
403 0 FR941222-2-00056 0
403 0 FR941230-0-00119 0
403 0 FR941230-0-00120 0
403 0 FR941230-0-00123 0
403 0 FR941230-1-00013 0
403 0 FR941230-1-00062 0
403 0 FR941230-1-00063 0
403 0 FT911-2078 0
403 0 FT911-3786 0
403 0 FT911-4572 0
403 0 FT911-493 0
403 0 FT911-4967 0
403 0 FT911-5042 0
403 0 FT921-14444 0
403 0 FT921-3186 0
403 0 FT921-4566 0
403 0 FT921-8562 0
403 0 FT921-9264 0
403 0 FT921-959 0
403 0 FT922-11327 0
403 0 FT922-11547 0
403 0 FT922-12276 0
403 0 FT922-14199 0
403 0 FT922-15297 0
403 0 FT922-5973 0
403 0 FT923-10773 0
403 0 FT923-11546 0
403 0 FT923-12236 0
403 0 FT923-1500 0
403 0 FT923-15034 0
403 0 FT923-15254 0
403 0 FT923-673 0
403 0 FT923-9497 0
403 0 FT924-10568 0
403 0 FT924-11121 0
403 0 FT924-14004 0
403 0 FT924-4758 0
403 0 FT924-8330 0
403 0 FT931-13180 0
403 0 FT931-15358 0
403 0 FT931-16679 0
403 0 FT931-2736 0
403 0 FT931-5115 0
403 0 FT931-7513 0
403 0 FT932-10267 0
403 0 FT932-12525 0
403 0 FT932-16762 0
403 0 FT933-10469 0
403 0 FT933-16188 0
403 0 FT933-4249 0
403 0 FT933-5029 0
403 0 FT933-8376 0
403 0 FT933-8596 0
403 0 FT933-9904 0
403 0 FT934-10458 0
403 0 FT934-15411 0
403 0 FT934-211 0
403 0 FT934-3339 0
403 0 FT934-4626 0
403 0 FT934-6431 0
403 0 FT934-9029 0
403 0 FT941-11881 0
403 0 FT941-14857 0
403 0 FT941-16616 0
403 0 FT941-1820 0
403 0 FT941-2040 0
403 0 FT941-2976 0
403 0 FT941-4501 0
403 0 FT941-4507 0
403 0 FT941-6782 0
403 0 FT941-8204 0
403 0 FT942-10162 0
403 0 FT942-10576 0
403 0 FT942-1353 0
403 0 FT942-1384 0
403 0 FT942-1573 0
403 0 FT942-17339 0
403 0 FT942-3722 0
403 0 FT942-3984 0
403 0 FT942-4022 0
403 0 FT942-4198 0
403 0 FT942-4684 0
403 0 FT942-4764 0
403 0 FT942-4796 0
403 0 FT942-4803 0
403 0 FT942-8138 0
403 0 FT943-10531 0
403 0 FT943-10535 0
403 0 FT943-10751 0
403 0 FT943-10755 0
403 0 FT943-1260 0
403 0 FT943-14521 0
403 0 FT943-14522 0
403 0 FT943-14741 0
403 0 FT943-15722 0
403 0 FT943-1723 0
403 0 FT943-206 0
403 0 FT943-2971 0
403 0 FT943-4011 0
403 0 FT943-9068 0
403 0 FT944-12460 0
403 0 FT944-13990 0
403 0 FT944-13995 0
403 0 FT944-14442 0
403 0 FT944-17268 0
403 0 FT944-18385 0
403 0 FT944-18605 0
403 0 FT944-2089 0
403 0 FT944-2248 0
403 0 FT944-2250 0
403 0 FT944-2255 0
403 0 FT944-2256 0
403 0 FT944-2262 0
403 0 FT944-2263 0
403 0 FT944-2265 0
403 0 FT944-2267 0
403 0 FT944-252 0
403 0 FT944-2689 0
403 0 FT944-2691 0
403 0 FT944-2696 0
403 0 FT944-2697 0
403 0 FT944-2703 0
403 0 FT944-2704 0
403 0 FT944-2706 0
403 0 FT944-2708 0
403 0 FT944-3382 0
403 0 FT944-3521 0
403 0 FT944-3986 0
403 0 FT944-9763 0
403 0 LA010190-0022 0
403 0 LA010490-0218 0
403 0 LA010589-0059 0
403 0 LA010589-0063 0
403 0 LA010589-0122 0
403 0 LA010590-0158 0
403 0 LA010789-0016 0
403 0 LA010889-0121 0
403 0 LA010990-0001 0
403 0 LA011189-0127 0
403 0 LA011190-0074 0
403 0 LA011190-0122 0
403 0 LA011290-0093 0
403 0 LA011490-0163 0
403 0 LA011589-0005 0
403 0 LA011589-0048 0
403 0 LA011590-0054 0
403 0 LA011689-0044 0
403 0 LA011890-0021 0
403 0 LA011890-0027 0
403 0 LA011890-0124 0
403 0 LA011989-0197 0
403 0 LA011989-0205 0
403 0 LA012089-0062 0
403 0 LA012390-0028 0
403 0 LA012590-0010 0
403 0 LA012590-0014 0
403 0 LA012990-0059 0
403 0 LA020189-0092 0
403 0 LA020190-0029 0
403 0 LA020190-0031 0
403 0 LA020289-0035 0
403 0 LA020289-0056 0
403 0 LA020390-0025 0
403 0 LA020589-0018 0
403 0 LA020589-0078 0
403 0 LA020690-0094 0
403 0 LA020889-0141 0
403 0 LA020890-0082 0
403 0 LA020890-0085 0
403 0 LA020990-0100 0
403 0 LA021190-0169 0
403 0 LA021289-0055 0
403 0 LA021490-0043 0
403 0 LA021590-0067 0
403 0 LA021590-0069 0
403 0 LA021590-0211 0
403 0 LA021689-0084 0
403 0 LA021790-0120 0
403 0 LA021989-0064 0
403 0 LA021989-0108 0
403 0 LA022090-0119 0
403 0 LA022290-0240 0
403 0 LA022790-0006 0
403 0 LA030190-0169 0
403 0 LA030289-0054 0
403 0 LA030289-0077 0
403 0 LA030290-0067 0
403 0 LA030489-0098 0
403 0 LA030890-0001 0
403 0 LA030890-0003 0
403 0 LA031390-0037 0
403 0 LA031590-0016 0
403 0 LA031590-0018 0
403 0 LA031689-0009 0
403 0 LA031690-0019 0
403 0 LA031889-0096 0
403 0 LA031989-0071 0
403 0 LA031989-0112 0
403 0 LA031990-0076 0
403 0 LA032390-0070 0
403 0 LA032689-0019 0
403 0 LA032990-0031 0
403 0 LA032990-0035 0
403 0 LA033089-0019 0
403 0 LA040590-0094 0
403 0 LA040689-0075 0
403 0 LA040789-0126 0
403 0 LA041090-0027 0
403 0 LA041189-0121 0
403 0 LA041190-0141 0
403 0 LA041389-0022 0
403 0 LA041390-0058 0
403 0 LA041690-0042 0
403 0 LA041690-0043 0
403 0 LA041789-0062 0
403 0 LA041989-0057 0
403 0 LA041990-0068 0
403 0 LA042189-0027 0
403 0 LA042389-0079 0
403 0 LA042689-0065 0
403 0 LA042690-0002 0
403 0 LA042790-0080 0
403 0 LA042990-0190 0
403 0 LA050290-0047 0
403 0 LA050290-0050 0
403 0 LA050790-0059 0
403 0 LA051090-0030 0
403 0 LA051090-0036 0
403 0 LA051290-0077 0
403 0 LA051790-0068 0
403 0 LA051790-0076 0
403 0 LA052290-0110 1
403 0 LA052589-0038 0
403 0 LA052589-0039 0
403 0 LA052590-0169 0
403 0 LA052989-0032 0
403 0 LA052990-0096 0
403 0 LA053190-0034 0
403 0 LA053190-0196 0
403 0 LA060189-0041 0
403 0 LA060790-0025 0
403 0 LA060790-0155 0
403 0 LA061490-0022 0
403 0 LA061490-0025 0
403 0 LA061589-0028 0
403 0 LA061589-0029 0
403 0 LA061589-0030 0
403 0 LA061589-0128 0
403 0 LA061890-0100 0
403 0 LA062190-0031 0
403 0 LA062690-0083 0
403 0 LA062789-0111 0
403 0 LA062790-0095 0
403 0 LA062890-0066 0
403 0 LA063090-0103 0
403 0 LA070190-0032 0
403 0 LA070590-0006 0
403 0 LA070689-0037 0
403 0 LA071389-0198 0
403 0 LA071489-0108 0
403 0 LA071789-0041 0
403 0 LA071990-0148 0
403 0 LA072089-0054 0
403 0 LA072189-0016 0
403 0 LA072290-0075 0
403 0 LA072789-0078 0
403 0 LA072789-0159 0
403 0 LA072890-0147 0
403 0 LA072990-0083 0
403 0 LA080189-0025 0
403 0 LA080190-0135 0
403 0 LA080289-0067 0
403 0 LA080290-0231 0
403 0 LA080690-0070 0
403 0 LA081189-0129 0
403 0 LA081389-0032 0
403 0 LA081389-0035 0
403 0 LA081390-0089 0
403 0 LA081989-0053 0
403 0 LA082390-0077 0
403 0 LA082390-0082 0
403 0 LA082490-0015 0
403 0 LA083090-0228 0
403 0 LA090789-0017 0
403 0 LA091189-0069 0
403 0 LA091390-0122 0
403 0 LA091390-0125 0
403 0 LA091489-0033 0
403 0 LA092089-0038 0
403 0 LA092189-0071 0
403 0 LA092689-0080 0
403 0 LA092689-0104 0
403 0 LA092689-0119 0
403 0 LA092889-0071 0
403 0 LA092890-0010 0
403 0 LA100589-0072 0
403 0 LA100790-0252 0
403 0 LA100889-0039 0
403 0 LA100889-0040 0
403 0 LA100889-0041 0
403 0 LA100889-0044 0
403 0 LA100889-0058 0
403 0 LA100889-0136 0
403 0 LA101190-0177 0
403 0 LA101289-0068 0
403 0 LA101289-0194 0
403 0 LA101290-0010 0
403 0 LA101290-0076 0
403 0 LA101290-0111 0
403 0 LA101290-0114 0
403 0 LA101389-0048 0
403 0 LA101389-0168 0
403 0 LA101390-0131 0
403 0 LA101490-0235 0
403 0 LA101589-0009 0
403 0 LA101589-0206 0
403 0 LA101589-0207 0
403 0 LA101590-0049 0
403 0 LA101689-0037 0
403 0 LA101689-0071 0
403 0 LA101689-0095 0
403 0 LA101690-0066 0
403 0 LA101790-0124 0
403 0 LA101890-0021 0
403 0 LA101890-0025 0
403 0 LA101890-0240 0
403 0 LA101989-0136 0
403 0 LA101989-0200 0
403 0 LA101990-0120 0
403 0 LA102089-0080 0
403 0 LA102089-0174 0
403 0 LA102089-0176 0
403 0 LA102090-0114 0
403 0 LA102189-0044 0
403 0 LA102189-0055 0
403 0 LA102189-0060 0
403 0 LA102189-0171 0
403 0 LA102589-0042 0
403 0 LA102689-0112 0
403 0 LA102789-0074 0
403 0 LA102789-0141 0
403 0 LA102989-0206 0
403 0 LA110189-0018 0
403 0 LA110290-0126 0
403 0 LA110490-0084 0
403 0 LA110490-0176 0
403 0 LA110490-0220 0
403 0 LA110490-0260 0
403 0 LA110589-0024 0
403 0 LA110689-0058 0
403 0 LA110790-0028 0
403 0 LA110890-0217 0
403 0 LA110989-0059 0
403 0 LA110989-0062 0
403 0 LA111089-0085 0
403 0 LA111089-0129 0
403 0 LA111289-0076 0
403 0 LA111289-0077 0
403 0 LA111589-0001 0
403 0 LA111589-0017 0
403 0 LA111590-0227 0
403 0 LA111689-0032 0
403 0 LA111989-0048 0
403 0 LA112189-0078 0
403 0 LA112389-0201 0
403 0 LA112789-0001 0
403 0 LA113090-0141 0
403 0 LA120390-0005 0
403 0 LA120490-0022 0
403 0 LA120589-0013 0
403 0 LA120690-0133 0
403 0 LA120789-0066 0
403 0 LA120889-0165 0
403 0 LA121190-0080 0
403 0 LA121389-0121 0
403 0 LA121390-0162 0
403 0 LA121489-0052 0
403 0 LA121689-0043 0
403 0 LA121789-0016 0
403 0 LA121990-0118 0
403 0 LA122089-0062 0
403 0 LA122090-0025 0
403 0 LA122090-0027 0
403 0 LA122090-0214 0
403 0 LA122090-0232 0
403 0 LA122189-0061 0
403 0 LA122189-0065 0
403 0 LA122189-0067 0
403 0 LA122189-0202 0
403 0 LA122190-0108 0
403 0 LA122190-0158 0
403 0 LA122289-0026 0
403 0 LA122289-0077 0
403 0 LA122289-0152 0
403 0 LA122290-0015 0
403 0 LA122389-0083 0
403 0 LA122389-0126 0
403 0 LA122390-0012 0
403 0 LA122390-0087 0
403 0 LA122390-0160 0
403 0 LA122390-0177 0
403 0 LA122390-0183 0
403 0 LA122390-0203 0
403 0 LA122390-0206 0
403 0 LA122489-0217 0
403 0 LA122490-0098 0
403 0 LA122589-0109 0
403 0 LA122589-0110 0
403 0 LA122789-0092 0
403 0 LA122790-0002 0
403 0 LA122790-0017 0
403 0 LA122790-0034 0
403 0 LA122790-0172 0
403 0 LA122790-0175 0
403 0 LA122790-0198 0
403 0 LA122889-0041 0
403 0 LA122889-0114 0
403 0 LA122890-0010 0
403 0 LA122890-0062 0
403 0 LA122890-0144 0
403 0 LA122890-0147 0
403 0 LA122989-0139 0
403 0 LA122989-0140 0
403 0 LA122990-0037 0
403 0 LA122990-0117 0
403 0 LA123089-0058 0
403 0 LA123089-0138 0
403 0 LA123090-0022 0
403 0 LA123090-0056 0
403 0 LA123090-0100 0
403 0 LA123090-0176 0
403 0 LA123090-0179 0
403 0 LA123189-0132 0
403 0 LA123189-0191 0
403 0 LA123190-0042 0
403 0 LA123190-0080 0
