423 0 FBIS3-15299 0
423 0 FBIS3-15355 0
423 0 FBIS3-16431 0
423 0 FBIS3-16476 0
423 0 FBIS3-1695 0
423 0 FBIS3-17774 0
423 0 FBIS3-1794 0
423 0 FBIS3-19017 0
423 0 FBIS3-19113 0
423 0 FBIS3-20141 0
423 0 FBIS3-2025 0
423 0 FBIS3-20523 0
423 0 FBIS3-20677 0
423 0 FBIS3-20685 0
423 0 FBIS3-20692 0
423 0 FBIS3-20709 0
423 0 FBIS3-20732 0
423 0 FBIS3-20741 0
423 0 FBIS3-20742 0
423 0 FBIS3-20776 0
423 0 FBIS3-20779 0
423 0 FBIS3-20791 0
423 0 FBIS3-20828 0
423 0 FBIS3-20833 0
423 0 FBIS3-22922 0
423 0 FBIS3-23 0
423 0 FBIS3-24469 0
423 0 FBIS3-24633 0
423 0 FBIS3-24646 0
423 0 FBIS3-24653 0
423 0 FBIS3-24678 0
423 0 FBIS3-2469 0
423 0 FBIS3-26881 0
423 0 FBIS3-27600 0
423 0 FBIS3-2771 0
423 0 FBIS3-2876 0
423 0 FBIS3-30219 0
423 0 FBIS3-30267 0
423 0 FBIS3-30434 0
423 0 FBIS3-30474 0
423 0 FBIS3-30606 0
423 0 FBIS3-30740 0
423 0 FBIS3-30762 0
423 0 FBIS3-30781 0
423 0 FBIS3-30790 0
423 0 FBIS3-30794 0
423 0 FBIS3-30795 0
423 0 FBIS3-30885 0
423 0 FBIS3-30932 0
423 0 FBIS3-30981 0
423 0 FBIS3-31084 0
423 0 FBIS3-31085 0
423 0 FBIS3-31149 0
423 0 FBIS3-31176 0
423 0 FBIS3-31251 0
423 0 FBIS3-31347 0
423 0 FBIS3-31348 0
423 0 FBIS3-31349 0
423 0 FBIS3-31440 0
423 0 FBIS3-31447 0
423 0 FBIS3-31456 0
423 0 FBIS3-31458 0
423 0 FBIS3-31470 0
423 0 FBIS3-31476 0
423 0 FBIS3-31569 0
423 0 FBIS3-31602 0
423 0 FBIS3-31678 0
423 0 FBIS3-31723 0
423 0 FBIS3-31798 0
423 0 FBIS3-31826 0
423 0 FBIS3-31865 0
423 0 FBIS3-31884 0
423 0 FBIS3-35403 0
423 0 FBIS3-36 0
423 0 FBIS3-36068 0
423 0 FBIS3-36624 0
423 0 FBIS3-3668 0
423 0 FBIS3-36999 0
423 0 FBIS3-37464 0
423 0 FBIS3-37947 0
423 0 FBIS3-39205 0
423 0 FBIS3-39211 0
423 0 FBIS3-39515 0
423 0 FBIS3-39544 0
423 0 FBIS3-39580 0
423 0 FBIS3-39677 0
423 0 FBIS3-40308 0
423 0 FBIS3-40325 0
423 0 FBIS3-42940 0
423 0 FBIS3-43138 0
423 0 FBIS3-43186 0
423 0 FBIS3-43192 0
423 0 FBIS3-45917 0
423 0 FBIS3-45926 0
423 0 FBIS3-48448 0
423 0 FBIS3-48935 0
423 0 FBIS3-49035 0
423 0 FBIS3-49064 0
423 0 FBIS3-49190 0
423 0 FBIS3-49205 0
423 0 FBIS3-49209 0
423 0 FBIS3-49249 0
423 0 FBIS3-49250 0
423 0 FBIS3-49330 0
423 0 FBIS3-49394 0
423 0 FBIS3-49493 0
423 0 FBIS3-49726 0
423 0 FBIS3-49728 0
423 0 FBIS3-49729 0
423 0 FBIS3-49824 0
423 0 FBIS3-49834 0
423 0 FBIS3-49849 0
423 0 FBIS3-49900 0
423 0 FBIS3-49945 0
423 0 FBIS3-49947 0
423 0 FBIS3-49971 0
423 0 FBIS3-49972 0
423 0 FBIS3-49973 0
423 0 FBIS3-49990 0
423 0 FBIS3-50068 0
423 0 FBIS3-50069 0
423 0 FBIS3-50070 0
423 0 FBIS3-50071 0
423 0 FBIS3-50073 0
423 0 FBIS3-50141 0
423 0 FBIS3-50259 0
423 0 FBIS3-50271 0
423 0 FBIS3-50344 0
423 0 FBIS3-50404 0
423 0 FBIS3-50408 0
423 0 FBIS3-50510 0
423 0 FBIS3-55030 0
423 0 FBIS3-56544 0
423 0 FBIS3-5712 0
423 0 FBIS3-57400 0
423 0 FBIS3-58938 0
423 0 FBIS3-59304 0
423 0 FBIS3-59475 0
423 0 FBIS3-59479 0
423 0 FBIS3-59903 0
423 0 FBIS3-60342 0
423 0 FBIS3-61093 0
423 0 FBIS3-6482 0
423 0 FBIS3-6674 0
423 0 FBIS3-6946 0
423 0 FBIS3-72 0
423 0 FBIS3-7371 0
423 0 FBIS3-74 0
423 0 FBIS3-7756 0
423 0 FBIS3-7797 0
423 0 FBIS3-7805 0
423 0 FBIS3-7807 0
423 0 FBIS3-7863 0
423 0 FBIS3-7881 0
423 0 FBIS3-7891 0
423 0 FBIS3-7963 0
423 0 FBIS3-7971 0
423 0 FBIS3-7979 0
423 0 FBIS3-8144 0
423 0 FBIS3-8212 0
423 0 FBIS3-8232 0
423 0 FBIS3-8240 0
423 0 FBIS3-8257 0
423 0 FBIS3-8271 0
423 0 FBIS3-8272 0
423 0 FBIS3-8301 0
423 0 FBIS3-8302 0
423 0 FBIS3-8319 0
423 0 FBIS3-8373 0
423 0 FBIS3-8374 0
423 0 FBIS3-8385 0
423 0 FBIS3-8389 0
423 0 FBIS3-8437 0
423 0 FBIS3-8483 0
423 0 FBIS3-8507 0
423 0 FBIS3-8511 0
423 0 FBIS3-8531 0
423 0 FBIS3-8641 0
423 0 FBIS3-8649 0
423 0 FBIS3-8665 0
423 0 FBIS3-8724 0
423 0 FBIS3-8725 0
423 0 FBIS3-8726 0
423 0 FBIS3-8729 0
423 0 FBIS3-8814 0
423 0 FBIS3-8817 0
423 0 FBIS3-8902 0
423 0 FBIS3-8904 0
423 0 FBIS3-8915 0
423 0 FBIS3-8917 0
423 0 FBIS3-8920 0
423 0 FBIS3-9134 0
423 0 FBIS3-9178 0
423 0 FBIS3-9234 0
423 0 FBIS3-9260 0
423 0 FBIS3-9261 1
423 0 FBIS3-9262 0
423 0 FBIS3-9357 0
423 0 FBIS3-9415 0
423 0 FBIS3-9498 0
423 0 FBIS3-9500 0
423 0 FBIS3-9523 0
423 0 FBIS3-9592 0
423 0 FBIS3-9603 0
423 0 FBIS3-9617 0
423 0 FBIS3-9632 0
423 0 FBIS3-9634 0
423 0 FBIS3-9669 0
423 0 FBIS3-9671 0
423 0 FBIS3-9814 0
423 0 FBIS4-10817 0
423 0 FBIS4-13874 0
423 0 FBIS4-16366 0
423 0 FBIS4-16539 0
423 0 FBIS4-16541 0
423 0 FBIS4-16542 0
423 0 FBIS4-16543 0
423 0 FBIS4-16544 0
423 0 FBIS4-16912 0
423 0 FBIS4-18 0
423 0 FBIS4-18521 0
423 0 FBIS4-19 0
423 0 FBIS4-19519 0
423 0 FBIS4-20504 0
423 0 FBIS4-22 0
423 0 FBIS4-22019 0
423 0 FBIS4-22152 0
423 0 FBIS4-22209 0
423 0 FBIS4-23093 0
423 0 FBIS4-23114 0
423 0 FBIS4-23131 0
423 0 FBIS4-24402 0
423 0 FBIS4-28195 0
423 0 FBIS4-30814 0
423 0 FBIS4-30816 0
423 0 FBIS4-30820 0
423 0 FBIS4-30835 0
423 0 FBIS4-30968 0
423 0 FBIS4-30976 0
423 0 FBIS4-30981 0
423 0 FBIS4-31053 0
423 0 FBIS4-31082 0
423 0 FBIS4-31125 0
423 0 FBIS4-31149 1
423 0 FBIS4-31211 0
423 0 FBIS4-31382 0
423 0 FBIS4-31426 0
423 0 FBIS4-31555 0
423 0 FBIS4-31589 0
423 0 FBIS4-31591 0
423 0 FBIS4-31622 0
423 0 FBIS4-31647 0
423 0 FBIS4-31648 0
423 0 FBIS4-31688 0
423 0 FBIS4-31716 0
423 0 FBIS4-31812 0
423 0 FBIS4-31950 0
423 0 FBIS4-31961 0
423 0 FBIS4-31962 0
423 0 FBIS4-31972 0
423 0 FBIS4-32017 0
423 0 FBIS4-32109 0
423 0 FBIS4-32114 0
423 0 FBIS4-32232 0
423 0 FBIS4-32234 0
423 0 FBIS4-32340 0
423 0 FBIS4-32533 0
423 0 FBIS4-32678 0
423 0 FBIS4-32682 0
423 0 FBIS4-32683 0
423 0 FBIS4-35 0
423 0 FBIS4-3598 0
423 0 FBIS4-3678 0
423 0 FBIS4-3838 0
423 0 FBIS4-3894 0
423 0 FBIS4-3992 0
423 0 FBIS4-40992 0
423 0 FBIS4-4190 0
423 0 FBIS4-4322 0
423 0 FBIS4-4323 0
423 0 FBIS4-4340 0
423 0 FBIS4-44388 0
423 0 FBIS4-44661 0
423 0 FBIS4-44912 0
423 0 FBIS4-44913 0
423 0 FBIS4-4543 0
423 0 FBIS4-46581 0
423 0 FBIS4-46582 0
423 0 FBIS4-46583 0
423 0 FBIS4-46599 0
423 0 FBIS4-46649 0
423 0 FBIS4-4683 0
423 0 FBIS4-47205 0
423 0 FBIS4-47624 0
423 0 FBIS4-47629 0
423 0 FBIS4-4830 0
423 0 FBIS4-4992 0
423 0 FBIS4-50011 0
423 0 FBIS4-5203 0
423 0 FBIS4-52043 0
423 0 FBIS4-52044 0
423 0 FBIS4-5262 0
423 0 FBIS4-53182 0
423 0 FBIS4-53281 0
423 0 FBIS4-53455 0
423 0 FBIS4-53862 0
423 0 FBIS4-5429 0
423 0 FBIS4-54514 0
423 0 FBIS4-54516 0
423 0 FBIS4-54521 0
423 0 FBIS4-54621 0
423 0 FBIS4-54820 0
423 0 FBIS4-54835 0
423 0 FBIS4-54837 0
423 0 FBIS4-54840 0
423 0 FBIS4-5490 0
423 0 FBIS4-54975 0
423 0 FBIS4-55028 0
423 0 FBIS4-5505 0
423 0 FBIS4-55086 0
423 0 FBIS4-55181 0
423 0 FBIS4-55182 0
423 0 FBIS4-55261 0
423 0 FBIS4-55263 0
423 0 FBIS4-55320 0
423 0 FBIS4-55322 0
423 0 FBIS4-55324 0
423 0 FBIS4-55435 0
423 0 FBIS4-55438 0
423 0 FBIS4-55441 0
423 0 FBIS4-55468 0
423 0 FBIS4-55512 0
423 0 FBIS4-55514 0
423 0 FBIS4-55532 0
423 0 FBIS4-55551 0
423 0 FBIS4-55576 0
423 0 FBIS4-55577 0
423 0 FBIS4-55710 0
423 0 FBIS4-55872 0
423 0 FBIS4-55881 0
423 0 FBIS4-55884 0
423 0 FBIS4-55910 0
423 0 FBIS4-55911 0
423 0 FBIS4-55912 0
423 0 FBIS4-56044 0
423 0 FBIS4-58121 0
423 0 FBIS4-6086 0
423 0 FBIS4-6211 0
423 0 FBIS4-62569 0
423 0 FBIS4-62980 0
423 0 FBIS4-6399 0
423 0 FBIS4-64330 0
423 0 FBIS4-64706 0
423 0 FBIS4-65094 0
423 0 FBIS4-65475 0
423 0 FBIS4-65799 0
423 0 FBIS4-66185 0
423 0 FBIS4-66190 0
423 0 FBIS4-66215 0
423 0 FBIS4-66249 0
423 0 FBIS4-66480 0
423 0 FBIS4-66505 0
423 0 FBIS4-66761 0
423 0 FBIS4-66983 0
423 0 FBIS4-67533 0
423 0 FBIS4-6757 0
423 0 FBIS4-67877 0
423 0 FBIS4-68275 0
423 0 FBIS4-68342 0
423 0 FBIS4-6837 0
423 0 FBIS4-68481 0
423 0 FBIS4-68508 0
423 0 FBIS4-68760 0
423 0 FBIS4-6918 0
423 0 FBIS4-7006 0
423 0 FBIS4-7279 0
423 0 FBIS4-7444 0
423 0 FBIS4-7509 0
423 0 FBIS4-7510 0
423 0 FBIS4-7527 0
423 0 FBIS4-7565 0
423 0 FBIS4-7607 0
423 0 FBIS4-7621 0
423 0 FBIS4-7625 0
423 0 FBIS4-7677 0
423 0 FBIS4-7682 0
423 0 FBIS4-7697 0
423 0 FBIS4-7702 0
423 0 FBIS4-7711 0
423 0 FBIS4-7746 0
423 0 FBIS4-7750 0
423 0 FBIS4-7771 0
423 0 FBIS4-7846 0
423 0 FBIS4-7850 0
423 0 FBIS4-7872 0
423 0 FBIS4-8127 0
423 0 FBIS4-8215 0
423 0 FBIS4-8216 0
423 0 FBIS4-8217 0
423 0 FBIS4-8377 0
423 0 FBIS4-8400 0
423 0 FBIS4-8494 0
423 0 FBIS4-8495 0
423 0 FBIS4-8512 0
423 0 FBIS4-8520 0
423 0 FBIS4-8556 0
423 0 FBIS4-8562 0
423 0 FBIS4-8615 0
423 0 FBIS4-8630 0
423 0 FBIS4-8637 0
423 0 FBIS4-8641 0
423 0 FBIS4-8642 0
423 0 FBIS4-8709 0
423 0 FBIS4-8710 0
423 0 FBIS4-8725 0
423 0 FBIS4-8744 0
423 0 FBIS4-8758 0
423 0 FBIS4-8805 0
423 0 FBIS4-8932 0
423 0 FBIS4-8974 0
423 0 FBIS4-9136 0
423 0 FBIS4-9146 0
423 0 FBIS4-9149 0
423 0 FBIS4-9169 0
423 0 FBIS4-9202 0
423 0 FBIS4-9213 0
423 0 FBIS4-9290 0
423 0 FBIS4-9291 0
423 0 FBIS4-9292 0
423 0 FBIS4-9293 0
423 0 FBIS4-9336 0
423 0 FBIS4-9343 0
423 0 FBIS4-9347 0
423 0 FBIS4-9369 0
423 0 FBIS4-9500 0
423 0 FBIS4-9523 0
423 0 FBIS4-9589 0
423 0 FBIS4-9632 0
423 0 FBIS4-9633 1
423 0 FR940104-0-00032 0
423 0 FR940112-1-00044 0
423 0 FR940127-2-00018 0
423 0 FR940216-2-00036 0
423 0 FR940317-0-00046 0
423 0 FR940405-1-00128 0
423 0 FR940406-0-00190 0
423 0 FR940413-2-00079 0
423 0 FR940413-2-00130 0
423 0 FR940527-0-00154 0
423 0 FR940602-1-00023 0
423 0 FR940711-1-00059 0
423 0 FR940712-1-00023 0
423 0 FR940722-0-00052 0
423 0 FR940728-1-00053 0
423 0 FR940803-2-00061 0
423 0 FR940804-0-00048 0
423 0 FR940804-0-00058 0
423 0 FR940804-0-00059 0
423 0 FR940804-0-00067 0
423 0 FR940804-0-00068 0
423 0 FR940804-0-00071 0
423 0 FR940804-0-00076 0
423 0 FR940804-0-00080 0
423 0 FR940804-0-00081 0
423 0 FR940805-2-00098 0
423 0 FR940810-0-00186 0
423 0 FR940812-2-00247 0
423 0 FR940822-0-00067 0
423 0 FR940826-1-00079 0
423 0 FR940902-1-00048 0
423 0 FR940920-1-00116 0
423 0 FR940921-0-00030 0
423 0 FR941012-2-00106 0
423 0 FR941019-2-00006 0
423 0 FR941110-0-00266 0
423 0 FR941110-2-00129 0
423 0 FR941117-2-00158 0
423 0 FR941122-1-00065 0
423 0 FR941221-2-00021 0
423 0 FR941227-1-00036 0
423 0 FR941230-0-00120 0
423 0 FT911-1030 0
423 0 FT911-1069 0
423 0 FT911-227 0
423 0 FT911-2565 0
423 0 FT911-2913 0
423 0 FT911-3133 0
423 0 FT911-3900 0
423 0 FT911-3946 0
423 0 FT911-4042 0
423 0 FT911-4142 0
423 0 FT911-418 0
423 0 FT911-852 0
423 0 FT921-13169 0
423 0 FT921-13636 0
423 0 FT921-13799 0
423 0 FT921-14104 0
423 0 FT921-14220 0
423 0 FT921-14470 0
423 0 FT921-14925 0
423 0 FT921-14943 0
423 0 FT921-15016 0
423 0 FT921-15164 0
423 0 FT921-15591 0
423 0 FT921-15879 0
423 0 FT921-16371 0
423 0 FT921-302 0
423 0 FT921-303 0
423 0 FT921-3370 0
423 0 FT921-498 0
423 0 FT921-6014 0
423 0 FT921-6349 0
423 0 FT921-6370 0
423 0 FT921-7300 0
423 0 FT921-7708 0
423 0 FT921-8517 0
423 0 FT921-9172 0
423 0 FT921-9810 0
423 0 FT922-10568 0
423 0 FT922-12050 0
423 0 FT922-13021 0
423 0 FT922-13154 0
423 0 FT922-13733 0
423 0 FT922-15199 0
423 0 FT922-247 0
423 0 FT922-2504 0
423 0 FT922-2545 0
423 0 FT922-2704 0
423 0 FT922-2746 0
423 0 FT922-284 0
423 0 FT922-3023 0
423 0 FT922-3517 0
423 0 FT922-3642 0
423 0 FT922-3962 0
423 0 FT922-4103 0
423 0 FT922-4156 0
423 0 FT922-4308 0
423 0 FT922-5032 0
423 0 FT922-5276 0
423 0 FT922-6526 0
423 0 FT922-6671 0
423 0 FT922-7694 0
423 0 FT922-7914 0
423 0 FT922-8770 0
423 0 FT922-95 0
423 0 FT922-999 0
423 0 FT923-10795 0
423 0 FT923-11700 0
423 0 FT923-11818 0
423 0 FT923-12508 0
423 0 FT923-12530 0
423 0 FT923-1273 0
423 0 FT923-13127 0
423 0 FT923-14131 0
423 0 FT923-14892 0
423 0 FT923-15640 0
423 0 FT923-2110 0
423 0 FT923-2338 0
423 0 FT923-3346 0
423 0 FT923-3435 0
423 0 FT923-4677 0
423 0 FT923-4963 0
423 0 FT923-5183 0
423 0 FT923-5470 0
423 0 FT923-5529 0
423 0 FT923-557 0
423 0 FT923-5661 0
423 0 FT923-5996 0
423 0 FT923-6064 0
423 0 FT923-6439 0
423 0 FT923-6997 0
423 0 FT923-7112 0
423 0 FT923-7278 0
423 0 FT923-8254 0
423 0 FT923-9585 0
423 0 FT923-9914 0
423 0 FT924-10052 0
423 0 FT924-102 0
423 0 FT924-10420 0
423 0 FT924-11987 0
423 0 FT924-12529 0
423 0 FT924-12686 0
423 0 FT924-12985 0
423 0 FT924-13571 0
423 0 FT924-1369 0
423 0 FT924-13796 0
423 0 FT924-14031 0
423 0 FT924-14117 0
423 0 FT924-14183 0
423 0 FT924-15588 0
423 0 FT924-1677 0
423 0 FT924-171 0
423 0 FT924-209 0
423 0 FT924-2145 0
423 0 FT924-2364 0
423 0 FT924-3010 0
423 0 FT924-4543 0
423 0 FT924-4831 0
423 0 FT924-649 0
423 0 FT924-6919 0
423 0 FT924-788 0
423 0 FT924-8754 0
423 0 FT924-928 0
423 0 FT924-9800 0
423 0 FT931-11414 0
423 0 FT931-13039 0
423 0 FT931-13328 0
423 0 FT931-13878 0
423 0 FT931-14195 0
423 0 FT931-14753 0
423 0 FT931-14799 0
423 0 FT931-15167 0
423 0 FT931-15350 0
423 0 FT931-15706 0
423 0 FT931-15882 0
423 0 FT931-16047 0
423 0 FT931-16238 0
423 0 FT931-16429 0
423 0 FT931-16615 0
423 0 FT931-16620 0
423 0 FT931-17028 0
423 0 FT931-17146 0
423 0 FT931-283 0
423 0 FT931-3909 0
423 0 FT931-3958 0
423 0 FT931-4188 0
423 0 FT931-4531 0
423 0 FT931-4756 0
423 0 FT931-6071 0
423 0 FT931-7129 0
423 0 FT931-7931 0
423 0 FT931-805 0
423 0 FT931-813 0
423 0 FT931-843 0
423 0 FT931-8787 0
423 0 FT931-9304 0
423 0 FT931-984 0
423 0 FT932-10158 0
423 0 FT932-10332 0
423 0 FT932-10818 0
423 0 FT932-10819 0
423 0 FT932-10821 0
423 0 FT932-11129 0
423 0 FT932-11251 0
423 0 FT932-11371 0
423 0 FT932-11571 0
423 0 FT932-11578 0
423 0 FT932-11766 0
423 0 FT932-12071 0
423 0 FT932-12876 0
423 0 FT932-12881 0
423 0 FT932-13678 0
423 0 FT932-13809 0
423 0 FT932-13810 0
423 0 FT932-14526 0
423 0 FT932-15189 0
423 0 FT932-15194 0
423 0 FT932-15196 0
423 0 FT932-16769 0
423 0 FT932-2116 0
423 0 FT932-2311 0
423 0 FT932-2802 0
423 0 FT932-3497 0
423 0 FT932-3674 0
423 0 FT932-4987 0
423 0 FT932-5382 0
423 0 FT932-5640 0
423 0 FT932-5860 0
423 0 FT932-5862 0
423 0 FT932-6083 0
423 0 FT932-7078 0
423 0 FT932-7551 0
423 0 FT932-7961 0
423 0 FT932-882 0
423 0 FT932-8975 0
423 0 FT932-9138 0
423 0 FT932-9667 0
423 0 FT933-10088 0
423 0 FT933-10803 0
423 0 FT933-11597 0
423 0 FT933-11825 0
423 0 FT933-11826 0
423 0 FT933-13587 0
423 0 FT933-13794 0
423 0 FT933-14087 0
423 0 FT933-15058 0
423 0 FT933-15397 0
423 0 FT933-15637 0
423 0 FT933-15656 0
423 0 FT933-15658 0
423 0 FT933-2364 0
423 0 FT933-3892 0
423 0 FT933-407 0
423 0 FT933-509 0
423 0 FT933-5281 0
423 0 FT933-6248 0
423 0 FT933-8091 0
423 0 FT934-1002 0
423 0 FT934-10290 0
423 0 FT934-11470 0
423 0 FT934-11565 0
423 0 FT934-11785 0
423 0 FT934-11799 0
423 0 FT934-11937 0
423 0 FT934-1216 0
423 0 FT934-13092 0
423 0 FT934-1353 0
423 0 FT934-1358 0
423 0 FT934-13631 0
423 0 FT934-13916 0
423 0 FT934-14283 0
423 0 FT934-14503 0
423 0 FT934-1562 1
423 0 FT934-240 0
423 0 FT934-2471 0
423 0 FT934-2561 0
423 0 FT934-2644 0
423 0 FT934-2645 0
423 0 FT934-2737 0
423 0 FT934-3185 0
423 0 FT934-3231 0
423 0 FT934-3432 0
423 0 FT934-3451 0
423 0 FT934-3479 0
423 0 FT934-3699 0
423 0 FT934-3709 0
423 0 FT934-439 0
423 0 FT934-456 0
423 0 FT934-4660 0
423 0 FT934-5293 0
423 0 FT934-5727 0
423 0 FT934-5733 0
423 0 FT934-5973 0
423 0 FT934-6193 0
423 0 FT934-6373 0
423 0 FT934-781 0
423 0 FT934-8659 0
423 0 FT934-8844 0
423 0 FT934-9166 0
423 0 FT934-9378 0
423 0 FT934-9386 0
423 0 FT941-1068 0
423 0 FT941-12671 0
423 0 FT941-13686 0
423 0 FT941-14331 0
423 0 FT941-14372 0
423 0 FT941-15273 0
423 0 FT941-15926 0
423 0 FT941-17277 0
423 0 FT941-17664 0
423 0 FT941-2334 0
423 0 FT941-3276 0
423 0 FT941-3331 0
423 0 FT941-3482 0
423 0 FT941-3583 0
423 0 FT941-3811 0
423 0 FT941-3833 0
423 0 FT941-4004 0
423 0 FT941-4042 0
423 0 FT941-4062 0
423 0 FT941-4071 0
423 0 FT941-4108 0
423 0 FT941-4251 0
423 0 FT941-4380 0
423 0 FT941-4517 0
423 0 FT941-4665 0
423 0 FT941-4668 0
423 0 FT941-4764 0
423 0 FT941-4905 0
423 0 FT941-4913 0
423 0 FT941-5017 0
423 0 FT941-5025 0
423 0 FT941-5052 0
423 0 FT941-5148 0
423 0 FT941-5175 0
423 0 FT941-5203 0
423 0 FT941-5283 0
423 0 FT941-533 0
423 0 FT941-5400 0
423 0 FT941-5429 0
423 0 FT941-5485 0
423 0 FT941-5499 0
423 0 FT941-5517 0
423 0 FT941-5521 0
423 0 FT941-6079 0
423 0 FT941-6137 0
423 0 FT941-6472 0
423 0 FT941-6732 0
423 0 FT941-6767 0
423 0 FT941-7667 0
423 0 FT941-8161 0
423 0 FT941-8377 0
423 0 FT941-8403 0
423 0 FT941-8525 0
423 0 FT941-9151 0
423 0 FT941-986 0
423 0 FT942-1404 0
423 0 FT942-15052 0
423 0 FT942-15517 0
423 0 FT942-15737 0
423 0 FT942-15753 0
423 0 FT942-16023 0
423 0 FT942-16045 0
423 0 FT942-16661 0
423 0 FT942-16911 0
423 0 FT942-1994 0
423 0 FT942-7428 0
423 0 FT942-7648 0
423 0 FT942-9086 0
423 0 FT943-10247 0
423 0 FT943-10448 0
423 0 FT943-10874 0
423 0 FT943-11255 0
423 0 FT943-12202 0
423 0 FT943-13895 0
423 0 FT943-15342 0
423 0 FT943-3042 0
423 0 FT943-4909 0
423 0 FT943-5621 0
423 0 FT943-6394 0
423 0 FT943-6589 0
423 0 FT943-6748 0
423 0 FT943-7777 0
423 0 FT943-8112 0
423 0 FT943-8350 0
423 0 FT944-10114 0
423 0 FT944-10362 0
423 0 FT944-10934 0
423 0 FT944-11623 0
423 0 FT944-11858 0
423 0 FT944-12899 0
423 0 FT944-12976 0
423 0 FT944-13107 0
423 0 FT944-1345 0
423 0 FT944-1387 0
423 0 FT944-15804 0
423 0 FT944-15929 0
423 0 FT944-16024 0
423 0 FT944-16838 0
423 0 FT944-17669 0
423 0 FT944-18221 0
423 0 FT944-18748 0
423 0 FT944-2249 0
423 0 FT944-2256 0
423 0 FT944-2267 0
423 0 FT944-2695 0
423 0 FT944-2697 0
423 0 FT944-2708 0
423 0 FT944-4032 0
423 0 FT944-6091 0
423 0 FT944-6682 0
423 0 FT944-733 0
423 0 FT944-7624 0
423 0 FT944-7635 0
423 0 FT944-8386 0
423 0 FT944-9705 0
423 0 LA010189-0002 0
423 0 LA010189-0105 0
423 0 LA010490-0106 0
423 0 LA010490-0196 0
423 0 LA010689-0154 0
423 0 LA010790-0049 0
423 0 LA010790-0106 0
423 0 LA011490-0045 0
423 0 LA011589-0129 0
423 0 LA011790-0035 0
423 0 LA011790-0066 0
423 0 LA011890-0033 0
423 0 LA011890-0174 0
423 0 LA012390-0088 0
423 0 LA012489-0010 0
423 0 LA012890-0058 0
423 0 LA013090-0178 0
423 0 LA013189-0130 0
423 0 LA013190-0082 0
423 0 LA020189-0129 0
423 0 LA020489-0108 0
423 0 LA020589-0080 0
423 0 LA020990-0067 0
423 0 LA021090-0050 0
423 0 LA021289-0051 0
423 0 LA021390-0015 0
423 0 LA022190-0039 0
423 0 LA022389-0040 0
423 0 LA022389-0071 0
423 0 LA022390-0018 0
423 0 LA022789-0021 0
423 0 LA030389-0103 0
423 0 LA030889-0103 0
423 0 LA030890-0043 0
423 0 LA030890-0127 0
423 0 LA030990-0056 0
423 0 LA030990-0092 0
423 0 LA031890-0033 0
423 0 LA031890-0074 0
423 0 LA031890-0075 0
423 0 LA031989-0176 0
423 0 LA032089-0053 0
423 0 LA033089-0191 0
423 0 LA033189-0141 0
423 0 LA040289-0164 0
423 0 LA040289-0169 0
423 0 LA040389-0024 0
423 0 LA040690-0005 0
423 0 LA040789-0144 0
423 0 LA040890-0114 0
423 0 LA040989-0076 0
423 0 LA041590-0099 0
423 0 LA041890-0072 0
423 0 LA042089-0040 0
423 0 LA042190-0099 0
423 0 LA042390-0087 0
423 0 LA042390-0115 0
423 0 LA042590-0068 0
423 0 LA042789-0120 0
423 0 LA043089-0128 0
423 0 LA050190-0198 0
423 0 LA050390-0142 0
423 0 LA050489-0102 0
423 0 LA050589-0115 0
423 0 LA050590-0141 0
423 0 LA050690-0204 0
423 0 LA050690-0206 0
423 0 LA050890-0043 0
423 0 LA050890-0198 0
423 0 LA050989-0109 0
423 0 LA051190-0008 0
423 0 LA051790-0141 0
423 0 LA051890-0154 0
423 0 LA051890-0204 0
423 0 LA051989-0066 0
423 0 LA052490-0149 0
423 0 LA052790-0185 0
423 0 LA052790-0203 0
423 0 LA052790-0224 0
423 0 LA052889-0002 0
423 0 LA060189-0032 0
423 0 LA060190-0011 0
423 0 LA060289-0156 0
423 0 LA060390-0065 0
423 0 LA060490-0092 0
423 0 LA060989-0160 0
423 0 LA060990-0063 0
423 0 LA061089-0061 0
423 0 LA061390-0014 0
423 0 LA061490-0253 0
423 0 LA061589-0198 0
423 0 LA061789-0034 0
423 0 LA061790-0130 0
423 0 LA061889-0101 0
423 0 LA061889-0185 0
423 0 LA061890-0057 0
423 0 LA062389-0107 0
423 0 LA062690-0088 0
423 0 LA062789-0092 0
423 0 LA062889-0004 0
423 0 LA062890-0193 0
423 0 LA063090-0132 0
423 0 LA071090-0092 0
423 0 LA071189-0073 0
423 0 LA071389-0034 0
423 0 LA071389-0071 0
423 0 LA071590-0001 0
423 0 LA072089-0048 0
423 0 LA072290-0216 0
423 0 LA072389-0010 0
423 0 LA072490-0178 0
423 0 LA072689-0103 0
423 0 LA072689-0131 0
423 0 LA072690-0103 0
423 0 LA072789-0080 0
423 0 LA072989-0049 0
423 0 LA072990-0149 0
423 0 LA072990-0158 0
423 0 LA072990-0227 0
423 0 LA073089-0082 0
423 0 LA073089-0132 0
423 0 LA073089-0197 0
423 0 LA073090-0014 0
423 0 LA073090-0126 0
423 0 LA073189-0010 0
423 0 LA073190-0017 0
423 0 LA073190-0018 0
423 0 LA073190-0138 0
423 0 LA080189-0116 0
423 0 LA080189-0138 0
423 0 LA080190-0135 0
423 0 LA080290-0257 0
423 0 LA080389-0191 0
423 0 LA080390-0012 0
423 0 LA080390-0032 0
423 0 LA080390-0045 0
423 0 LA080390-0104 0
423 0 LA080390-0192 0
423 0 LA080489-0046 0
423 0 LA080489-0102 0
423 0 LA080490-0049 0
423 0 LA080490-0144 0
423 0 LA080990-0263 0
423 0 LA081289-0030 0
423 0 LA081390-0093 0
423 0 LA081790-0043 0
423 0 LA081990-0182 0
423 0 LA081990-0198 0
423 0 LA082090-0138 0
423 0 LA082189-0001 0
423 0 LA082390-0252 0
423 0 LA082890-0167 0
423 0 LA082989-0002 0
423 0 LA083090-0123 0
423 0 LA083190-0132 0
423 0 LA090290-0109 0
423 0 LA090589-0006 0
423 0 LA090690-0155 0
423 0 LA090889-0030 0
423 0 LA091089-0070 0
423 0 LA091190-0146 0
423 0 LA091490-0152 0
423 0 LA091590-0005 0
423 0 LA091690-0018 0
423 0 LA091789-0042 0
423 0 LA091790-0051 0
423 0 LA092090-0117 0
423 0 LA092189-0039 0
423 0 LA092289-0028 0
423 0 LA092289-0031 0
423 0 LA092290-0056 0
423 0 LA092389-0006 0
423 0 LA092389-0064 0
423 0 LA092390-0037 0
423 0 LA092590-0101 0
423 0 LA100189-0163 0
423 0 LA100489-0045 0
423 0 LA100590-0017 0
423 0 LA100590-0022 0
423 0 LA100789-0107 0
423 0 LA100790-0007 0
423 0 LA100790-0035 0
423 0 LA100790-0041 0
423 0 LA100790-0063 0
423 0 LA100790-0209 0
423 0 LA100889-0013 0
423 0 LA100890-0031 0
423 0 LA100890-0081 0
423 0 LA100990-0120 0
423 0 LA100990-0130 0
423 0 LA101089-0041 0
423 0 LA101090-0018 0
423 0 LA101090-0022 0
423 0 LA101189-0121 0
423 0 LA101289-0051 0
423 0 LA101289-0201 0
423 0 LA101289-0212 0
423 0 LA101390-0071 0
423 0 LA101390-0077 0
423 0 LA101490-0010 0
423 0 LA101490-0015 0
423 0 LA101589-0101 0
423 0 LA101590-0060 0
423 0 LA101690-0183 0
423 0 LA101789-0003 0
423 0 LA101789-0055 0
423 0 LA101789-0077 0
423 0 LA101790-0135 0
423 0 LA101889-0005 0
423 0 LA101890-0138 0
423 0 LA101890-0251 0
423 0 LA101890-0264 0
423 0 LA101989-0058 0
423 0 LA101989-0125 0
423 0 LA101989-0182 0
423 0 LA101990-0138 0
423 0 LA101990-0168 0
423 0 LA102089-0018 0
423 0 LA102089-0045 0
423 0 LA102090-0068 0
423 0 LA102090-0153 0
423 0 LA102189-0006 0
423 0 LA102189-0116 0
423 0 LA102190-0219 0
423 0 LA102289-0078 0
423 0 LA102389-0100 0
423 0 LA102490-0144 0
423 0 LA102789-0141 0
423 0 LA102989-0209 0
423 0 LA103090-0013 0
423 0 LA110290-0130 0
423 0 LA110589-0079 0
423 0 LA110590-0063 0
423 0 LA110689-0035 0
423 0 LA111089-0051 0
423 0 LA111089-0054 0
423 0 LA111090-0142 0
423 0 LA111190-0150 0
423 0 LA111389-0002 0
423 0 LA111390-0098 0
423 0 LA111789-0037 0
423 0 LA111889-0068 0
423 0 LA111889-0131 0
423 0 LA111890-0058 0
423 0 LA112089-0105 0
423 0 LA112189-0035 0
423 0 LA112289-0001 0
423 0 LA112289-0021 0
423 0 LA112289-0035 0
423 0 LA112589-0035 0
423 0 LA112589-0139 0
423 0 LA112590-0143 0
423 0 LA113089-0045 0
423 0 LA120189-0020 0
423 0 LA120289-0065 0
423 0 LA120290-0016 0
423 0 LA120389-0214 0
423 0 LA120590-0121 0
423 0 LA120890-0050 0
423 0 LA121090-0018 0
423 0 LA121090-0080 0
423 0 LA121290-0119 0
423 0 LA121389-0016 0
423 0 LA121789-0216 0
423 0 LA122090-0042 0
423 0 LA122090-0268 0
423 0 LA122190-0002 0
423 0 LA122190-0050 0
423 0 LA122190-0061 0
423 0 LA122289-0163 0
423 0 LA122290-0108 0
423 0 LA122389-0006 0
423 0 LA122389-0046 0
423 0 LA122390-0055 0
423 0 LA122390-0150 0
423 0 LA122490-0003 0
423 0 LA122589-0096 0
423 0 LA122590-0064 0
423 0 LA122689-0074 0
423 0 LA122689-0126 0
423 0 LA122689-0148 0
423 0 LA122689-0149 0
423 0 LA122789-0072 0
423 0 LA122789-0073 0
423 0 LA122790-0034 0
423 0 LA122890-0101 0
423 0 LA122989-0036 0
423 0 LA122989-0106 0
423 0 LA122990-0071 0
423 0 LA123089-0139 0
423 0 LA123090-0063 0
423 0 LA123090-0082 0
423 0 LA123090-0137 0
423 0 LA123090-0153 0
423 0 LA123090-0174 0
423 0 LA123189-0033 0
423 0 LA123190-0016 0
423 0 LA123190-0042 0
