401 0 FBIS3-10059 0
401 0 FBIS3-10142 0
401 0 FBIS3-1026 0
401 0 FBIS3-10502 0
401 0 FBIS3-10629 0
401 0 FBIS3-10766 0
401 0 FBIS3-10899 0
401 0 FBIS3-11221 0
401 0 FBIS3-11424 0
401 0 FBIS3-11521 0
401 0 FBIS3-12797 0
401 0 FBIS3-1283 0
401 0 FBIS3-13117 0
401 0 FBIS3-13121 0
401 0 FBIS3-13197 0
401 0 FBIS3-13322 0
401 0 FBIS3-13582 0
401 0 FBIS3-1425 0
401 0 FBIS3-14738 0
401 0 FBIS3-14832 0
401 0 FBIS3-14926 0
401 0 FBIS3-15022 0
401 0 FBIS3-15064 0
401 0 FBIS3-15310 0
401 0 FBIS3-15387 0
401 0 FBIS3-15535 0
401 0 FBIS3-15829 0
401 0 FBIS3-15966 0
401 0 FBIS3-16060 0
401 0 FBIS3-16318 0
401 0 FBIS3-16393 0
401 0 FBIS3-16595 0
401 0 FBIS3-16615 0
401 0 FBIS3-17036 0
401 0 FBIS3-17090 0
401 0 FBIS3-17156 0
401 0 FBIS3-17157 0
401 0 FBIS3-17158 0
401 0 FBIS3-17354 0
401 0 FBIS3-17448 0
401 0 FBIS3-1746 0
401 0 FBIS3-17460 0
401 0 FBIS3-17595 0
401 0 FBIS3-1776 0
401 0 FBIS3-17784 0
401 0 FBIS3-1789 0
401 0 FBIS3-18043 0
401 0 FBIS3-18044 0
401 0 FBIS3-18045 0
401 0 FBIS3-18091 0
401 0 FBIS3-18099 0
401 0 FBIS3-18194 0
401 0 FBIS3-18217 0
401 0 FBIS3-18257 0
401 0 FBIS3-18267 0
401 0 FBIS3-18303 0
401 0 FBIS3-18319 0
401 0 FBIS3-18320 0
401 0 FBIS3-18361 0
401 0 FBIS3-18364 0
401 0 FBIS3-18431 0
401 0 FBIS3-18442 0
401 0 FBIS3-18483 0
401 0 FBIS3-18491 0
401 0 FBIS3-18523 0
401 0 FBIS3-18563 0
401 0 FBIS3-18598 0
401 0 FBIS3-18683 0
401 0 FBIS3-18719 0
401 0 FBIS3-18733 0
401 0 FBIS3-18774 0
401 0 FBIS3-18797 0
401 0 FBIS3-18799 0
401 0 FBIS3-18800 0
401 0 FBIS3-18813 1
401 0 FBIS3-18825 0
401 0 FBIS3-18826 0
401 0 FBIS3-18832 0
401 0 FBIS3-18926 0
401 0 FBIS3-18943 1
401 0 FBIS3-18946 0
401 0 FBIS3-18972 0
401 0 FBIS3-18997 0
401 0 FBIS3-19003 0
401 0 FBIS3-19032 1
401 0 FBIS3-19037 0
401 0 FBIS3-19038 1
401 0 FBIS3-19080 0
401 0 FBIS3-19107 1
401 0 FBIS3-19110 0
401 0 FBIS3-19126 0
401 0 FBIS3-19133 0
401 0 FBIS3-19213 0
401 0 FBIS3-19303 0
401 0 FBIS3-19304 0
401 0 FBIS3-19312 0
401 0 FBIS3-19325 0
401 0 FBIS3-19357 0
401 0 FBIS3-19389 0
401 0 FBIS3-19391 0
401 0 FBIS3-19400 1
401 0 FBIS3-19403 0
401 0 FBIS3-1946 0
401 0 FBIS3-19462 0
401 0 FBIS3-19466 0
401 0 FBIS3-19467 0
401 0 FBIS3-19471 0
401 0 FBIS3-19487 0
401 0 FBIS3-19488 0
401 0 FBIS3-19490 0
401 0 FBIS3-19499 0
401 0 FBIS3-19509 0
401 0 FBIS3-19520 0
401 0 FBIS3-19576 0
401 0 FBIS3-19577 0
401 0 FBIS3-19578 0
401 0 FBIS3-19589 0
401 0 FBIS3-19604 0
401 0 FBIS3-19605 0
401 0 FBIS3-19640 0
401 0 FBIS3-19642 0
401 0 FBIS3-19647 0
401 0 FBIS3-19667 0
401 0 FBIS3-19668 0
401 0 FBIS3-19685 0
401 0 FBIS3-19756 1
401 0 FBIS3-19768 1
401 0 FBIS3-19782 0
401 0 FBIS3-19800 0
401 0 FBIS3-19803 0
401 0 FBIS3-19826 0
401 0 FBIS3-19828 0
401 0 FBIS3-19829 0
401 0 FBIS3-19830 0
401 0 FBIS3-19850 0
401 0 FBIS3-19851 0
401 0 FBIS3-19862 0
401 0 FBIS3-19879 0
401 0 FBIS3-19895 1
401 0 FBIS3-19897 1
401 0 FBIS3-19898 0
401 0 FBIS3-19905 0
401 0 FBIS3-19935 0
401 0 FBIS3-19957 0
401 0 FBIS3-19959 0
401 0 FBIS3-19960 0
401 0 FBIS3-20037 0
401 0 FBIS3-20075 0
401 0 FBIS3-20076 0
401 0 FBIS3-20077 0
401 0 FBIS3-20078 0
401 0 FBIS3-20085 1
401 0 FBIS3-20091 1
401 0 FBIS3-20099 0
401 0 FBIS3-20100 0
401 0 FBIS3-20145 0
401 0 FBIS3-20182 0
401 0 FBIS3-20183 0
401 0 FBIS3-20186 0
401 0 FBIS3-20188 1
401 0 FBIS3-20189 1
401 0 FBIS3-20192 0
401 0 FBIS3-20246 0
401 0 FBIS3-20259 0
401 0 FBIS3-20275 0
401 0 FBIS3-20286 0
401 0 FBIS3-20293 0
401 0 FBIS3-20297 1
401 0 FBIS3-20299 0
401 0 FBIS3-20407 0
401 0 FBIS3-20414 0
401 0 FBIS3-20444 0
401 0 FBIS3-20486 0
401 0 FBIS3-20511 0
401 0 FBIS3-20522 0
401 0 FBIS3-20544 0
401 0 FBIS3-20586 0
401 0 FBIS3-20699 0
401 0 FBIS3-20767 0
401 0 FBIS3-20797 0
401 0 FBIS3-20852 0
401 0 FBIS3-21420 0
401 0 FBIS3-21493 1
401 0 FBIS3-21605 0
401 0 FBIS3-21668 0
401 0 FBIS3-22023 0
401 0 FBIS3-22061 0
401 0 FBIS3-22589 0
401 0 FBIS3-23 0
401 0 FBIS3-23018 1
401 0 FBIS3-23147 0
401 0 FBIS3-23205 0
401 0 FBIS3-2329 0
401 0 FBIS3-23446 1
401 0 FBIS3-23448 1
401 0 FBIS3-23475 0
401 0 FBIS3-23561 0
401 0 FBIS3-23767 0
401 0 FBIS3-23800 0
401 0 FBIS3-23823 0
401 0 FBIS3-23900 0
401 0 FBIS3-23944 0
401 0 FBIS3-24149 0
401 0 FBIS3-24190 0
401 0 FBIS3-24234 0
401 0 FBIS3-24332 0
401 0 FBIS3-24338 0
401 0 FBIS3-24361 0
401 0 FBIS3-24678 0
401 0 FBIS3-24977 0
401 0 FBIS3-25243 0
401 0 FBIS3-25436 0
401 0 FBIS3-25653 0
401 0 FBIS3-2579 0
401 0 FBIS3-25955 0
401 0 FBIS3-25994 0
401 0 FBIS3-26064 0
401 0 FBIS3-26239 0
401 0 FBIS3-26359 0
401 0 FBIS3-2640 0
401 0 FBIS3-26440 0
401 0 FBIS3-26666 0
401 0 FBIS3-26709 0
401 0 FBIS3-26955 0
401 0 FBIS3-27058 0
401 0 FBIS3-27159 0
401 0 FBIS3-27218 0
401 0 FBIS3-27340 0
401 0 FBIS3-2735 0
401 0 FBIS3-27933 0
401 0 FBIS3-27986 0
401 0 FBIS3-2850 0
401 0 FBIS3-28530 0
401 0 FBIS3-28740 0
401 0 FBIS3-28873 0
401 0 FBIS3-29342 0
401 0 FBIS3-29467 0
401 0 FBIS3-29869 0
401 0 FBIS3-30064 0
401 0 FBIS3-30075 0
401 0 FBIS3-3008 0
401 0 FBIS3-30223 0
401 0 FBIS3-30235 0
401 0 FBIS3-30236 0
401 0 FBIS3-30284 0
401 0 FBIS3-30308 0
401 0 FBIS3-30309 0
401 0 FBIS3-30362 0
401 0 FBIS3-30467 0
401 0 FBIS3-30468 0
401 0 FBIS3-30469 0
401 0 FBIS3-30631 0
401 0 FBIS3-30679 0
401 0 FBIS3-30680 0
401 0 FBIS3-30689 0
401 0 FBIS3-30705 0
401 0 FBIS3-30717 0
401 0 FBIS3-30758 0
401 0 FBIS3-30768 0
401 0 FBIS3-30806 0
401 0 FBIS3-30834 0
401 0 FBIS3-30863 0
401 0 FBIS3-30902 0
401 0 FBIS3-31003 0
401 0 FBIS3-31067 0
401 0 FBIS3-31071 0
401 0 FBIS3-31075 0
401 0 FBIS3-31123 0
401 0 FBIS3-31164 0
401 0 FBIS3-31189 0
401 0 FBIS3-31197 0
401 0 FBIS3-31314 0
401 0 FBIS3-31339 0
401 0 FBIS3-31375 0
401 0 FBIS3-31405 0
401 0 FBIS3-31419 0
401 0 FBIS3-31426 0
401 0 FBIS3-31428 0
401 0 FBIS3-31475 0
401 0 FBIS3-31526 0
401 0 FBIS3-31562 0
401 0 FBIS3-31657 0
401 0 FBIS3-31660 0
401 0 FBIS3-31663 0
401 0 FBIS3-31672 0
401 0 FBIS3-31679 0
401 0 FBIS3-31811 0
401 0 FBIS3-31817 0
401 0 FBIS3-31878 0
401 0 FBIS3-31889 0
401 0 FBIS3-31892 0
401 0 FBIS3-31976 0
401 0 FBIS3-32024 0
401 0 FBIS3-32290 0
401 0 FBIS3-32416 0
401 0 FBIS3-32471 0
401 0 FBIS3-32500 0
401 0 FBIS3-32762 0
401 0 FBIS3-32763 0
401 0 FBIS3-32822 0
401 0 FBIS3-33613 0
401 0 FBIS3-33663 0
401 0 FBIS3-33857 0
401 0 FBIS3-33859 0
401 0 FBIS3-3388 0
401 0 FBIS3-34173 0
401 0 FBIS3-34245 0
401 0 FBIS3-34436 0
401 0 FBIS3-34459 0
401 0 FBIS3-34649 0
401 0 FBIS3-34666 0
401 0 FBIS3-3467 0
401 0 FBIS3-34760 0
401 0 FBIS3-34807 0
401 0 FBIS3-34877 0
401 0 FBIS3-34896 0
401 0 FBIS3-34950 0
401 0 FBIS3-34951 0
401 0 FBIS3-35002 0
401 0 FBIS3-35026 0
401 0 FBIS3-35195 0
401 0 FBIS3-35311 0
401 0 FBIS3-35803 0
401 0 FBIS3-35854 0
401 0 FBIS3-36078 0
401 0 FBIS3-36121 0
401 0 FBIS3-36123 0
401 0 FBIS3-36490 0
401 0 FBIS3-36535 0
401 0 FBIS3-36824 0
401 0 FBIS3-36960 0
401 0 FBIS3-37016 0
401 0 FBIS3-37086 0
401 0 FBIS3-37680 0
401 0 FBIS3-37697 0
401 0 FBIS3-37791 0
401 0 FBIS3-37798 0
401 0 FBIS3-37834 0
401 0 FBIS3-37974 0
401 0 FBIS3-38117 0
401 0 FBIS3-38231 0
401 0 FBIS3-38302 1
401 0 FBIS3-38318 0
401 0 FBIS3-38333 0
401 0 FBIS3-38390 0
401 0 FBIS3-38427 0
401 0 FBIS3-38468 0
401 0 FBIS3-38474 0
401 0 FBIS3-38545 0
401 0 FBIS3-38549 0
401 0 FBIS3-38584 0
401 0 FBIS3-38590 0
401 0 FBIS3-38591 0
401 0 FBIS3-38593 1
401 0 FBIS3-38596 0
401 0 FBIS3-38599 0
401 0 FBIS3-38602 0
401 0 FBIS3-38615 0
401 0 FBIS3-38616 0
401 0 FBIS3-38624 0
401 0 FBIS3-38668 0
401 0 FBIS3-38672 0
401 0 FBIS3-38675 0
401 0 FBIS3-38678 0
401 0 FBIS3-38725 0
401 0 FBIS3-38781 0
401 0 FBIS3-38786 0
401 0 FBIS3-38867 0
401 0 FBIS3-38882 0
401 0 FBIS3-38883 0
401 0 FBIS3-38976 0
401 0 FBIS3-38984 1
401 0 FBIS3-39017 1
401 0 FBIS3-39116 0
401 0 FBIS3-39119 0
401 0 FBIS3-39131 0
401 0 FBIS3-39216 0
401 0 FBIS3-39275 0
401 0 FBIS3-39301 0
401 0 FBIS3-39302 0
401 0 FBIS3-39346 0
401 0 FBIS3-39366 1
401 0 FBIS3-39406 0
401 0 FBIS3-39431 1
401 0 FBIS3-39449 0
401 0 FBIS3-39460 0
401 0 FBIS3-39462 1
401 0 FBIS3-39596 0
401 0 FBIS3-39649 0
401 0 FBIS3-39690 0
401 0 FBIS3-39702 0
401 0 FBIS3-39706 0
401 0 FBIS3-39715 0
401 0 FBIS3-39751 0
401 0 FBIS3-39764 0
401 0 FBIS3-39765 0
401 0 FBIS3-39787 0
401 0 FBIS3-39802 0
401 0 FBIS3-39814 0
401 0 FBIS3-39831 0
401 0 FBIS3-39839 0
401 0 FBIS3-39858 0
401 0 FBIS3-39881 0
401 0 FBIS3-39889 1
401 0 FBIS3-39894 0
401 0 FBIS3-39905 0
401 0 FBIS3-39924 0
401 0 FBIS3-39925 0
401 0 FBIS3-39928 1
401 0 FBIS3-40014 0
401 0 FBIS3-40079 0
401 0 FBIS3-40100 0
401 0 FBIS3-40118 0
401 0 FBIS3-40135 0
401 0 FBIS3-40194 0
401 0 FBIS3-40318 0
401 0 FBIS3-40352 0
401 0 FBIS3-40388 0
401 0 FBIS3-40548 0
401 0 FBIS3-40582 0
401 0 FBIS3-40596 0
401 0 FBIS3-40734 0
401 0 FBIS3-40879 0
401 0 FBIS3-41174 0
401 0 FBIS3-41283 0
401 0 FBIS3-41320 0
401 0 FBIS3-414 0
401 0 FBIS3-41610 0
401 0 FBIS3-41910 0
401 0 FBIS3-42006 0
401 0 FBIS3-4209 0
401 0 FBIS3-42314 0
401 0 FBIS3-42390 0
401 0 FBIS3-42399 0
401 0 FBIS3-42400 0
401 0 FBIS3-42459 0
401 0 FBIS3-42548 0
401 0 FBIS3-42726 0
401 0 FBIS3-42728 0
401 0 FBIS3-42759 0
401 0 FBIS3-42828 0
401 0 FBIS3-42871 0
401 0 FBIS3-42872 0
401 0 FBIS3-42964 0
401 0 FBIS3-42971 0
401 0 FBIS3-43009 0
401 0 FBIS3-43065 0
401 0 FBIS3-43096 0
401 0 FBIS3-43115 0
401 0 FBIS3-43116 0
401 0 FBIS3-43117 0
401 0 FBIS3-43118 0
401 0 FBIS3-43120 0
401 0 FBIS3-43136 0
401 0 FBIS3-43142 0
401 0 FBIS3-43160 0
401 0 FBIS3-43166 0
401 0 FBIS3-43169 0
401 0 FBIS3-43170 0
401 0 FBIS3-43171 0
401 0 FBIS3-43172 0
401 0 FBIS3-43174 0
401 0 FBIS3-43190 0
401 0 FBIS3-43196 0
401 0 FBIS3-43214 0
401 0 FBIS3-43220 0
401 0 FBIS3-43318 0
401 0 FBIS3-44441 0
401 0 FBIS3-44460 0
401 0 FBIS3-44530 0
401 0 FBIS3-44872 0
401 0 FBIS3-44990 0
401 0 FBIS3-45199 0
401 0 FBIS3-45242 0
401 0 FBIS3-45308 0
401 0 FBIS3-45330 0
401 0 FBIS3-45614 0
401 0 FBIS3-46028 0
401 0 FBIS3-46142 0
401 0 FBIS3-46269 0
401 0 FBIS3-46614 0
401 0 FBIS3-468 0
401 0 FBIS3-46832 0
401 0 FBIS3-46978 0
401 0 FBIS3-4730 0
401 0 FBIS3-4742 0
401 0 FBIS3-47604 0
401 0 FBIS3-48282 0
401 0 FBIS3-48632 0
401 0 FBIS3-4871 0
401 0 FBIS3-48891 0
401 0 FBIS3-48948 0
401 0 FBIS3-48949 0
401 0 FBIS3-48991 0
401 0 FBIS3-49008 0
401 0 FBIS3-49009 0
401 0 FBIS3-49023 0
401 0 FBIS3-49026 0
401 0 FBIS3-49028 0
401 0 FBIS3-49036 0
401 0 FBIS3-49092 0
401 0 FBIS3-49224 0
401 0 FBIS3-49228 0
401 0 FBIS3-49339 0
401 0 FBIS3-49344 0
401 0 FBIS3-49347 0
401 0 FBIS3-49360 0
401 0 FBIS3-49374 0
401 0 FBIS3-49378 0
401 0 FBIS3-49379 0
401 0 FBIS3-49380 0
401 0 FBIS3-49407 0
401 0 FBIS3-49411 0
401 0 FBIS3-49452 0
401 0 FBIS3-49453 0
401 0 FBIS3-49470 0
401 0 FBIS3-49486 0
401 0 FBIS3-49531 0
401 0 FBIS3-49532 0
401 0 FBIS3-49534 0
401 0 FBIS3-49544 0
401 0 FBIS3-49556 0
401 0 FBIS3-49589 0
401 0 FBIS3-49618 0
401 0 FBIS3-49631 0
401 0 FBIS3-49662 0
401 0 FBIS3-49664 0
401 0 FBIS3-49667 0
401 0 FBIS3-49712 0
401 0 FBIS3-49716 0
401 0 FBIS3-49719 0
401 0 FBIS3-49881 0
401 0 FBIS3-49895 0
401 0 FBIS3-49922 0
401 0 FBIS3-50017 0
401 0 FBIS3-50020 0
401 0 FBIS3-50027 0
401 0 FBIS3-50052 0
401 0 FBIS3-50059 0
401 0 FBIS3-50129 0
401 0 FBIS3-50216 0
401 0 FBIS3-50224 0
401 0 FBIS3-50276 0
401 0 FBIS3-50280 0
401 0 FBIS3-50327 0
401 0 FBIS3-50401 0
401 0 FBIS3-50402 0
401 0 FBIS3-50417 0
401 0 FBIS3-50680 0
401 0 FBIS3-51651 0
401 0 FBIS3-5275 0
401 0 FBIS3-5304 0
401 0 FBIS3-540 0
401 0 FBIS3-54343 0
401 0 FBIS3-54460 0
401 0 FBIS3-54880 1
401 0 FBIS3-55050 0
401 0 FBIS3-55125 0
401 0 FBIS3-55359 0
401 0 FBIS3-55360 0
401 0 FBIS3-55497 0
401 0 FBIS3-55570 0
401 0 FBIS3-55602 0
401 0 FBIS3-55612 0
401 0 FBIS3-55690 0
401 0 FBIS3-55922 0
401 0 FBIS3-56011 0
401 0 FBIS3-56309 0
401 0 FBIS3-56310 0
401 0 FBIS3-56401 0
401 0 FBIS3-56415 1
401 0 FBIS3-5642 0
401 0 FBIS3-5698 0
401 0 FBIS3-57117 0
401 0 FBIS3-57289 0
401 0 FBIS3-57780 0
401 0 FBIS3-57783 0
401 0 FBIS3-57833 0
401 0 FBIS3-57834 0
401 0 FBIS3-57864 0
401 0 FBIS3-57906 1
401 0 FBIS3-57953 0
401 0 FBIS3-57960 1
401 0 FBIS3-57999 0
401 0 FBIS3-58 0
401 0 FBIS3-58004 0
401 0 FBIS3-58007 1
401 0 FBIS3-58016 0
401 0 FBIS3-58034 0
401 0 FBIS3-58037 1
401 0 FBIS3-58046 0
401 0 FBIS3-58096 0
401 0 FBIS3-58097 0
401 0 FBIS3-58103 1
401 0 FBIS3-58112 0
401 0 FBIS3-58197 0
401 0 FBIS3-58219 0
401 0 FBIS3-58249 0
401 0 FBIS3-58259 0
401 0 FBIS3-58281 0
401 0 FBIS3-58286 0
401 0 FBIS3-58334 0
401 0 FBIS3-58341 0
401 0 FBIS3-58413 0
401 0 FBIS3-58419 0
401 0 FBIS3-58457 0
401 0 FBIS3-58523 1
401 0 FBIS3-58627 0
401 0 FBIS3-5864 1
401 0 FBIS3-58681 0
401 0 FBIS3-58722 0
401 0 FBIS3-58733 0
401 0 FBIS3-58751 0
401 0 FBIS3-58752 0
401 0 FBIS3-58776 1
401 0 FBIS3-58829 0
401 0 FBIS3-58830 0
401 0 FBIS3-58832 1
401 0 FBIS3-58837 0
401 0 FBIS3-58850 0
401 0 FBIS3-5889 0
401 0 FBIS3-58902 0
401 0 FBIS3-58903 0
401 0 FBIS3-58942 0
401 0 FBIS3-58943 0
401 0 FBIS3-58994 0
401 0 FBIS3-59030 1
401 0 FBIS3-59032 0
401 0 FBIS3-59033 0
401 0 FBIS3-59034 0
401 0 FBIS3-59123 0
401 0 FBIS3-59128 1
401 0 FBIS3-59146 0
401 0 FBIS3-59147 0
401 0 FBIS3-59148 0
401 0 FBIS3-59195 0
401 0 FBIS3-59213 0
401 0 FBIS3-59310 0
401 0 FBIS3-59330 0
401 0 FBIS3-59395 0
401 0 FBIS3-59418 0
401 0 FBIS3-59437 0
401 0 FBIS3-59491 0
401 0 FBIS3-59499 0
401 0 FBIS3-59552 0
401 0 FBIS3-59752 0
401 0 FBIS3-59840 0
401 0 FBIS3-59946 0
401 0 FBIS3-59947 0
401 0 FBIS3-6028 0
401 0 FBIS3-60384 0
401 0 FBIS3-6040 0
401 0 FBIS3-60738 0
401 0 FBIS3-60813 0
401 0 FBIS3-60884 1
401 0 FBIS3-60900 1
401 0 FBIS3-60912 0
401 0 FBIS3-60973 1
401 0 FBIS3-60975 1
401 0 FBIS3-61094 0
401 0 FBIS3-61141 0
401 0 FBIS3-61164 0
401 0 FBIS3-61173 0
401 0 FBIS3-61177 0
401 0 FBIS3-61231 0
401 0 FBIS3-61253 0
401 0 FBIS3-61266 0
401 0 FBIS3-61291 0
401 0 FBIS3-61296 0
401 0 FBIS3-61307 0
401 0 FBIS3-61335 0
401 0 FBIS3-61336 1
401 0 FBIS3-61395 0
401 0 FBIS3-61401 0
401 0 FBIS3-6482 0
401 0 FBIS3-7124 0
401 0 FBIS3-7126 0
401 0 FBIS3-7743 0
401 0 FBIS3-7802 0
401 0 FBIS3-7866 0
401 0 FBIS3-7875 0
401 0 FBIS3-7877 0
401 0 FBIS3-7902 0
401 0 FBIS3-7988 0
401 0 FBIS3-8008 0
401 0 FBIS3-8054 0
401 0 FBIS3-8062 0
401 0 FBIS3-8092 0
401 0 FBIS3-8130 0
401 0 FBIS3-8178 0
401 0 FBIS3-8239 0
401 0 FBIS3-8272 0
401 0 FBIS3-8299 0
401 0 FBIS3-8308 0
401 0 FBIS3-8333 0
401 0 FBIS3-8372 0
401 0 FBIS3-8424 0
401 0 FBIS3-8433 0
401 0 FBIS3-8488 0
401 0 FBIS3-8570 0
401 0 FBIS3-8571 0
401 0 FBIS3-8755 0
401 0 FBIS3-8773 0
401 0 FBIS3-8888 0
401 0 FBIS3-8949 0
401 0 FBIS3-8977 0
401 0 FBIS3-9016 0
401 0 FBIS3-9085 0
401 0 FBIS3-9216 0
401 0 FBIS3-9220 0
401 0 FBIS3-9297 0
401 0 FBIS3-9337 0
401 0 FBIS3-9339 0
401 0 FBIS3-9342 0
401 0 FBIS3-9343 0
401 0 FBIS3-9348 0
401 0 FBIS3-9453 0
401 0 FBIS3-9472 0
401 0 FBIS3-9563 0
401 0 FBIS3-9625 0
401 0 FBIS3-9653 0
401 0 FBIS3-9684 0
401 0 FBIS3-9689 0
401 0 FBIS3-9708 0
401 0 FBIS3-9721 0
401 0 FBIS3-9729 0
401 0 FBIS3-9733 0
401 0 FBIS3-9736 0
401 0 FBIS3-9786 0
401 0 FBIS3-9788 0
401 0 FBIS3-9857 0
401 0 FBIS3-9953 0
401 0 FBIS4-10619 0
401 0 FBIS4-14365 0
401 0 FBIS4-1583 0
401 0 FBIS4-16019 0
401 0 FBIS4-16234 0
401 0 FBIS4-16235 0
401 0 FBIS4-1627 0
401 0 FBIS4-16406 0
401 0 FBIS4-16487 0
401 0 FBIS4-16582 0
401 0 FBIS4-16643 0
401 0 FBIS4-17420 0
401 0 FBIS4-17537 0
401 0 FBIS4-17569 0
401 0 FBIS4-18119 1
401 0 FBIS4-18123 0
401 0 FBIS4-18192 0
401 0 FBIS4-18220 1
401 0 FBIS4-18222 0
401 0 FBIS4-18226 1
401 0 FBIS4-18248 0
401 0 FBIS4-18303 1
401 0 FBIS4-18327 0
401 0 FBIS4-18387 0
401 0 FBIS4-18398 0
401 0 FBIS4-1843 0
401 0 FBIS4-18473 0
401 0 FBIS4-18576 0
401 0 FBIS4-18591 0
401 0 FBIS4-18593 1
401 0 FBIS4-18595 0
401 0 FBIS4-1860 0
401 0 FBIS4-18601 1
401 0 FBIS4-18607 0
401 0 FBIS4-1861 0
401 0 FBIS4-18616 0
401 0 FBIS4-18642 1
401 0 FBIS4-18670 1
401 0 FBIS4-18760 1
401 0 FBIS4-18764 1
401 0 FBIS4-18886 1
401 0 FBIS4-19 0
401 0 FBIS4-19004 0
401 0 FBIS4-19006 0
401 0 FBIS4-19043 0
401 0 FBIS4-19110 0
401 0 FBIS4-19128 1
401 0 FBIS4-19134 0
401 0 FBIS4-19158 0
401 0 FBIS4-19176 0
401 0 FBIS4-19199 0
401 0 FBIS4-19200 1
401 0 FBIS4-19210 1
401 0 FBIS4-19238 1
401 0 FBIS4-19244 0
401 0 FBIS4-19268 0
401 0 FBIS4-19292 0
401 0 FBIS4-19325 1
401 0 FBIS4-19347 1
401 0 FBIS4-19392 0
401 0 FBIS4-19447 0
401 0 FBIS4-19519 1
401 0 FBIS4-19520 0
401 0 FBIS4-19524 0
401 0 FBIS4-19529 0
401 0 FBIS4-19564 0
401 0 FBIS4-19630 1
401 0 FBIS4-19631 1
401 0 FBIS4-19641 0
401 0 FBIS4-19679 0
401 0 FBIS4-19681 0
401 0 FBIS4-19703 0
401 0 FBIS4-19712 0
401 0 FBIS4-19739 1
401 0 FBIS4-19744 1
401 0 FBIS4-19854 1
401 0 FBIS4-19887 0
401 0 FBIS4-19983 0
401 0 FBIS4-19996 0
401 0 FBIS4-19998 0
401 0 FBIS4-20024 0
401 0 FBIS4-20041 0
401 0 FBIS4-20130 0
401 0 FBIS4-20354 0
401 0 FBIS4-20355 0
401 0 FBIS4-20384 0
401 0 FBIS4-20385 0
401 0 FBIS4-20396 0
401 0 FBIS4-20414 0
401 0 FBIS4-2047 0
401 0 FBIS4-20821 0
401 0 FBIS4-20871 1
401 0 FBIS4-21 0
401 0 FBIS4-2111 0
401 0 FBIS4-21111 1
401 0 FBIS4-2128 0
401 0 FBIS4-21488 0
401 0 FBIS4-21613 1
401 0 FBIS4-21742 0
401 0 FBIS4-21817 1
401 0 FBIS4-21941 1
401 0 FBIS4-22019 0
401 0 FBIS4-22021 0
401 0 FBIS4-22022 1
401 0 FBIS4-22198 0
401 0 FBIS4-22286 0
401 0 FBIS4-22411 0
401 0 FBIS4-22567 0
401 0 FBIS4-22779 0
401 0 FBIS4-23084 0
401 0 FBIS4-23089 0
401 0 FBIS4-23114 0
401 0 FBIS4-2317 0
401 0 FBIS4-23243 0
401 0 FBIS4-23439 0
401 0 FBIS4-2439 0
401 0 FBIS4-24424 0
401 0 FBIS4-24443 0
401 0 FBIS4-24630 0
401 0 FBIS4-24741 0
401 0 FBIS4-24791 0
401 0 FBIS4-24951 0
401 0 FBIS4-25261 0
401 0 FBIS4-25615 0
401 0 FBIS4-26610 0
401 0 FBIS4-26675 0
401 0 FBIS4-26727 0
401 0 FBIS4-26738 0
401 0 FBIS4-26932 0
401 0 FBIS4-26947 0
401 0 FBIS4-27085 0
401 0 FBIS4-27300 0
401 0 FBIS4-27391 0
401 0 FBIS4-2771 0
401 0 FBIS4-27934 0
401 0 FBIS4-29053 0
401 0 FBIS4-2954 0
401 0 FBIS4-30132 0
401 0 FBIS4-30729 0
401 0 FBIS4-30735 0
401 0 FBIS4-30775 0
401 0 FBIS4-30835 0
401 0 FBIS4-30933 0
401 0 FBIS4-30947 0
401 0 FBIS4-31019 0
401 0 FBIS4-31029 0
401 0 FBIS4-31031 0
401 0 FBIS4-31035 0
401 0 FBIS4-31073 0
401 0 FBIS4-31119 0
401 0 FBIS4-31159 0
401 0 FBIS4-31230 0
401 0 FBIS4-31286 0
401 0 FBIS4-31288 0
401 0 FBIS4-31393 0
401 0 FBIS4-31396 0
401 0 FBIS4-31449 0
401 0 FBIS4-31541 0
401 0 FBIS4-31747 0
401 0 FBIS4-31775 0
401 0 FBIS4-31787 0
401 0 FBIS4-31925 0
401 0 FBIS4-32055 0
401 0 FBIS4-32182 0
401 0 FBIS4-32200 0
401 0 FBIS4-32204 0
401 0 FBIS4-32230 0
401 0 FBIS4-32276 0
401 0 FBIS4-32348 0
401 0 FBIS4-32362 0
401 0 FBIS4-32494 0
401 0 FBIS4-32581 0
401 0 FBIS4-32589 0
401 0 FBIS4-32612 0
401 0 FBIS4-32713 0
401 0 FBIS4-32740 0
401 0 FBIS4-32748 0
401 0 FBIS4-32753 0
401 0 FBIS4-33749 0
401 0 FBIS4-3376 0
401 0 FBIS4-34124 0
401 0 FBIS4-34207 0
401 0 FBIS4-35788 0
401 0 FBIS4-36088 0
401 0 FBIS4-36345 0
401 0 FBIS4-36921 0
401 0 FBIS4-37038 0
401 0 FBIS4-37190 0
401 0 FBIS4-38663 0
401 0 FBIS4-39071 0
401 0 FBIS4-39072 0
401 0 FBIS4-39316 0
401 0 FBIS4-3968 0
401 0 FBIS4-40113 0
401 0 FBIS4-40566 0
401 0 FBIS4-4067 0
401 0 FBIS4-40881 0
401 0 FBIS4-41289 0
401 0 FBIS4-42 0
401 0 FBIS4-42064 0
401 0 FBIS4-42066 0
401 0 FBIS4-42070 0
401 0 FBIS4-42082 0
401 0 FBIS4-42105 0
401 0 FBIS4-42121 0
401 0 FBIS4-42122 0
401 0 FBIS4-42133 0
401 0 FBIS4-42224 0
401 0 FBIS4-42230 0
401 0 FBIS4-42256 0
401 0 FBIS4-42259 0
401 0 FBIS4-42262 0
401 0 FBIS4-42312 0
401 0 FBIS4-42388 1
401 0 FBIS4-42393 1
401 0 FBIS4-42453 0
401 0 FBIS4-42467 1
401 0 FBIS4-42516 0
401 0 FBIS4-42574 0
401 0 FBIS4-42575 0
401 0 FBIS4-42616 0
401 0 FBIS4-42630 0
401 0 FBIS4-42631 1
401 0 FBIS4-42633 0
401 0 FBIS4-42635 0
401 0 FBIS4-42709 1
401 0 FBIS4-42739 0
401 0 FBIS4-42768 0
401 0 FBIS4-42829 0
401 0 FBIS4-42842 0
401 0 FBIS4-42879 0
401 0 FBIS4-42985 0
401 0 FBIS4-42986 0
401 0 FBIS4-42999 0
401 0 FBIS4-43034 0
401 0 FBIS4-43047 0
401 0 FBIS4-43089 0
401 0 FBIS4-43093 0
401 0 FBIS4-43151 0
401 0 FBIS4-43160 0
401 0 FBIS4-43315 0
401 0 FBIS4-43335 0
401 0 FBIS4-43366 0
401 0 FBIS4-43367 0
401 0 FBIS4-43420 0
401 0 FBIS4-43514 0
401 0 FBIS4-43525 0
401 0 FBIS4-43543 0
401 0 FBIS4-4355 1
401 0 FBIS4-43659 0
401 0 FBIS4-43672 0
401 0 FBIS4-43675 0
401 0 FBIS4-43692 0
401 0 FBIS4-43789 1
401 0 FBIS4-43790 0
401 0 FBIS4-43868 0
401 0 FBIS4-43888 1
401 0 FBIS4-43909 0
401 0 FBIS4-43916 0
401 0 FBIS4-43940 0
401 0 FBIS4-44052 0
401 0 FBIS4-44196 0
401 0 FBIS4-44239 0
401 0 FBIS4-44262 0
401 0 FBIS4-44306 1
401 0 FBIS4-44309 0
401 0 FBIS4-44350 0
401 0 FBIS4-44356 0
401 0 FBIS4-44366 0
401 0 FBIS4-44424 0
401 0 FBIS4-44437 0
401 0 FBIS4-44443 0
401 0 FBIS4-44463 0
401 0 FBIS4-44661 0
401 0 FBIS4-44752 0
401 0 FBIS4-44863 0
401 0 FBIS4-45041 0
401 0 FBIS4-45235 1
401 0 FBIS4-46177 1
401 0 FBIS4-46746 0
401 0 FBIS4-46959 0
401 0 FBIS4-47093 0
401 0 FBIS4-47140 0
401 0 FBIS4-47142 0
401 0 FBIS4-47609 0
401 0 FBIS4-47621 0
401 0 FBIS4-47629 0
401 0 FBIS4-47630 0
401 0 FBIS4-49141 0
401 0 FBIS4-49245 0
401 0 FBIS4-49251 0
401 0 FBIS4-49386 0
401 0 FBIS4-49457 0
401 0 FBIS4-49832 0
401 0 FBIS4-49862 0
401 0 FBIS4-50011 0
401 0 FBIS4-50026 0
401 0 FBIS4-50446 0
401 0 FBIS4-50518 0
401 0 FBIS4-50576 0
401 0 FBIS4-51071 0
401 0 FBIS4-51651 0
401 0 FBIS4-52040 0
401 0 FBIS4-52041 0
401 0 FBIS4-52044 0
401 0 FBIS4-52159 0
401 0 FBIS4-52303 0
401 0 FBIS4-52682 0
401 0 FBIS4-52946 0
401 0 FBIS4-53078 0
401 0 FBIS4-53281 0
401 0 FBIS4-53862 0
401 0 FBIS4-54007 0
401 0 FBIS4-54240 0
401 0 FBIS4-54408 0
401 0 FBIS4-54424 0
401 0 FBIS4-54510 0
401 0 FBIS4-54548 0
401 0 FBIS4-54610 0
401 0 FBIS4-54623 0
401 0 FBIS4-54728 0
401 0 FBIS4-54765 0
401 0 FBIS4-54812 0
401 0 FBIS4-55093 0
401 0 FBIS4-55169 0
401 0 FBIS4-55213 0
401 0 FBIS4-55380 0
401 0 FBIS4-55434 0
401 0 FBIS4-55474 0
401 0 FBIS4-55528 0
401 0 FBIS4-55618 0
401 0 FBIS4-55638 0
401 0 FBIS4-55688 0
401 0 FBIS4-55695 0
401 0 FBIS4-55712 0
401 0 FBIS4-55740 0
401 0 FBIS4-55744 0
401 0 FBIS4-55751 0
401 0 FBIS4-55784 0
401 0 FBIS4-55792 0
401 0 FBIS4-55842 0
401 0 FBIS4-55843 0
401 0 FBIS4-55844 0
401 0 FBIS4-55873 0
401 0 FBIS4-55912 0
401 0 FBIS4-55914 0
401 0 FBIS4-55917 0
401 0 FBIS4-56052 0
401 0 FBIS4-56142 0
401 0 FBIS4-56146 0
401 0 FBIS4-56878 0
401 0 FBIS4-58299 0
401 0 FBIS4-58335 0
401 0 FBIS4-58610 0
401 0 FBIS4-58615 0
401 0 FBIS4-58796 0
401 0 FBIS4-59142 0
401 0 FBIS4-59428 0
401 0 FBIS4-60100 0
401 0 FBIS4-60977 0
401 0 FBIS4-61575 0
401 0 FBIS4-62151 0
401 0 FBIS4-62339 0
401 0 FBIS4-63224 0
401 0 FBIS4-63292 0
401 0 FBIS4-63833 0
401 0 FBIS4-63981 0
401 0 FBIS4-64005 0
401 0 FBIS4-64139 0
401 0 FBIS4-64194 0
401 0 FBIS4-64222 0
401 0 FBIS4-64258 1
401 0 FBIS4-64261 0
401 0 FBIS4-64273 0
401 0 FBIS4-64322 0
401 0 FBIS4-64330 0
401 0 FBIS4-64331 0
401 0 FBIS4-64475 1
401 0 FBIS4-64476 1
401 0 FBIS4-64518 0
401 0 FBIS4-64567 1
401 0 FBIS4-64568 0
401 0 FBIS4-64570 0
401 0 FBIS4-64659 0
401 0 FBIS4-64742 1
401 0 FBIS4-64743 1
401 0 FBIS4-64744 0
401 0 FBIS4-64781 1
401 0 FBIS4-64783 0
401 0 FBIS4-64811 0
401 0 FBIS4-64863 0
401 0 FBIS4-64874 0
401 0 FBIS4-64903 1
401 0 FBIS4-64960 1
401 0 FBIS4-64961 0
401 0 FBIS4-64979 0
401 0 FBIS4-65002 0
401 0 FBIS4-65016 0
401 0 FBIS4-65017 0
401 0 FBIS4-65051 1
401 0 FBIS4-65071 0
401 0 FBIS4-65094 0
401 0 FBIS4-65096 0
401 0 FBIS4-65098 1
401 0 FBIS4-65149 0
401 0 FBIS4-65153 0
401 0 FBIS4-65190 0
401 0 FBIS4-65220 0
401 0 FBIS4-65273 1
401 0 FBIS4-65309 0
401 0 FBIS4-65351 0
401 0 FBIS4-65395 1
401 0 FBIS4-65433 1
401 0 FBIS4-65437 1
401 0 FBIS4-65443 0
401 0 FBIS4-65473 0
401 0 FBIS4-65502 1
401 0 FBIS4-65506 1
401 0 FBIS4-65507 1
401 0 FBIS4-65508 1
401 0 FBIS4-65538 0
401 0 FBIS4-65539 1
401 0 FBIS4-65540 1
401 0 FBIS4-65671 0
401 0 FBIS4-65675 1
401 0 FBIS4-65680 1
401 0 FBIS4-65800 0
401 0 FBIS4-65874 1
401 0 FBIS4-65878 0
401 0 FBIS4-65905 0
401 0 FBIS4-65915 0
401 0 FBIS4-65946 0
401 0 FBIS4-65947 0
401 0 FBIS4-65984 0
401 0 FBIS4-65989 0
401 0 FBIS4-66051 0
401 0 FBIS4-66054 1
401 0 FBIS4-66065 0
401 0 FBIS4-66077 0
401 0 FBIS4-66081 0
401 0 FBIS4-66147 0
401 0 FBIS4-66152 0
401 0 FBIS4-66153 0
401 0 FBIS4-66161 0
401 0 FBIS4-66170 0
401 0 FBIS4-66209 0
401 0 FBIS4-66210 0
401 0 FBIS4-66231 0
401 0 FBIS4-66253 0
401 0 FBIS4-66254 0
401 0 FBIS4-66280 0
401 0 FBIS4-66308 0
401 0 FBIS4-66404 0
401 0 FBIS4-66610 0
401 0 FBIS4-66612 0
401 0 FBIS4-66646 0
401 0 FBIS4-67209 0
401 0 FBIS4-67759 0
401 0 FBIS4-68275 0
401 0 FBIS4-68349 0
401 0 FBIS4-68451 0
401 0 FBIS4-68471 0
401 0 FBIS4-68582 0
401 0 FBIS4-68585 0
401 0 FBIS4-68649 0
401 0 FBIS4-68653 0
401 0 FBIS4-68662 0
401 0 FBIS4-68674 0
401 0 FBIS4-68694 0
401 0 FBIS4-68697 0
401 0 FBIS4-68699 0
401 0 FBIS4-68711 0
401 0 FBIS4-68732 0
401 0 FBIS4-68749 0
401 0 FBIS4-68763 0
401 0 FBIS4-68766 0
401 0 FBIS4-68772 0
401 0 FBIS4-68783 0
401 0 FBIS4-68784 0
401 0 FBIS4-68785 0
401 0 FBIS4-68787 0
401 0 FBIS4-68823 0
401 0 FBIS4-68824 0
401 0 FBIS4-68880 0
401 0 FBIS4-7481 0
401 0 FBIS4-7561 0
401 0 FBIS4-7857 0
401 0 FBIS4-8013 0
401 0 FBIS4-8025 0
401 0 FBIS4-8370 0
401 0 FBIS4-8466 0
401 0 FBIS4-8554 0
401 0 FBIS4-8580 0
401 0 FBIS4-8585 0
401 0 FBIS4-8586 1
401 0 FBIS4-8587 0
401 0 FBIS4-8625 0
401 0 FBIS4-8683 0
401 0 FBIS4-8803 0
401 0 FBIS4-9010 0
401 0 FBIS4-9049 0
401 0 FBIS4-9068 1
401 0 FBIS4-9179 0
401 0 FBIS4-9244 0
401 0 FBIS4-9261 0
401 0 FBIS4-9354 0
401 0 FBIS4-9359 0
401 0 FBIS4-9475 0
401 0 FBIS4-9996 0
401 0 FR940104-0-00033 0
401 0 FR940105-1-00018 0
401 0 FR940111-0-00016 0
401 0 FR940111-0-00022 0
401 0 FR940111-0-00041 0
401 0 FR940203-0-00084 0
401 0 FR940203-1-00069 0
401 0 FR940208-1-00008 0
401 0 FR940224-2-00086 0
401 0 FR940302-2-00026 0
401 0 FR940303-2-00091 0
401 0 FR940304-1-00088 0
401 0 FR940304-1-00130 0
401 0 FR940304-1-00143 0
401 0 FR940304-1-00155 0
401 0 FR940304-1-00165 0
401 0 FR940317-2-00052 0
401 0 FR940318-2-00058 0
401 0 FR940324-2-00020 0
401 0 FR940413-2-00041 0
401 0 FR940429-2-00129 0
401 0 FR940503-0-00047 0
401 0 FR940503-1-00027 0
401 0 FR940504-2-00014 0
401 0 FR940513-0-00006 0
401 0 FR940513-0-00111 0
401 0 FR940513-0-00115 0
401 0 FR940513-1-00022 0
401 0 FR940513-2-00082 0
401 0 FR940516-2-00133 0
401 0 FR940523-0-00006 0
401 0 FR940524-0-00023 0
401 0 FR940526-0-00028 0
401 0 FR940607-1-00007 0
401 0 FR940607-1-00008 0
401 0 FR940617-2-00224 0
401 0 FR940620-2-00067 0
401 0 FR940621-0-00031 0
401 0 FR940621-2-00072 0
401 0 FR940627-2-00035 0
401 0 FR940713-2-00172 0
401 0 FR940719-2-00167 0
401 0 FR940722-0-00095 0
401 0 FR940722-0-00120 0
401 0 FR940722-0-00132 0
401 0 FR940728-1-00021 0
401 0 FR940804-1-00057 0
401 0 FR940805-0-00024 0
401 0 FR940817-0-00046 0
401 0 FR940817-0-00047 0
401 0 FR940817-0-00048 0
401 0 FR940817-0-00060 0
401 0 FR940817-0-00062 0
401 0 FR940817-0-00063 0
401 0 FR940817-0-00064 0
401 0 FR940817-0-00065 0
401 0 FR940817-2-00133 0
401 0 FR940825-0-00031 0
401 0 FR940825-1-00028 0
401 0 FR940825-1-00036 0
401 0 FR940825-1-00040 0
401 0 FR940825-1-00056 0
401 0 FR940825-1-00069 0
401 0 FR940825-1-00077 0
401 0 FR940825-1-00096 0
401 0 FR940825-2-00175 0
401 0 FR940826-1-00066 0
401 0 FR940826-1-00070 0
401 0 FR940826-1-00072 0
401 0 FR940831-1-00024 0
401 0 FR940902-0-00010 0
401 0 FR940902-1-00048 0
401 0 FR940906-2-00146 0
401 0 FR940906-2-00148 0
401 0 FR940920-2-00010 0
401 0 FR940922-2-00126 0
401 0 FR940926-0-00076 0
401 0 FR941003-2-00088 0
401 0 FR941004-0-00044 0
401 0 FR941007-0-00018 0
401 0 FR941021-0-00072 0
401 0 FR941027-1-00011 0
401 0 FR941027-1-00030 0
401 0 FR941104-2-00089 0
401 0 FR941107-0-00034 0
401 0 FR941122-0-00024 0
401 0 FR941122-1-00056 0
401 0 FR941130-0-00122 0
401 0 FR941130-0-00123 0
401 0 FR941202-2-00106 0
401 0 FR941205-0-00032 0
401 0 FR941205-2-00164 0
401 0 FR941205-2-00171 0
401 0 FR941205-2-00174 0
401 0 FR941206-1-00134 0
401 0 FR941207-0-00128 0
401 0 FR941207-0-00129 0
401 0 FR941207-0-00135 0
401 0 FR941213-0-00084 0
401 0 FR941230-0-00123 0
401 0 FR941230-2-00130 0
401 0 FT911-1225 0
401 0 FT911-1797 0
401 0 FT911-1799 0
401 0 FT911-2078 0
401 0 FT911-2449 0
401 0 FT911-2806 1
401 0 FT911-2822 0
401 0 FT911-2913 0
401 0 FT911-3580 0
401 0 FT911-3663 0
401 0 FT911-3771 0
401 0 FT911-3790 0
401 0 FT911-3953 0
401 0 FT921-1014 0
401 0 FT921-10372 0
401 0 FT921-1103 0
401 0 FT921-1122 0
401 0 FT921-11456 0
401 0 FT921-11829 0
401 0 FT921-13188 1
401 0 FT921-13525 0
401 0 FT921-13592 0
401 0 FT921-13792 0
401 0 FT921-13797 1
401 0 FT921-13979 0
401 0 FT921-14011 0
401 0 FT921-14086 1
401 0 FT921-14710 0
401 0 FT921-15798 0
401 0 FT921-15986 1
401 0 FT921-16075 1
401 0 FT921-16136 0
401 0 FT921-1807 1
401 0 FT921-2966 0
401 0 FT921-3048 0
401 0 FT921-3213 0
401 0 FT921-3278 0
401 0 FT921-3670 0
401 0 FT921-4196 0
401 0 FT921-4363 1
401 0 FT921-4705 0
401 0 FT921-4817 0
401 0 FT921-5469 0
401 0 FT921-5521 1
401 0 FT921-5524 0
401 0 FT921-634 1
401 0 FT921-6606 0
401 0 FT921-7938 0
401 0 FT921-7960 0
401 0 FT921-8454 0
401 0 FT921-9293 1
401 0 FT922-1021 0
401 0 FT922-10691 0
401 0 FT922-11027 0
401 0 FT922-11640 0
401 0 FT922-1181 0
401 0 FT922-12960 0
401 0 FT922-13315 0
401 0 FT922-13996 0
401 0 FT922-14288 1
401 0 FT922-14296 1
401 0 FT922-14496 1
401 0 FT922-15566 0
401 0 FT922-1634 0
401 0 FT922-1684 0
401 0 FT922-1910 0
401 0 FT922-2268 0
401 0 FT922-2274 0
401 0 FT922-2284 0
401 0 FT922-2564 1
401 0 FT922-3227 0
401 0 FT922-3402 0
401 0 FT922-3898 0
401 0 FT922-4025 0
401 0 FT922-4257 0
401 0 FT922-4286 0
401 0 FT922-4593 0
401 0 FT922-4634 0
401 0 FT922-5900 0
401 0 FT922-5956 0
401 0 FT922-6294 0
401 0 FT922-7241 0
401 0 FT922-7465 0
401 0 FT922-7612 0
401 0 FT922-7655 0
401 0 FT922-7694 0
401 0 FT922-7914 0
401 0 FT922-8211 0
401 0 FT922-8360 0
401 0 FT922-8378 0
401 0 FT922-8412 0
401 0 FT922-8550 0
401 0 FT922-8757 0
401 0 FT922-9248 0
401 0 FT922-9616 0
401 0 FT922-9686 0
401 0 FT922-9734 0
401 0 FT923-1011 0
401 0 FT923-10477 0
401 0 FT923-10585 1
401 0 FT923-10834 0
401 0 FT923-11069 1
401 0 FT923-1141 0
401 0 FT923-12269 0
401 0 FT923-12436 0
401 0 FT923-15050 0
401 0 FT923-1583 0
401 0 FT923-1931 0
401 0 FT923-2346 1
401 0 FT923-2968 0
401 0 FT923-3068 1
401 0 FT923-3130 1
401 0 FT923-3145 0
401 0 FT923-3230 0
401 0 FT923-3497 0
401 0 FT923-3799 1
401 0 FT923-3818 0
401 0 FT923-4063 1
401 0 FT923-4492 0
401 0 FT923-4502 1
401 0 FT923-5203 0
401 0 FT923-5331 1
401 0 FT923-5394 0
401 0 FT923-5622 0
401 0 FT923-5655 1
401 0 FT923-5749 1
401 0 FT923-5901 0
401 0 FT923-5991 1
401 0 FT923-605 0
401 0 FT923-6068 1
401 0 FT923-6217 1
401 0 FT923-6218 1
401 0 FT923-6219 0
401 0 FT923-6362 1
401 0 FT923-6564 1
401 0 FT923-6593 1
401 0 FT923-7013 0
401 0 FT923-7198 0
401 0 FT923-7457 0
401 0 FT923-8331 0
401 0 FT923-934 0
401 0 FT923-9388 1
401 0 FT923-9617 0
401 0 FT924-10053 1
401 0 FT924-10457 0
401 0 FT924-10751 0
401 0 FT924-10765 0
401 0 FT924-11216 1
401 0 FT924-11304 1
401 0 FT924-11396 1
401 0 FT924-11409 0
401 0 FT924-11530 0
401 0 FT924-11673 0
401 0 FT924-11730 0
401 0 FT924-11925 0
401 0 FT924-12222 1
401 0 FT924-12584 0
401 0 FT924-12761 1
401 0 FT924-13368 0
401 0 FT924-1346 0
401 0 FT924-13569 1
401 0 FT924-13618 1
401 0 FT924-13800 1
401 0 FT924-14035 0
401 0 FT924-14038 0
401 0 FT924-14188 0
401 0 FT924-14321 1
401 0 FT924-14687 0
401 0 FT924-15061 0
401 0 FT924-15118 0
401 0 FT924-15445 1
401 0 FT924-15719 0
401 0 FT924-15936 0
401 0 FT924-1650 0
401 0 FT924-171 0
401 0 FT924-1732 0
401 0 FT924-1760 0
401 0 FT924-1870 0
401 0 FT924-1952 0
401 0 FT924-2188 0
401 0 FT924-2233 0
401 0 FT924-2543 0
401 0 FT924-2944 0
401 0 FT924-3197 1
401 0 FT924-3504 1
401 0 FT924-3506 1
401 0 FT924-3530 1
401 0 FT924-3615 0
401 0 FT924-3751 0
401 0 FT924-4346 0
401 0 FT924-452 1
401 0 FT924-4807 1
401 0 FT924-4817 1
401 0 FT924-4955 1
401 0 FT924-5131 0
401 0 FT924-5373 1
401 0 FT924-5847 1
401 0 FT924-5850 1
401 0 FT924-5975 0
401 0 FT924-6120 1
401 0 FT924-6217 0
401 0 FT924-6241 1
401 0 FT924-6417 1
401 0 FT924-655 0
401 0 FT924-6681 0
401 0 FT924-7058 0
401 0 FT924-7218 0
401 0 FT924-7858 0
401 0 FT924-8054 1
401 0 FT924-8536 0
401 0 FT924-8762 0
401 0 FT924-8919 1
401 0 FT924-8921 1
401 0 FT924-8929 1
401 0 FT924-9115 0
401 0 FT924-9774 0
401 0 FT924-9865 0
401 0 FT931-10056 1
401 0 FT931-11098 0
401 0 FT931-11320 0
401 0 FT931-1175 0
401 0 FT931-12491 0
401 0 FT931-12927 0
401 0 FT931-13782 0
401 0 FT931-13815 0
401 0 FT931-1394 0
401 0 FT931-14012 0
401 0 FT931-14086 0
401 0 FT931-14461 0
401 0 FT931-15335 0
401 0 FT931-15358 0
401 0 FT931-15680 0
401 0 FT931-16236 0
401 0 FT931-16277 0
401 0 FT931-1637 0
401 0 FT931-16434 0
401 0 FT931-1645 0
401 0 FT931-16872 0
401 0 FT931-17112 0
401 0 FT931-1806 0
401 0 FT931-1930 0
401 0 FT931-2117 0
401 0 FT931-2176 1
401 0 FT931-2236 0
401 0 FT931-3960 0
401 0 FT931-4115 0
401 0 FT931-5571 1
401 0 FT931-5909 0
401 0 FT931-5939 1
401 0 FT931-595 0
401 0 FT931-6247 0
401 0 FT931-6467 0
401 0 FT931-6791 0
401 0 FT931-6909 0
401 0 FT931-7129 0
401 0 FT931-7900 0
401 0 FT931-805 0
401 0 FT931-8925 1
401 0 FT931-8991 1
401 0 FT931-9196 1
401 0 FT931-9354 1
401 0 FT931-978 0
401 0 FT932-10187 1
401 0 FT932-1167 0
401 0 FT932-12118 1
401 0 FT932-12882 0
401 0 FT932-12956 0
401 0 FT932-1461 0
401 0 FT932-15190 0
401 0 FT932-16963 0
401 0 FT932-1736 0
401 0 FT932-1787 0
401 0 FT932-1948 0
401 0 FT932-2357 0
401 0 FT932-2634 0
401 0 FT932-2644 0
401 0 FT932-2882 1
401 0 FT932-2897 1
401 0 FT932-3035 0
401 0 FT932-3188 0
401 0 FT932-3401 0
401 0 FT932-3408 0
401 0 FT932-3450 0
401 0 FT932-3581 1
401 0 FT932-3800 1
401 0 FT932-3953 0
401 0 FT932-4556 1
401 0 FT932-4849 1
401 0 FT932-5161 1
401 0 FT932-5237 0
401 0 FT932-5319 0
401 0 FT932-5388 1
401 0 FT932-5510 0
401 0 FT932-5625 0
401 0 FT932-5671 0
401 0 FT932-5771 1
401 0 FT932-6044 1
401 0 FT932-6518 0
401 0 FT932-659 1
401 0 FT932-6653 1
401 0 FT932-6660 1
401 0 FT932-7010 0
401 0 FT932-8007 0
401 0 FT932-8519 1
401 0 FT932-873 1
401 0 FT932-9023 0
401 0 FT932-9706 0
401 0 FT932-9716 0
401 0 FT933-10512 0
401 0 FT933-11232 0
401 0 FT933-11804 0
401 0 FT933-1225 0
401 0 FT933-12657 0
401 0 FT933-13166 0
401 0 FT933-13202 0
401 0 FT933-13219 0
401 0 FT933-13479 0
401 0 FT933-13590 0
401 0 FT933-14822 0
401 0 FT933-14889 0
401 0 FT933-15285 0
401 0 FT933-15315 0
401 0 FT933-15378 0
401 0 FT933-15872 0
401 0 FT933-17018 0
401 0 FT933-2049 0
401 0 FT933-2362 0
401 0 FT933-2777 0
401 0 FT933-3018 0
401 0 FT933-3036 1
401 0 FT933-3276 0
401 0 FT933-4768 0
401 0 FT933-6678 0
401 0 FT933-6684 0
401 0 FT933-6685 0
401 0 FT933-7005 0
401 0 FT933-7185 0
401 0 FT933-7267 0
401 0 FT933-7311 0
401 0 FT933-803 0
401 0 FT933-820 0
401 0 FT933-8530 0
401 0 FT933-8708 0
401 0 FT933-8719 0
401 0 FT933-8932 0
401 0 FT933-9086 0
401 0 FT933-933 0
401 0 FT933-9575 0
401 0 FT933-9820 0
401 0 FT934-10064 0
401 0 FT934-10306 1
401 0 FT934-10520 1
401 0 FT934-10645 0
401 0 FT934-11023 0
401 0 FT934-11227 0
401 0 FT934-11235 0
401 0 FT934-11300 0
401 0 FT934-11312 1
401 0 FT934-1230 0
401 0 FT934-12728 0
401 0 FT934-13268 0
401 0 FT934-13419 0
401 0 FT934-13518 0
401 0 FT934-13644 0
401 0 FT934-14283 0
401 0 FT934-14503 0
401 0 FT934-14901 0
401 0 FT934-14960 0
401 0 FT934-15074 0
401 0 FT934-15277 0
401 0 FT934-16374 0
401 0 FT934-17133 0
401 0 FT934-17339 1
401 0 FT934-17461 1
401 0 FT934-1807 0
401 0 FT934-2531 1
401 0 FT934-2558 0
401 0 FT934-2640 0
401 0 FT934-2685 0
401 0 FT934-287 0
401 0 FT934-3204 1
401 0 FT934-3419 0
401 0 FT934-4193 0
401 0 FT934-52 0
401 0 FT934-5293 0
401 0 FT934-5796 1
401 0 FT934-6533 0
401 0 FT934-6702 0
401 0 FT934-7 0
401 0 FT934-7009 0
401 0 FT934-748 0
401 0 FT934-7523 0
401 0 FT934-7856 0
401 0 FT934-7953 0
401 0 FT934-7992 0
401 0 FT934-8900 0
401 0 FT934-9029 0
401 0 FT934-9133 0
401 0 FT934-9421 0
401 0 FT941-1004 0
401 0 FT941-10142 1
401 0 FT941-11063 0
401 0 FT941-11219 0
401 0 FT941-11510 0
401 0 FT941-11864 0
401 0 FT941-1203 0
401 0 FT941-12162 0
401 0 FT941-12886 1
401 0 FT941-13663 0
401 0 FT941-14372 0
401 0 FT941-1487 0
401 0 FT941-16165 0
401 0 FT941-16875 0
401 0 FT941-2082 0
401 0 FT941-2232 0
401 0 FT941-2361 0
401 0 FT941-2474 0
401 0 FT941-2498 0
401 0 FT941-2540 0
401 0 FT941-2681 0
401 0 FT941-2897 0
401 0 FT941-2903 0
401 0 FT941-3017 0
401 0 FT941-3031 0
401 0 FT941-3569 0
401 0 FT941-3572 0
401 0 FT941-3579 0
401 0 FT941-3592 0
401 0 FT941-3698 0
401 0 FT941-3831 0
401 0 FT941-3840 0
401 0 FT941-3846 0
401 0 FT941-3869 0
401 0 FT941-3933 0
401 0 FT941-4007 0
401 0 FT941-4328 0
401 0 FT941-4469 0
401 0 FT941-4470 0
401 0 FT941-4501 0
401 0 FT941-4507 0
401 0 FT941-4886 0
401 0 FT941-5012 0
401 0 FT941-5283 0
401 0 FT941-5286 0
401 0 FT941-5393 0
401 0 FT941-5665 0
401 0 FT941-5699 0
401 0 FT941-5704 0
401 0 FT941-5827 0
401 0 FT941-6192 0
401 0 FT941-6196 0
401 0 FT941-6718 0
401 0 FT941-6729 0
401 0 FT941-6823 0
401 0 FT941-6900 0
401 0 FT941-7075 0
401 0 FT941-7113 0
401 0 FT941-7114 0
401 0 FT941-7558 0
401 0 FT941-7930 0
401 0 FT941-8075 0
401 0 FT941-816 0
401 0 FT941-9443 0
401 0 FT942-10203 0
401 0 FT942-1030 0
401 0 FT942-10410 0
401 0 FT942-10673 0
401 0 FT942-11526 0
401 0 FT942-11809 0
401 0 FT942-11931 0
401 0 FT942-12297 0
401 0 FT942-12573 0
401 0 FT942-12704 0
401 0 FT942-13008 0
401 0 FT942-13408 0
401 0 FT942-13454 0
401 0 FT942-13601 0
401 0 FT942-13788 0
401 0 FT942-14038 0
401 0 FT942-1404 0
401 0 FT942-14336 0
401 0 FT942-15283 0
401 0 FT942-15368 0
401 0 FT942-15400 0
401 0 FT942-15475 0
401 0 FT942-15909 0
401 0 FT942-16048 0
401 0 FT942-16661 0
401 0 FT942-17014 0
401 0 FT942-17101 0
401 0 FT942-17402 0
401 0 FT942-17526 0
401 0 FT942-1994 0
401 0 FT942-2011 0
401 0 FT942-2223 0
401 0 FT942-2229 0
401 0 FT942-2269 0
401 0 FT942-2471 0
401 0 FT942-254 0
401 0 FT942-2610 0
401 0 FT942-2674 0
401 0 FT942-3243 0
401 0 FT942-3463 0
401 0 FT942-4405 0
401 0 FT942-5163 0
401 0 FT942-5417 1
401 0 FT942-5570 0
401 0 FT942-5575 0
401 0 FT942-5906 0
401 0 FT942-6232 1
401 0 FT942-6234 0
401 0 FT942-6254 0
401 0 FT942-6256 0
401 0 FT942-6433 0
401 0 FT942-6592 0
401 0 FT942-6667 0
401 0 FT942-6706 0
401 0 FT942-6926 0
401 0 FT942-7093 0
401 0 FT942-7235 0
401 0 FT942-7247 0
401 0 FT942-7249 0
401 0 FT942-7292 0
401 0 FT942-7373 0
401 0 FT942-7384 0
401 0 FT942-7385 0
401 0 FT942-7428 0
401 0 FT942-7469 0
401 0 FT942-7623 0
401 0 FT942-7648 0
401 0 FT942-7767 0
401 0 FT942-7902 0
401 0 FT942-7921 0
401 0 FT942-8031 0
401 0 FT942-8036 0
401 0 FT942-8037 0
401 0 FT942-8067 0
401 0 FT942-8106 0
401 0 FT942-8140 0
401 0 FT942-8228 0
401 0 FT942-8558 0
401 0 FT942-8713 0
401 0 FT942-9058 0
401 0 FT942-9727 0
401 0 FT943-1025 0
401 0 FT943-10703 0
401 0 FT943-10718 0
401 0 FT943-10779 0
401 0 FT943-11589 0
401 0 FT943-11908 0
401 0 FT943-11982 0
401 0 FT943-12037 0
401 0 FT943-12480 0
401 0 FT943-12500 0
401 0 FT943-12655 0
401 0 FT943-12875 0
401 0 FT943-13327 0
401 0 FT943-1352 0
401 0 FT943-14085 0
401 0 FT943-14087 0
401 0 FT943-14136 0
401 0 FT943-14348 0
401 0 FT943-14614 0
401 0 FT943-14889 0
401 0 FT943-14989 0
401 0 FT943-15334 0
401 0 FT943-15719 0
401 0 FT943-1572 0
401 0 FT943-16255 0
401 0 FT943-16475 0
401 0 FT943-2173 0
401 0 FT943-3436 0
401 0 FT943-3640 0
401 0 FT943-3661 0
401 0 FT943-4175 0
401 0 FT943-4205 0
401 0 FT943-4243 0
401 0 FT943-4425 0
401 0 FT943-4457 0
401 0 FT943-4556 0
401 0 FT943-4660 0
401 0 FT943-4687 0
401 0 FT943-4907 0
401 0 FT943-4942 0
401 0 FT943-5162 0
401 0 FT943-5168 0
401 0 FT943-528 0
401 0 FT943-5289 0
401 0 FT943-5407 0
401 0 FT943-5819 0
401 0 FT943-6057 0
401 0 FT943-712 0
401 0 FT943-8326 0
401 0 FT944-10118 1
401 0 FT944-10162 0
401 0 FT944-10687 0
401 0 FT944-11094 1
401 0 FT944-11402 0
401 0 FT944-1151 1
401 0 FT944-11864 0
401 0 FT944-12123 1
401 0 FT944-12157 0
401 0 FT944-12772 0
401 0 FT944-13107 0
401 0 FT944-13123 0
401 0 FT944-13400 0
401 0 FT944-13876 0
401 0 FT944-13933 0
401 0 FT944-13949 0
401 0 FT944-14374 1
401 0 FT944-15017 0
401 0 FT944-15288 0
401 0 FT944-15514 0
401 0 FT944-15530 0
401 0 FT944-15864 0
401 0 FT944-16194 0
401 0 FT944-1628 0
401 0 FT944-16407 0
401 0 FT944-166 0
401 0 FT944-16682 0
401 0 FT944-16749 0
401 0 FT944-17986 0
401 0 FT944-18079 0
401 0 FT944-18281 0
401 0 FT944-18368 0
401 0 FT944-18562 0
401 0 FT944-2249 0
401 0 FT944-2250 0
401 0 FT944-2256 0
401 0 FT944-2262 0
401 0 FT944-2263 0
401 0 FT944-2267 0
401 0 FT944-2368 0
401 0 FT944-2530 0
401 0 FT944-2690 0
401 0 FT944-2691 0
401 0 FT944-2697 0
401 0 FT944-2703 0
401 0 FT944-2704 0
401 0 FT944-2708 0
401 0 FT944-3635 0
401 0 FT944-3808 0
401 0 FT944-4182 0
401 0 FT944-4307 0
401 0 FT944-4833 0
401 0 FT944-5113 0
401 0 FT944-5281 0
401 0 FT944-6406 0
401 0 FT944-6574 0
401 0 FT944-6682 0
401 0 FT944-7636 0
401 0 FT944-7882 0
401 0 FT944-8133 0
401 0 FT944-8163 0
401 0 FT944-9125 1
401 0 FT944-9425 0
401 0 FT944-9591 0
401 0 FT944-9821 1
401 0 FT944-9898 1
401 0 LA010189-0003 0
401 0 LA010190-0064 0
401 0 LA010389-0019 0
401 0 LA010489-0026 1
401 0 LA010689-0066 0
401 0 LA011089-0137 0
401 0 LA011389-0015 0
401 0 LA011589-0050 0
401 0 LA011990-0099 0
401 0 LA012190-0068 0
401 0 LA012289-0044 0
401 0 LA012590-0024 0
401 0 LA013089-0048 1
401 0 LA013189-0035 0
401 0 LA013189-0048 1
401 0 LA013189-0080 0
401 0 LA020589-0077 0
401 0 LA020789-0133 0
401 0 LA020790-0088 0
401 0 LA021089-0099 0
401 0 LA021289-0050 1
401 0 LA021389-0004 0
401 0 LA021389-0049 0
401 0 LA021389-0094 0
401 0 LA021689-0012 1
401 0 LA021890-0100 0
401 0 LA022289-0092 0
401 0 LA022390-0092 0
401 0 LA022590-0103 0
401 0 LA022590-0190 0
401 0 LA022690-0069 0
401 0 LA022790-0091 0
401 0 LA022790-0095 0
401 0 LA022889-0154 0
401 0 LA030189-0139 1
401 0 LA030190-0112 0
401 0 LA030289-0081 0
401 0 LA030589-0158 0
401 0 LA030689-0060 0
401 0 LA030790-0048 0
401 0 LA030890-0165 0
401 0 LA030989-0111 0
401 0 LA030990-0189 0
401 0 LA031289-0089 0
401 0 LA031389-0076 1
401 0 LA031590-0102 0
401 0 LA031689-0191 0
401 0 LA031889-0009 0
401 0 LA031890-0196 0
401 0 LA032090-0092 0
401 0 LA032390-0074 0
401 0 LA032390-0192 0
401 0 LA032490-0033 0
401 0 LA032490-0079 0
401 0 LA032590-0082 0
401 0 LA032889-0062 0
401 0 LA032890-0097 0
401 0 LA032990-0214 0
401 0 LA033090-0083 0
401 0 LA033189-0005 0
401 0 LA033189-0110 0
401 0 LA033190-0012 0
401 0 LA033190-0072 0
401 0 LA033190-0086 0
401 0 LA033190-0095 0
401 0 LA040189-0004 0
401 0 LA040189-0037 0
401 0 LA040190-0083 0
401 0 LA040389-0047 0
401 0 LA040390-0108 0
401 0 LA040689-0047 0
401 0 LA040689-0072 0
401 0 LA040690-0072 0
401 0 LA040790-0159 0
401 0 LA040989-0072 1
401 0 LA041290-0088 0
401 0 LA041390-0050 0
401 0 LA041689-0061 0
401 0 LA041789-0019 0
401 0 LA041789-0109 0
401 0 LA042389-0092 0
401 0 LA042390-0086 0
401 0 LA042490-0209 0
401 0 LA042589-0065 0
401 0 LA042789-0185 0
401 0 LA050290-0055 0
401 0 LA050290-0108 0
401 0 LA050389-0018 0
401 0 LA050690-0206 0
401 0 LA050789-0032 0
401 0 LA050790-0036 0
401 0 LA050890-0111 0
401 0 LA050989-0113 0
401 0 LA050989-0114 0
401 0 LA050990-0034 0
401 0 LA051189-0006 0
401 0 LA051190-0084 0
401 0 LA051390-0104 0
401 0 LA051390-0187 0
401 0 LA051889-0142 0
401 0 LA051989-0021 0
401 0 LA052090-0077 0
401 0 LA052390-0064 0
401 0 LA052489-0110 0
401 0 LA052589-0094 0
401 0 LA052789-0101 0
401 0 LA052889-0098 0
401 0 LA052889-0176 0
401 0 LA053190-0071 0
401 0 LA060389-0035 0
401 0 LA060390-0070 0
401 0 LA060590-0038 0
401 0 LA060590-0153 0
401 0 LA060690-0078 0
401 0 LA060989-0003 0
401 0 LA060989-0100 0
401 0 LA060989-0120 0
401 0 LA061090-0195 0
401 0 LA061290-0074 0
401 0 LA061589-0041 0
401 0 LA061590-0122 0
401 0 LA061790-0128 0
401 0 LA062090-0110 0
401 0 LA062189-0079 0
401 0 LA062190-0002 0
401 0 LA070190-0092 0
401 0 LA070289-0164 0
401 0 LA070690-0008 0
401 0 LA070789-0082 0
401 0 LA070990-0105 0
401 0 LA071290-0092 0
401 0 LA071389-0084 0
401 0 LA071789-0091 0
401 0 LA071790-0097 0
401 0 LA071890-0073 0
401 0 LA071890-0089 0
401 0 LA072189-0046 0
401 0 LA072290-0094 0
401 0 LA072389-0159 0
401 0 LA072390-0037 0
401 0 LA072490-0038 0
401 0 LA072590-0044 0
401 0 LA072590-0053 0
401 0 LA072689-0045 0
401 0 LA072689-0098 0
401 0 LA072689-0111 0
401 0 LA072989-0083 0
401 0 LA072989-0084 0
401 0 LA072990-0026 0
401 0 LA072990-0057 0
401 0 LA072990-0210 0
401 0 LA073089-0019 0
401 0 LA073089-0186 0
401 0 LA073189-0006 0
401 0 LA073189-0060 0
401 0 LA080189-0037 0
401 0 LA080189-0040 0
401 0 LA080189-0120 0
401 0 LA080289-0109 0
401 0 LA080389-0078 0
401 0 LA080389-0118 0
401 0 LA080689-0160 0
401 0 LA080790-0059 0
401 0 LA080890-0097 0
401 0 LA080989-0052 1
401 0 LA081089-0020 0
401 0 LA081189-0041 0
401 0 LA081489-0037 0
401 0 LA081489-0038 0
401 0 LA081590-0140 0
401 0 LA081689-0092 0
401 0 LA081790-0109 0
401 0 LA081889-0063 0
401 0 LA081890-0001 0
401 0 LA081890-0016 0
401 0 LA081990-0198 0
401 0 LA082089-0062 0
401 0 LA082189-0092 0
401 0 LA082190-0080 0
401 0 LA082589-0130 0
401 0 LA082690-0049 0
401 0 LA082690-0052 0
401 0 LA082690-0155 0
401 0 LA082690-0214 0
401 0 LA082789-0087 0
401 0 LA082789-0104 0
401 0 LA082789-0128 0
401 0 LA082789-0191 0
401 0 LA082889-0070 0
401 0 LA082889-0077 0
401 0 LA082889-0108 0
401 0 LA082890-0002 0
401 0 LA083189-0120 0
401 0 LA083189-0215 0
401 0 LA090290-0109 0
401 0 LA090290-0160 0
401 0 LA090489-0052 0
401 0 LA090589-0082 1
401 0 LA090789-0206 0
401 0 LA090790-0122 0
401 0 LA091089-0035 0
401 0 LA091089-0174 0
401 0 LA091289-0140 0
401 0 LA091489-0068 0
401 0 LA091789-0072 0
401 0 LA091789-0179 0
401 0 LA091790-0092 0
401 0 LA091889-0059 0
401 0 LA091989-0042 0
401 0 LA092089-0129 0
401 0 LA092290-0059 0
401 0 LA092389-0022 0
401 0 LA092489-0002 0
401 0 LA092489-0108 0
401 0 LA092589-0071 0
401 0 LA092789-0062 0
401 0 LA100189-0189 1
401 0 LA100190-0022 0
401 0 LA100289-0059 0
401 0 LA100290-0174 1
401 0 LA100490-0070 0
401 0 LA100590-0009 1
401 0 LA100789-0102 0
401 0 LA100790-0062 0
401 0 LA100790-0132 0
401 0 LA100889-0019 0
401 0 LA100889-0086 0
401 0 LA100890-0131 1
401 0 LA101090-0015 0
401 0 LA101189-0038 0
401 0 LA101190-0214 0
401 0 LA101589-0095 0
401 0 LA101590-0058 0
401 0 LA101689-0009 0
401 0 LA101690-0170 0
401 0 LA101790-0045 0
401 0 LA101790-0051 0
401 0 LA101989-0136 0
401 0 LA101990-0026 0
401 0 LA102189-0054 0
401 0 LA102289-0096 0
401 0 LA102390-0068 1
401 0 LA102690-0021 0
401 0 LA102789-0141 0
401 0 LA103189-0111 0
401 0 LA110289-0144 0
401 0 LA110289-0180 0
401 0 LA110389-0063 0
401 0 LA110390-0091 0
401 0 LA110489-0075 0
401 0 LA110490-0218 0
401 0 LA110790-0022 0
401 0 LA110990-0173 0
401 0 LA111289-0204 0
401 0 LA111290-0058 0
401 0 LA111389-0072 0
401 0 LA111390-0056 0
401 0 LA111489-0072 1
401 0 LA111789-0144 0
401 0 LA111889-0118 0
401 0 LA111889-0168 0
401 0 LA111890-0126 0
401 0 LA111989-0019 0
401 0 LA112489-0057 0
401 0 LA112590-0019 0
401 0 LA112889-0076 0
401 0 LA112990-0230 0
401 0 LA120690-0003 0
401 0 LA120690-0248 0
401 0 LA120789-0029 0
401 0 LA121089-0047 0
401 0 LA121090-0096 0
401 0 LA121289-0110 0
401 0 LA121290-0122 0
401 0 LA121390-0121 0
401 0 LA121489-0181 0
401 0 LA121589-0001 0
401 0 LA121590-0058 1
401 0 LA121590-0064 0
401 0 LA121690-0207 0
401 0 LA121789-0222 0
401 0 LA121789-0225 0
401 0 LA121789-0234 0
401 0 LA121890-0073 0
401 0 LA121890-0160 0
401 0 LA121989-0092 0
401 0 LA121990-0115 0
401 0 LA122189-0023 0
401 0 LA122190-0155 0
401 0 LA122489-0083 0
401 0 LA122489-0094 0
401 0 LA122489-0176 0
401 0 LA122490-0108 1
401 0 LA122690-0029 0
401 0 LA122889-0111 0
401 0 LA122890-0124 0
401 0 LA122990-0048 0
401 0 LA123090-0166 0
401 0 LA123189-0026 0
401 0 LA123189-0117 0
401 0 LA123189-0183 0
