438 0 FBIS3-10038 0
438 0 FBIS3-10194 0
438 0 FBIS3-10210 0
438 0 FBIS3-10291 0
438 0 FBIS3-10340 0
438 0 FBIS3-10446 0
438 0 FBIS3-10447 1
438 0 FBIS3-10477 0
438 0 FBIS3-10478 1
438 0 FBIS3-10572 0
438 0 FBIS3-10669 1
438 0 FBIS3-10714 0
438 0 FBIS3-10726 0
438 0 FBIS3-10779 0
438 0 FBIS3-10930 0
438 0 FBIS3-11034 0
438 0 FBIS3-11036 0
438 0 FBIS3-11041 0
438 0 FBIS3-11279 0
438 0 FBIS3-11398 0
438 0 FBIS3-11523 0
438 0 FBIS3-11564 0
438 0 FBIS3-11565 0
438 0 FBIS3-11606 0
438 0 FBIS3-11651 0
438 0 FBIS3-11682 1
438 0 FBIS3-11729 0
438 0 FBIS3-11816 0
438 0 FBIS3-11902 0
438 0 FBIS3-11984 0
438 0 FBIS3-12075 0
438 0 FBIS3-12411 0
438 0 FBIS3-12437 0
438 0 FBIS3-12540 0
438 0 FBIS3-12832 1
438 0 FBIS3-12839 0
438 0 FBIS3-12936 0
438 0 FBIS3-12990 0
438 0 FBIS3-13309 0
438 0 FBIS3-14114 0
438 0 FBIS3-1423 0
438 0 FBIS3-14480 0
438 0 FBIS3-14529 0
438 0 FBIS3-14704 0
438 0 FBIS3-15149 0
438 0 FBIS3-16335 0
438 0 FBIS3-16393 0
438 0 FBIS3-1650 0
438 0 FBIS3-1676 0
438 0 FBIS3-16773 0
438 0 FBIS3-17085 0
438 0 FBIS3-1737 0
438 0 FBIS3-17437 0
438 0 FBIS3-1746 0
438 0 FBIS3-1753 0
438 0 FBIS3-1756 0
438 0 FBIS3-17732 0
438 0 FBIS3-18442 0
438 0 FBIS3-18446 0
438 0 FBIS3-1851 0
438 0 FBIS3-18572 0
438 0 FBIS3-18674 0
438 0 FBIS3-18697 0
438 0 FBIS3-18760 0
438 0 FBIS3-18894 0
438 0 FBIS3-18907 0
438 0 FBIS3-18944 0
438 0 FBIS3-19245 0
438 0 FBIS3-19574 0
438 0 FBIS3-1965 0
438 0 FBIS3-19960 0
438 0 FBIS3-20206 1
438 0 FBIS3-20284 0
438 0 FBIS3-2034 0
438 0 FBIS3-20423 0
438 0 FBIS3-20544 0
438 0 FBIS3-20763 0
438 0 FBIS3-20853 0
438 0 FBIS3-20977 0
438 0 FBIS3-21062 0
438 0 FBIS3-21106 0
438 0 FBIS3-21193 0
438 0 FBIS3-21275 0
438 0 FBIS3-21483 0
438 0 FBIS3-2158 0
438 0 FBIS3-22214 0
438 0 FBIS3-22277 0
438 0 FBIS3-22958 0
438 0 FBIS3-2320 0
438 0 FBIS3-23789 0
438 0 FBIS3-23890 0
438 0 FBIS3-2406 0
438 0 FBIS3-24065 0
438 0 FBIS3-24133 0
438 0 FBIS3-24636 0
438 0 FBIS3-24653 0
438 0 FBIS3-24767 0
438 0 FBIS3-2481 0
438 0 FBIS3-24977 0
438 0 FBIS3-2516 1
438 0 FBIS3-25902 0
438 0 FBIS3-25921 0
438 0 FBIS3-26006 0
438 0 FBIS3-26516 0
438 0 FBIS3-26873 0
438 0 FBIS3-27018 0
438 0 FBIS3-27043 0
438 0 FBIS3-27048 0
438 0 FBIS3-27063 0
438 0 FBIS3-27136 0
438 0 FBIS3-27498 0
438 0 FBIS3-28010 0
438 0 FBIS3-2816 1
438 0 FBIS3-28175 0
438 0 FBIS3-28303 0
438 0 FBIS3-28758 0
438 0 FBIS3-29275 0
438 0 FBIS3-29472 0
438 0 FBIS3-29853 0
438 0 FBIS3-29961 0
438 0 FBIS3-29967 0
438 0 FBIS3-30045 0
438 0 FBIS3-30096 0
438 0 FBIS3-3024 0
438 0 FBIS3-30313 0
438 0 FBIS3-3083 0
438 0 FBIS3-31142 0
438 0 FBIS3-31653 0
438 0 FBIS3-32013 0
438 0 FBIS3-32068 0
438 0 FBIS3-32084 0
438 0 FBIS3-32132 0
438 0 FBIS3-32297 0
438 0 FBIS3-32488 0
438 0 FBIS3-32706 0
438 0 FBIS3-32824 0
438 0 FBIS3-32905 0
438 0 FBIS3-32908 0
438 0 FBIS3-33324 0
438 0 FBIS3-33337 0
438 0 FBIS3-33674 0
438 0 FBIS3-33738 0
438 0 FBIS3-33991 0
438 0 FBIS3-34552 0
438 0 FBIS3-34865 0
438 0 FBIS3-3502 0
438 0 FBIS3-35195 1
438 0 FBIS3-3599 0
438 0 FBIS3-3721 0
438 0 FBIS3-3723 0
438 0 FBIS3-38470 0
438 0 FBIS3-3887 0
438 0 FBIS3-39411 1
438 0 FBIS3-39565 0
438 0 FBIS3-3998 0
438 0 FBIS3-40133 0
438 0 FBIS3-40425 0
438 0 FBIS3-40450 0
438 0 FBIS3-4046 0
438 0 FBIS3-40497 0
438 0 FBIS3-40671 0
438 0 FBIS3-41203 0
438 0 FBIS3-41666 0
438 0 FBIS3-4209 1
438 0 FBIS3-4210 0
438 0 FBIS3-42182 0
438 0 FBIS3-42393 0
438 0 FBIS3-42436 0
438 0 FBIS3-42459 0
438 0 FBIS3-42726 0
438 0 FBIS3-42766 0
438 0 FBIS3-42940 0
438 0 FBIS3-43004 0
438 0 FBIS3-43042 0
438 0 FBIS3-43115 0
438 0 FBIS3-43135 1
438 0 FBIS3-43142 0
438 0 FBIS3-43166 0
438 0 FBIS3-43169 0
438 0 FBIS3-43174 1
438 0 FBIS3-43189 1
438 0 FBIS3-43196 0
438 0 FBIS3-43220 0
438 0 FBIS3-43741 0
438 0 FBIS3-43785 0
438 0 FBIS3-4423 0
438 0 FBIS3-44283 0
438 0 FBIS3-44427 0
438 0 FBIS3-44474 1
438 0 FBIS3-44513 0
438 0 FBIS3-44657 1
438 0 FBIS3-44712 0
438 0 FBIS3-44837 0
438 0 FBIS3-45041 0
438 0 FBIS3-45204 0
438 0 FBIS3-45645 0
438 0 FBIS3-45839 0
438 0 FBIS3-45852 0
438 0 FBIS3-45869 0
438 0 FBIS3-45912 0
438 0 FBIS3-45921 0
438 0 FBIS3-46211 0
438 0 FBIS3-46253 0
438 0 FBIS3-46262 0
438 0 FBIS3-46269 0
438 0 FBIS3-4629 0
438 0 FBIS3-47666 0
438 0 FBIS3-48192 0
438 0 FBIS3-48229 0
438 0 FBIS3-48647 0
438 0 FBIS3-49630 0
438 0 FBIS3-50351 0
438 0 FBIS3-50389 0
438 0 FBIS3-50538 0
438 0 FBIS3-50738 1
438 0 FBIS3-50833 0
438 0 FBIS3-50971 0
438 0 FBIS3-50988 1
438 0 FBIS3-51066 0
438 0 FBIS3-51359 1
438 0 FBIS3-51398 0
438 0 FBIS3-51410 0
438 0 FBIS3-51467 0
438 0 FBIS3-51565 0
438 0 FBIS3-5187 0
438 0 FBIS3-51980 0
438 0 FBIS3-53667 0
438 0 FBIS3-54340 0
438 0 FBIS3-5475 0
438 0 FBIS3-58 0
438 0 FBIS3-58484 0
438 0 FBIS3-58960 0
438 0 FBIS3-5899 0
438 0 FBIS3-59165 0
438 0 FBIS3-5921 0
438 0 FBIS3-59319 0
438 0 FBIS3-59370 0
438 0 FBIS3-59373 0
438 0 FBIS3-59376 0
438 0 FBIS3-59593 0
438 0 FBIS3-59978 0
438 0 FBIS3-60280 0
438 0 FBIS3-6064 0
438 0 FBIS3-61203 0
438 0 FBIS3-6215 0
438 0 FBIS3-63 0
438 0 FBIS3-6316 1
438 0 FBIS3-6482 0
438 0 FBIS3-6526 0
438 0 FBIS3-6624 0
438 0 FBIS3-6975 0
438 0 FBIS3-7135 0
438 0 FBIS3-732 0
438 0 FBIS3-7391 0
438 0 FBIS3-7422 0
438 0 FBIS3-7517 0
438 0 FBIS3-7696 0
438 0 FBIS3-7711 0
438 0 FBIS3-7873 0
438 0 FBIS3-8093 0
438 0 FBIS3-8249 0
438 0 FBIS3-8305 0
438 0 FBIS3-8427 0
438 0 FBIS3-8751 0
438 0 FBIS3-8766 0
438 0 FBIS3-9668 0
438 0 FBIS3-9911 0
438 0 FBIS3-9987 0
438 0 FBIS3-9993 0
438 0 FBIS4-10026 0
438 0 FBIS4-10028 0
438 0 FBIS4-10031 0
438 0 FBIS4-10224 0
438 0 FBIS4-10225 0
438 0 FBIS4-10419 0
438 0 FBIS4-10439 0
438 0 FBIS4-10441 0
438 0 FBIS4-10663 0
438 0 FBIS4-10668 1
438 0 FBIS4-10670 0
438 0 FBIS4-10673 0
438 0 FBIS4-10737 0
438 0 FBIS4-10907 1
438 0 FBIS4-10915 0
438 0 FBIS4-10989 0
438 0 FBIS4-11032 1
438 0 FBIS4-1104 0
438 0 FBIS4-11061 0
438 0 FBIS4-11103 0
438 0 FBIS4-11159 0
438 0 FBIS4-11329 0
438 0 FBIS4-11334 0
438 0 FBIS4-11452 0
438 0 FBIS4-11572 0
438 0 FBIS4-11643 0
438 0 FBIS4-11714 0
438 0 FBIS4-11859 0
438 0 FBIS4-12557 0
438 0 FBIS4-12580 0
438 0 FBIS4-12612 0
438 0 FBIS4-12634 0
438 0 FBIS4-12797 0
438 0 FBIS4-13517 0
438 0 FBIS4-14011 0
438 0 FBIS4-14262 0
438 0 FBIS4-14263 0
438 0 FBIS4-1548 0
438 0 FBIS4-15987 0
438 0 FBIS4-1627 1
438 0 FBIS4-1669 0
438 0 FBIS4-16982 0
438 0 FBIS4-17 0
438 0 FBIS4-18207 0
438 0 FBIS4-18423 0
438 0 FBIS4-1844 0
438 0 FBIS4-18479 0
438 0 FBIS4-18530 0
438 0 FBIS4-1860 0
438 0 FBIS4-1866 0
438 0 FBIS4-19768 0
438 0 FBIS4-20308 0
438 0 FBIS4-20316 0
438 0 FBIS4-20326 0
438 0 FBIS4-20383 0
438 0 FBIS4-2040 0
438 0 FBIS4-20408 0
438 0 FBIS4-2047 0
438 0 FBIS4-20619 0
438 0 FBIS4-20680 0
438 0 FBIS4-20717 0
438 0 FBIS4-20753 0
438 0 FBIS4-20754 0
438 0 FBIS4-20782 0
438 0 FBIS4-21 0
438 0 FBIS4-2111 0
438 0 FBIS4-2203 0
438 0 FBIS4-2204 0
438 0 FBIS4-22220 0
438 0 FBIS4-22629 0
438 0 FBIS4-23084 0
438 0 FBIS4-23089 0
438 0 FBIS4-23114 0
438 0 FBIS4-23155 0
438 0 FBIS4-2317 0
438 0 FBIS4-2322 0
438 0 FBIS4-24395 0
438 0 FBIS4-24485 0
438 0 FBIS4-24633 0
438 0 FBIS4-2470 0
438 0 FBIS4-25492 0
438 0 FBIS4-25602 0
438 0 FBIS4-25716 0
438 0 FBIS4-25838 0
438 0 FBIS4-25935 0
438 0 FBIS4-26232 0
438 0 FBIS4-26403 0
438 0 FBIS4-26425 0
438 0 FBIS4-26598 0
438 0 FBIS4-26608 0
438 0 FBIS4-26675 0
438 0 FBIS4-26676 0
438 0 FBIS4-26677 0
438 0 FBIS4-26678 0
438 0 FBIS4-26680 0
438 0 FBIS4-26681 0
438 0 FBIS4-26683 0
438 0 FBIS4-26779 0
438 0 FBIS4-26932 0
438 0 FBIS4-27085 0
438 0 FBIS4-2714 0
438 0 FBIS4-2734 0
438 0 FBIS4-27391 1
438 0 FBIS4-27411 0
438 0 FBIS4-27995 0
438 0 FBIS4-28002 0
438 0 FBIS4-28131 1
438 0 FBIS4-2839 0
438 0 FBIS4-28584 0
438 0 FBIS4-2937 0
438 0 FBIS4-29553 0
438 0 FBIS4-29736 0
438 0 FBIS4-2978 0
438 0 FBIS4-29894 0
438 0 FBIS4-30622 0
438 0 FBIS4-31028 1
438 0 FBIS4-31031 0
438 0 FBIS4-31032 0
438 0 FBIS4-31059 0
438 0 FBIS4-3106 0
438 0 FBIS4-31787 0
438 0 FBIS4-31925 0
438 0 FBIS4-32781 0
438 0 FBIS4-32789 0
438 0 FBIS4-32791 0
438 0 FBIS4-32959 0
438 0 FBIS4-33064 0
438 0 FBIS4-33175 0
438 0 FBIS4-33351 0
438 0 FBIS4-33757 0
438 0 FBIS4-33759 0
438 0 FBIS4-33912 0
438 0 FBIS4-33945 0
438 0 FBIS4-33981 0
438 0 FBIS4-3402 0
438 0 FBIS4-34320 0
438 0 FBIS4-3439 0
438 0 FBIS4-34477 0
438 0 FBIS4-34487 0
438 0 FBIS4-3464 0
438 0 FBIS4-34663 0
438 0 FBIS4-34766 0
438 0 FBIS4-34788 0
438 0 FBIS4-34864 0
438 0 FBIS4-34977 0
438 0 FBIS4-35009 0
438 0 FBIS4-35069 0
438 0 FBIS4-35070 0
438 0 FBIS4-3519 0
438 0 FBIS4-35612 0
438 0 FBIS4-35819 0
438 0 FBIS4-36772 0
438 0 FBIS4-387 0
438 0 FBIS4-3941 0
438 0 FBIS4-39534 0
438 0 FBIS4-4025 0
438 0 FBIS4-40937 0
438 0 FBIS4-42 0
438 0 FBIS4-42516 0
438 0 FBIS4-42587 0
438 0 FBIS4-42589 0
438 0 FBIS4-4291 0
438 0 FBIS4-43166 0
438 0 FBIS4-4358 0
438 0 FBIS4-4390 0
438 0 FBIS4-44 0
438 0 FBIS4-44188 0
438 0 FBIS4-44433 0
438 0 FBIS4-44458 0
438 0 FBIS4-44461 0
438 0 FBIS4-44533 0
438 0 FBIS4-45041 0
438 0 FBIS4-45044 0
438 0 FBIS4-45740 0
438 0 FBIS4-45818 0
438 0 FBIS4-46469 0
438 0 FBIS4-46471 0
438 0 FBIS4-46482 0
438 0 FBIS4-46649 0
438 0 FBIS4-46917 0
438 0 FBIS4-46951 0
438 0 FBIS4-47336 0
438 0 FBIS4-47384 0
438 0 FBIS4-47430 0
438 0 FBIS4-47493 0
438 0 FBIS4-47609 0
438 0 FBIS4-47629 0
438 0 FBIS4-48887 0
438 0 FBIS4-48928 0
438 0 FBIS4-49021 0
438 0 FBIS4-49027 0
438 0 FBIS4-49193 0
438 0 FBIS4-49200 0
438 0 FBIS4-49251 0
438 0 FBIS4-4937 0
438 0 FBIS4-49580 0
438 0 FBIS4-49602 0
438 0 FBIS4-4974 0
438 0 FBIS4-49832 0
438 0 FBIS4-50195 0
438 0 FBIS4-50237 0
438 0 FBIS4-50534 0
438 0 FBIS4-50749 1
438 0 FBIS4-50856 0
438 0 FBIS4-50956 0
438 0 FBIS4-51216 0
438 0 FBIS4-51357 0
438 0 FBIS4-51419 0
438 0 FBIS4-51622 0
438 0 FBIS4-51630 0
438 0 FBIS4-51723 0
438 0 FBIS4-51813 0
438 0 FBIS4-52040 0
438 0 FBIS4-52139 0
438 0 FBIS4-52159 0
438 0 FBIS4-52303 0
438 0 FBIS4-53026 0
438 0 FBIS4-53078 0
438 0 FBIS4-53281 0
438 0 FBIS4-53294 0
438 0 FBIS4-53736 0
438 0 FBIS4-53862 0
438 0 FBIS4-5387 0
438 0 FBIS4-54007 0
438 0 FBIS4-54142 0
438 0 FBIS4-54252 0
438 0 FBIS4-54624 0
438 0 FBIS4-5466 0
438 0 FBIS4-56087 0
438 0 FBIS4-56205 1
438 0 FBIS4-56413 1
438 0 FBIS4-56491 0
438 0 FBIS4-56591 1
438 0 FBIS4-56850 1
438 0 FBIS4-56986 0
438 0 FBIS4-57237 0
438 0 FBIS4-57323 1
438 0 FBIS4-57404 0
438 0 FBIS4-57511 0
438 0 FBIS4-57580 0
438 0 FBIS4-57581 1
438 0 FBIS4-57597 0
438 0 FBIS4-57692 0
438 0 FBIS4-57910 0
438 0 FBIS4-57913 0
438 0 FBIS4-57919 0
438 0 FBIS4-57921 0
438 0 FBIS4-58080 0
438 0 FBIS4-58121 0
438 0 FBIS4-58182 0
438 0 FBIS4-58252 1
438 0 FBIS4-58614 0
438 0 FBIS4-58616 0
438 0 FBIS4-58797 0
438 0 FBIS4-58798 0
438 0 FBIS4-59122 0
438 0 FBIS4-59375 0
438 0 FBIS4-59588 0
438 0 FBIS4-59651 0
438 0 FBIS4-59652 0
438 0 FBIS4-59869 0
438 0 FBIS4-65228 0
438 0 FBIS4-6537 0
438 0 FBIS4-65440 0
438 0 FBIS4-66161 0
438 0 FBIS4-66210 0
438 0 FBIS4-66299 0
438 0 FBIS4-66303 0
438 0 FBIS4-66308 0
438 0 FBIS4-66382 0
438 0 FBIS4-66593 0
438 0 FBIS4-66643 0
438 0 FBIS4-66648 0
438 0 FBIS4-66692 0
438 0 FBIS4-66699 0
438 0 FBIS4-66734 0
438 0 FBIS4-66758 0
438 0 FBIS4-66766 0
438 0 FBIS4-66767 1
438 0 FBIS4-66781 0
438 0 FBIS4-66852 0
438 0 FBIS4-66903 0
438 0 FBIS4-66906 0
438 0 FBIS4-66946 0
438 0 FBIS4-66951 0
438 0 FBIS4-67028 0
438 0 FBIS4-67169 0
438 0 FBIS4-67218 0
438 0 FBIS4-67402 0
438 0 FBIS4-67424 0
438 0 FBIS4-67450 0
438 0 FBIS4-67464 0
438 0 FBIS4-67489 0
438 0 FBIS4-67655 0
438 0 FBIS4-67877 0
438 0 FBIS4-68211 0
438 0 FBIS4-68275 0
438 0 FBIS4-68282 0
438 0 FBIS4-68348 0
438 0 FBIS4-68349 0
438 0 FBIS4-68437 0
438 0 FBIS4-68441 0
438 0 FBIS4-6845 0
438 0 FBIS4-68487 0
438 0 FBIS4-68517 0
438 0 FBIS4-68639 0
438 0 FBIS4-68749 0
438 0 FBIS4-68754 0
438 0 FBIS4-68759 0
438 0 FBIS4-68784 0
438 0 FBIS4-68823 0
438 0 FBIS4-7679 0
438 0 FBIS4-8665 0
438 0 FBIS4-9748 0
438 0 FBIS4-9820 0
438 0 FBIS4-9882 0
438 0 FBIS4-9943 0
438 0 FBIS4-9996 1
438 0 FR940104-0-00034 0
438 0 FR940105-2-00021 0
438 0 FR940105-2-00022 0
438 0 FR940105-2-00109 0
438 0 FR940110-2-00049 0
438 0 FR940110-2-00073 0
438 0 FR940110-2-00100 0
438 0 FR940119-2-00067 0
438 0 FR940119-2-00105 0
438 0 FR940126-2-00114 0
438 0 FR940127-2-00196 0
438 0 FR940128-2-00186 0
438 0 FR940207-1-00022 0
438 0 FR940208-0-00008 0
438 0 FR940214-2-00109 0
438 0 FR940216-0-00178 0
438 0 FR940216-2-00036 0
438 0 FR940223-2-00053 0
438 0 FR940223-2-00055 0
438 0 FR940224-2-00146 0
438 0 FR940224-2-00161 0
438 0 FR940302-2-00082 0
438 0 FR940303-2-00027 0
438 0 FR940303-2-00079 0
438 0 FR940303-2-00091 0
438 0 FR940303-2-00158 0
438 0 FR940303-2-00193 0
438 0 FR940303-2-00201 0
438 0 FR940303-2-00204 0
438 0 FR940304-1-00075 0
438 0 FR940304-1-00137 0
438 0 FR940304-2-00172 0
438 0 FR940314-2-00033 0
438 0 FR940314-2-00087 0
438 0 FR940314-2-00125 0
438 0 FR940317-1-00181 0
438 0 FR940317-1-00185 0
438 0 FR940317-2-00029 0
438 0 FR940318-0-00248 0
438 0 FR940406-2-00081 0
438 0 FR940412-2-00041 0
438 0 FR940413-2-00057 0
438 0 FR940413-2-00121 0
438 0 FR940413-2-00130 0
438 0 FR940419-2-00172 0
438 0 FR940426-2-00010 0
438 0 FR940503-2-00040 0
438 0 FR940503-2-00056 0
438 0 FR940504-2-00053 0
438 0 FR940504-2-00099 0
438 0 FR940505-1-00289 0
438 0 FR940512-2-00167 0
438 0 FR940513-0-00008 0
438 0 FR940513-1-00059 0
438 0 FR940513-2-00192 0
438 0 FR940516-1-00021 0
438 0 FR940516-2-00052 0
438 0 FR940516-2-00157 0
438 0 FR940516-2-00159 0
438 0 FR940523-2-00126 0
438 0 FR940524-1-00033 0
438 0 FR940526-2-00130 0
438 0 FR940526-2-00146 0
438 0 FR940527-2-00202 0
438 0 FR940602-1-00096 0
438 0 FR940603-1-00156 0
438 0 FR940606-2-00049 0
438 0 FR940610-1-00069 0
438 0 FR940613-0-00034 0
438 0 FR940613-0-00035 0
438 0 FR940616-2-00133 0
438 0 FR940617-2-00229 0
438 0 FR940620-1-00065 0
438 0 FR940620-1-00067 0
438 0 FR940620-1-00115 0
438 0 FR940620-2-00006 0
438 0 FR940622-2-00075 0
438 0 FR940706-2-00126 0
438 0 FR940707-2-00078 0
438 0 FR940711-1-00016 0
438 0 FR940711-2-00128 0
438 0 FR940713-0-00006 0
438 0 FR940719-0-00049 0
438 0 FR940719-1-00056 0
438 0 FR940720-2-00127 0
438 0 FR940725-0-00052 0
438 0 FR940728-2-00021 0
438 0 FR940802-2-00016 0
438 0 FR940803-2-00061 0
438 0 FR940810-0-00012 0
438 0 FR940810-0-00146 0
438 0 FR940812-0-00048 0
438 0 FR940812-2-00235 0
438 0 FR940812-2-00245 0
438 0 FR940817-2-00081 0
438 0 FR940817-2-00159 0
438 0 FR940817-2-00213 0
438 0 FR940817-2-00227 0
438 0 FR940819-0-00060 0
438 0 FR940819-2-00100 0
438 0 FR940822-2-00101 0
438 0 FR940822-2-00132 0
438 0 FR940822-2-00136 0
438 0 FR940825-0-00044 0
438 0 FR940825-1-00036 0
438 0 FR940825-2-00085 0
438 0 FR940826-0-00065 0
438 0 FR940826-2-00121 0
438 0 FR940826-2-00160 0
438 0 FR940826-2-00177 0
438 0 FR940830-0-00132 0
438 0 FR940830-2-00083 0
438 0 FR940831-2-00023 0
438 0 FR940831-2-00171 0
438 0 FR940906-0-00043 0
438 0 FR940907-2-00007 0
438 0 FR940907-2-00013 0
438 0 FR940916-1-00074 0
438 0 FR940916-1-00110 0
438 0 FR940926-0-00075 0
438 0 FR940926-0-00078 0
438 0 FR940926-0-00081 0
438 0 FR940926-0-00082 0
438 0 FR941003-2-00053 0
438 0 FR941003-2-00129 0
438 0 FR941006-2-00163 0
438 0 FR941006-2-00193 0
438 0 FR941006-2-00198 0
438 0 FR941012-2-00106 0
438 0 FR941013-1-00011 0
438 0 FR941013-1-00012 0
438 0 FR941019-2-00028 0
438 0 FR941021-2-00002 0
438 0 FR941025-0-00062 0
438 0 FR941026-2-00032 0
438 0 FR941026-2-00082 0
438 0 FR941027-2-00149 0
438 0 FR941028-2-00177 0
438 0 FR941107-2-00183 0
438 0 FR941117-0-00021 0
438 0 FR941117-2-00070 0
438 0 FR941117-2-00073 0
438 0 FR941117-2-00158 0
438 0 FR941128-1-00008 0
438 0 FR941130-0-00127 0
438 0 FR941130-0-00128 0
438 0 FR941130-0-00137 0
438 0 FR941130-0-00138 0
438 0 FR941130-0-00140 0
438 0 FR941130-2-00131 0
438 0 FR941202-1-00056 0
438 0 FR941202-2-00139 0
438 0 FR941212-0-00026 0
438 0 FR941212-2-00025 0
438 0 FR941220-1-00047 0
438 0 FR941221-0-00059 0
438 0 FT911-1177 0
438 0 FT911-1245 0
438 0 FT911-1325 0
438 0 FT911-184 0
438 0 FT911-1896 0
438 0 FT911-1946 1
438 0 FT911-2050 0
438 0 FT911-2735 0
438 0 FT911-2913 0
438 0 FT911-3165 0
438 0 FT911-3441 1
438 0 FT911-3659 0
438 0 FT911-3741 0
438 0 FT911-4189 0
438 0 FT911-4520 0
438 0 FT911-4762 0
438 0 FT911-4795 0
438 0 FT911-4850 0
438 0 FT911-5187 0
438 0 FT911-663 1
438 0 FT911-811 0
438 0 FT921-10072 0
438 0 FT921-10622 0
438 0 FT921-10631 0
438 0 FT921-11933 0
438 0 FT921-12057 0
438 0 FT921-1214 0
438 0 FT921-12184 0
438 0 FT921-13393 0
438 0 FT921-16043 0
438 0 FT921-16595 0
438 0 FT921-1802 0
438 0 FT921-1803 0
438 0 FT921-1805 0
438 0 FT921-366 0
438 0 FT921-4263 0
438 0 FT921-4832 0
438 0 FT921-4980 0
438 0 FT921-5032 0
438 0 FT921-5129 0
438 0 FT921-5204 0
438 0 FT921-6104 0
438 0 FT921-6271 0
438 0 FT921-6648 1
438 0 FT921-7429 0
438 0 FT921-7500 0
438 0 FT921-7909 0
438 0 FT921-7985 0
438 0 FT921-8006 0
438 0 FT921-8010 1
438 0 FT922-10455 0
438 0 FT922-10913 1
438 0 FT922-12601 0
438 0 FT922-12852 1
438 0 FT922-14000 0
438 0 FT922-1704 0
438 0 FT922-2397 0
438 0 FT922-3844 1
438 0 FT922-4824 0
438 0 FT922-5300 0
438 0 FT922-5625 0
438 0 FT922-6277 0
438 0 FT922-6665 0
438 0 FT922-7192 0
438 0 FT922-7324 1
438 0 FT922-7620 0
438 0 FT922-7694 0
438 0 FT922-7914 0
438 0 FT922-8818 0
438 0 FT922-9465 1
438 0 FT923-10781 0
438 0 FT923-10959 0
438 0 FT923-11155 0
438 0 FT923-11165 0
438 0 FT923-1147 0
438 0 FT923-11654 0
438 0 FT923-1270 0
438 0 FT923-13322 0
438 0 FT923-13474 0
438 0 FT923-14457 0
438 0 FT923-15285 0
438 0 FT923-1587 1
438 0 FT923-1913 0
438 0 FT923-2695 0
438 0 FT923-3022 0
438 0 FT923-3219 0
438 0 FT923-3459 0
438 0 FT923-347 0
438 0 FT923-4306 0
438 0 FT923-5711 0
438 0 FT923-5715 0
438 0 FT923-6468 0
438 0 FT923-7285 0
438 0 FT923-7767 0
438 0 FT923-857 0
438 0 FT923-862 0
438 0 FT923-866 0
438 0 FT923-8785 0
438 0 FT923-8862 0
438 0 FT923-9358 0
438 0 FT923-9396 0
438 0 FT923-9511 0
438 0 FT923-9719 0
438 0 FT923-9936 0
438 0 FT924-10420 0
438 0 FT924-10632 0
438 0 FT924-10709 0
438 0 FT924-10738 0
438 0 FT924-10951 0
438 0 FT924-11146 1
438 0 FT924-11313 1
438 0 FT924-11501 0
438 0 FT924-11953 0
438 0 FT924-13160 0
438 0 FT924-13193 0
438 0 FT924-13219 0
438 0 FT924-13665 0
438 0 FT924-13669 0
438 0 FT924-13691 0
438 0 FT924-13724 0
438 0 FT924-14066 0
438 0 FT924-14231 0
438 0 FT924-14658 1
438 0 FT924-14687 0
438 0 FT924-15046 0
438 0 FT924-2938 0
438 0 FT924-3423 0
438 0 FT924-3610 1
438 0 FT924-3618 1
438 0 FT924-4597 0
438 0 FT924-5083 0
438 0 FT924-525 0
438 0 FT924-5671 0
438 0 FT924-5955 0
438 0 FT924-6707 0
438 0 FT924-7008 1
438 0 FT924-8251 0
438 0 FT924-8279 1
438 0 FT924-842 0
438 0 FT924-928 0
438 0 FT924-9467 1
438 0 FT924-9630 0
438 0 FT924-9899 0
438 0 FT931-10304 0
438 0 FT931-10415 0
438 0 FT931-10970 0
438 0 FT931-12089 0
438 0 FT931-12443 0
438 0 FT931-14118 0
438 0 FT931-15926 0
438 0 FT931-16390 1
438 0 FT931-1895 1
438 0 FT931-252 0
438 0 FT931-2885 0
438 0 FT931-2963 0
438 0 FT931-3144 0
438 0 FT931-32 0
438 0 FT931-3773 0
438 0 FT931-4463 0
438 0 FT931-45 0
438 0 FT931-6159 0
438 0 FT931-6435 0
438 0 FT931-758 0
438 0 FT931-7602 0
438 0 FT931-8436 0
438 0 FT931-887 0
438 0 FT931-9190 0
438 0 FT931-9232 0
438 0 FT931-9633 0
438 0 FT932-1022 0
438 0 FT932-10850 0
438 0 FT932-11167 0
438 0 FT932-12116 0
438 0 FT932-12736 0
438 0 FT932-13060 0
438 0 FT932-13557 0
438 0 FT932-1414 0
438 0 FT932-1435 0
438 0 FT932-14375 0
438 0 FT932-14921 0
438 0 FT932-16493 0
438 0 FT932-16945 1
438 0 FT932-17436 0
438 0 FT932-2188 0
438 0 FT932-2659 0
438 0 FT932-3236 0
438 0 FT932-3312 0
438 0 FT932-3423 1
438 0 FT932-3433 1
438 0 FT932-3634 0
438 0 FT932-3732 0
438 0 FT932-3770 0
438 0 FT932-381 0
438 0 FT932-4527 0
438 0 FT932-4575 0
438 0 FT932-5201 0
438 0 FT932-5570 1
438 0 FT932-5587 1
438 0 FT932-5667 0
438 0 FT932-5695 0
438 0 FT932-6466 0
438 0 FT932-6702 0
438 0 FT932-7625 0
438 0 FT932-7916 0
438 0 FT932-8043 0
438 0 FT932-8937 0
438 0 FT932-8982 0
438 0 FT933-1072 0
438 0 FT933-11787 0
438 0 FT933-11794 0
438 0 FT933-1194 0
438 0 FT933-12862 0
438 0 FT933-1349 0
438 0 FT933-14294 1
438 0 FT933-14338 0
438 0 FT933-14379 0
438 0 FT933-14547 1
438 0 FT933-14622 0
438 0 FT933-15244 0
438 0 FT933-16291 0
438 0 FT933-1848 0
438 0 FT933-2727 1
438 0 FT933-2919 0
438 0 FT933-295 0
438 0 FT933-3195 0
438 0 FT933-4350 0
438 0 FT933-4357 0
438 0 FT933-4753 0
438 0 FT933-4890 0
438 0 FT933-5043 0
438 0 FT933-6001 0
438 0 FT933-7280 0
438 0 FT933-7286 0
438 0 FT933-8133 0
438 0 FT933-8322 0
438 0 FT933-8820 0
438 0 FT933-8932 0
438 0 FT933-9061 0
438 0 FT933-9890 0
438 0 FT934-10802 1
438 0 FT934-11432 0
438 0 FT934-11565 0
438 0 FT934-11649 0
438 0 FT934-11785 0
438 0 FT934-12157 0
438 0 FT934-12663 0
438 0 FT934-1288 0
438 0 FT934-13072 0
438 0 FT934-13152 0
438 0 FT934-13931 0
438 0 FT934-14095 0
438 0 FT934-14232 0
438 0 FT934-14951 0
438 0 FT934-16282 1
438 0 FT934-3303 0
438 0 FT934-3392 0
438 0 FT934-3479 0
438 0 FT934-3489 0
438 0 FT934-3699 0
438 0 FT934-3965 0
438 0 FT934-4041 0
438 0 FT934-4098 0
438 0 FT934-455 0
438 0 FT934-4660 0
438 0 FT934-4798 0
438 0 FT934-4801 0
438 0 FT934-5293 0
438 0 FT934-5953 0
438 0 FT934-5957 0
438 0 FT934-5958 0
438 0 FT934-6178 0
438 0 FT934-6193 0
438 0 FT934-6252 0
438 0 FT934-6488 0
438 0 FT934-7591 1
438 0 FT934-7733 1
438 0 FT934-8591 0
438 0 FT934-8723 0
438 0 FT934-8724 0
438 0 FT934-8852 0
438 0 FT934-8853 0
438 0 FT934-8982 0
438 0 FT934-9690 0
438 0 FT934-9895 0
438 0 FT941-10592 0
438 0 FT941-10595 0
438 0 FT941-10877 0
438 0 FT941-10882 0
438 0 FT941-11050 0
438 0 FT941-11685 1
438 0 FT941-1251 0
438 0 FT941-13897 0
438 0 FT941-14372 0
438 0 FT941-14543 0
438 0 FT941-16120 0
438 0 FT941-16510 0
438 0 FT941-16664 0
438 0 FT941-16869 0
438 0 FT941-16945 0
438 0 FT941-17131 0
438 0 FT941-17371 0
438 0 FT941-2767 1
438 0 FT941-3489 0
438 0 FT941-3691 0
438 0 FT941-3953 0
438 0 FT941-4108 0
438 0 FT941-4186 0
438 0 FT941-4764 0
438 0 FT941-4935 1
438 0 FT941-6132 1
438 0 FT941-6767 0
438 0 FT941-8273 0
438 0 FT941-8276 0
438 0 FT941-8564 0
438 0 FT941-8570 0
438 0 FT941-920 0
438 0 FT941-9573 1
438 0 FT942-10465 0
438 0 FT942-10614 0
438 0 FT942-11058 0
438 0 FT942-11091 0
438 0 FT942-11129 0
438 0 FT942-11139 0
438 0 FT942-11318 0
438 0 FT942-11587 0
438 0 FT942-11681 0
438 0 FT942-11829 0
438 0 FT942-1301 0
438 0 FT942-13252 0
438 0 FT942-13625 0
438 0 FT942-13687 0
438 0 FT942-13691 0
438 0 FT942-13789 0
438 0 FT942-13799 0
438 0 FT942-14272 0
438 0 FT942-14366 0
438 0 FT942-14370 0
438 0 FT942-15105 0
438 0 FT942-15272 0
438 0 FT942-1533 1
438 0 FT942-16281 0
438 0 FT942-16884 0
438 0 FT942-16885 0
438 0 FT942-16889 0
438 0 FT942-17141 0
438 0 FT942-17263 0
438 0 FT942-1754 0
438 0 FT942-1828 0
438 0 FT942-2214 0
438 0 FT942-2911 0
438 0 FT942-4168 0
438 0 FT942-430 0
438 0 FT942-4870 1
438 0 FT942-6777 0
438 0 FT942-7348 0
438 0 FT942-7403 1
438 0 FT942-7546 0
438 0 FT942-9040 0
438 0 FT942-954 1
438 0 FT942-9540 0
438 0 FT943-1006 1
438 0 FT943-10839 1
438 0 FT943-11047 1
438 0 FT943-11867 1
438 0 FT943-11956 1
438 0 FT943-11960 0
438 0 FT943-12353 0
438 0 FT943-12946 0
438 0 FT943-13144 0
438 0 FT943-13465 0
438 0 FT943-13558 0
438 0 FT943-13709 1
438 0 FT943-14466 0
438 0 FT943-14471 0
438 0 FT943-14520 0
438 0 FT943-15 0
438 0 FT943-16674 0
438 0 FT943-233 0
438 0 FT943-2671 0
438 0 FT943-3205 0
438 0 FT943-3207 0
438 0 FT943-3398 0
438 0 FT943-3798 1
438 0 FT943-46 0
438 0 FT943-4620 0
438 0 FT943-4775 0
438 0 FT943-4787 0
438 0 FT943-4834 0
438 0 FT943-5521 0
438 0 FT943-5582 0
438 0 FT943-5720 0
438 0 FT943-6420 0
438 0 FT943-6526 0
438 0 FT943-727 0
438 0 FT943-7362 1
438 0 FT943-7792 0
438 0 FT943-7892 0
438 0 FT943-794 0
438 0 FT943-8278 0
438 0 FT943-8336 1
438 0 FT943-8503 1
438 0 FT943-8698 0
438 0 FT943-9536 0
438 0 FT943-9538 1
438 0 FT943-9755 0
438 0 FT943-9994 0
438 0 FT944-10934 0
438 0 FT944-11376 0
438 0 FT944-11588 0
438 0 FT944-12203 0
438 0 FT944-12431 0
438 0 FT944-13112 0
438 0 FT944-13218 1
438 0 FT944-13363 1
438 0 FT944-13811 0
438 0 FT944-140 0
438 0 FT944-14315 0
438 0 FT944-14358 0
438 0 FT944-14550 0
438 0 FT944-15066 0
438 0 FT944-1592 1
438 0 FT944-16555 0
438 0 FT944-16868 0
438 0 FT944-17058 0
438 0 FT944-17079 0
438 0 FT944-17094 0
438 0 FT944-17179 0
438 0 FT944-17233 0
438 0 FT944-17456 0
438 0 FT944-17484 0
438 0 FT944-17668 0
438 0 FT944-17749 0
438 0 FT944-17963 0
438 0 FT944-18189 0
438 0 FT944-18221 0
438 0 FT944-18232 0
438 0 FT944-18270 0
438 0 FT944-18465 0
438 0 FT944-18739 0
438 0 FT944-18776 0
438 0 FT944-2058 0
438 0 FT944-2248 0
438 0 FT944-2249 0
438 0 FT944-2250 0
438 0 FT944-2254 0
438 0 FT944-2262 1
438 0 FT944-2690 0
438 0 FT944-2691 0
438 0 FT944-2695 0
438 0 FT944-2873 0
438 0 FT944-2890 0
438 0 FT944-301 0
438 0 FT944-3727 0
438 0 FT944-3736 0
438 0 FT944-399 0
438 0 FT944-4346 1
438 0 FT944-4612 1
438 0 FT944-4794 0
438 0 FT944-589 0
438 0 FT944-6366 0
438 0 FT944-6438 0
438 0 FT944-7303 0
438 0 FT944-7576 0
438 0 FT944-8133 0
438 0 FT944-8163 0
438 0 FT944-8890 0
438 0 FT944-9886 0
438 0 LA010189-0025 0
438 0 LA010189-0032 0
438 0 LA010189-0037 0
438 0 LA010189-0040 0
438 0 LA010189-0073 0
438 0 LA010290-0029 0
438 0 LA010290-0030 0
438 0 LA010389-0083 0
438 0 LA010690-0071 0
438 0 LA010790-0100 0
438 0 LA010790-0115 0
438 0 LA010790-0117 0
438 0 LA010790-0122 0
438 0 LA011190-0159 0
438 0 LA011490-0067 0
438 0 LA011589-0072 0
438 0 LA011590-0050 0
438 0 LA012190-0060 0
438 0 LA012190-0113 0
438 0 LA012190-0114 0
438 0 LA012289-0062 0
438 0 LA012289-0065 0
438 0 LA012389-0093 0
438 0 LA012489-0140 0
438 0 LA012590-0225 0
438 0 LA012890-0051 0
438 0 LA020390-0034 0
438 0 LA020490-0188 0
438 0 LA021090-0151 0
438 0 LA021190-0049 0
438 0 LA021190-0054 0
438 0 LA021190-0057 0
438 0 LA021289-0051 0
438 0 LA021390-0070 0
438 0 LA021989-0134 0
438 0 LA022289-0084 0
438 0 LA022590-0062 0
438 0 LA022590-0075 0
438 0 LA022590-0118 0
438 0 LA022689-0232 0
438 0 LA022690-0029 0
438 0 LA030589-0130 0
438 0 LA030589-0136 0
438 0 LA030589-0139 0
438 0 LA030590-0087 0
438 0 LA030689-0089 0
438 0 LA030989-0115 0
438 0 LA031190-0203 0
438 0 LA031289-0192 0
438 0 LA031289-0237 0
438 0 LA031490-0111 0
438 0 LA031890-0032 0
438 0 LA031890-0120 0
438 0 LA032290-0167 0
438 0 LA032389-0094 0
438 0 LA032590-0067 0
438 0 LA032689-0068 0
438 0 LA032689-0092 0
438 0 LA032789-0037 0
438 0 LA040190-0026 0
438 0 LA040590-0149 0
438 0 LA040890-0070 0
438 0 LA040890-0180 0
438 0 LA040989-0087 0
438 0 LA041290-0038 0
438 0 LA041290-0110 0
438 0 LA041290-0115 0
438 0 LA041589-0121 0
438 0 LA041590-0080 0
438 0 LA041689-0033 0
438 0 LA042290-0083 1
438 0 LA042389-0069 0
438 0 LA042389-0070 0
438 0 LA042990-0036 0
438 0 LA042990-0053 0
438 0 LA042990-0061 0
438 0 LA050490-0106 0
438 0 LA050690-0088 0
438 0 LA050789-0131 0
438 0 LA050889-0063 1
438 0 LA051090-0236 0
438 0 LA051189-0123 0
438 0 LA051390-0095 0
438 0 LA051390-0100 0
438 0 LA051690-0042 0
438 0 LA051790-0047 0
438 0 LA051989-0179 0
438 0 LA052689-0098 0
438 0 LA052789-0024 0
438 0 LA060390-0136 0
438 0 LA060489-0163 0
438 0 LA060690-0149 0
438 0 LA061189-0047 0
438 0 LA061190-0071 0
438 0 LA061689-0068 0
438 0 LA061790-0044 0
438 0 LA061790-0218 0
438 0 LA061889-0051 0
438 0 LA061990-0045 0
438 0 LA062289-0139 0
438 0 LA062390-0078 0
438 0 LA062589-0032 0
438 0 LA062890-0042 0
438 0 LA070190-0033 1
438 0 LA070190-0127 0
438 0 LA070890-0043 0
438 0 LA070989-0120 0
438 0 LA071990-0125 0
438 0 LA072290-0078 0
438 0 LA072290-0081 0
438 0 LA072290-0082 0
438 0 LA072389-0049 0
438 0 LA072689-0112 0
438 0 LA072990-0018 0
438 0 LA072990-0070 0
438 0 LA072990-0071 0
438 0 LA072990-0213 0
438 0 LA073089-0112 0
438 0 LA073089-0185 0
438 0 LA080289-0097 0
438 0 LA080289-0101 0
438 0 LA080289-0102 0
438 0 LA080590-0244 0
438 0 LA080989-0143 0
438 0 LA081290-0043 0
438 0 LA081290-0049 0
438 0 LA081389-0184 0
438 0 LA082089-0027 0
438 0 LA082089-0203 0
438 0 LA082690-0057 0
438 0 LA082690-0058 0
438 0 LA082690-0190 0
438 0 LA082789-0028 0
438 0 LA082889-0078 0
438 0 LA082990-0081 0
438 0 LA083089-0091 0
438 0 LA083089-0143 0
438 0 LA083189-0184 0
438 0 LA090290-0089 1
438 0 LA090290-0091 0
438 0 LA090989-0004 0
438 0 LA091489-0221 0
438 0 LA092389-0054 0
438 0 LA092390-0065 0
438 0 LA092489-0050 0
438 0 LA093090-0040 0
438 0 LA093090-0091 0
438 0 LA100189-0065 0
438 0 LA100890-0006 0
438 0 LA101190-0141 0
438 0 LA101290-0152 0
438 0 LA101490-0124 0
438 0 LA101490-0125 0
438 0 LA101589-0078 1
438 0 LA101589-0095 0
438 0 LA101590-0069 1
438 0 LA102190-0151 0
438 0 LA102289-0096 0
438 0 LA102789-0141 0
438 0 LA102889-0153 0
438 0 LA102890-0049 1
438 0 LA102890-0134 0
438 0 LA102989-0048 0
438 0 LA103090-0010 0
438 0 LA103090-0077 0
438 0 LA110489-0102 0
438 0 LA110490-0029 1
438 0 LA110490-0032 0
438 0 LA110589-0063 0
438 0 LA111190-0051 0
438 0 LA111289-0058 0
438 0 LA111489-0151 0
438 0 LA111690-0059 0
438 0 LA111989-0047 0
438 0 LA112689-0062 0
438 0 LA112790-0149 0
438 0 LA113090-0107 0
438 0 LA120889-0101 0
438 0 LA121690-0056 0
438 0 LA121690-0099 0
438 0 LA121789-0052 0
438 0 LA121989-0126 0
438 0 LA122189-0062 0
438 0 LA122489-0194 0
438 0 LA122489-0198 0
438 0 LA122490-0004 0
438 0 LA122490-0006 0
438 0 LA122490-0015 0
438 0 LA122589-0058 0
438 0 LA122589-0108 0
438 0 LA122689-0076 0
438 0 LA122690-0029 0
438 0 LA122690-0055 0
438 0 LA122690-0062 0
438 0 LA122690-0089 0
438 0 LA122789-0012 0
438 0 LA122789-0015 0
438 0 LA122789-0040 0
438 0 LA122789-0044 0
438 0 LA122789-0102 0
438 0 LA122789-0104 0
438 0 LA122790-0114 0
438 0 LA122889-0097 0
438 0 LA122890-0082 0
438 0 LA122989-0018 0
438 0 LA122989-0046 0
438 0 LA122989-0047 0
438 0 LA122989-0060 0
438 0 LA122989-0132 0
438 0 LA122989-0162 0
438 0 LA122990-0070 0
438 0 LA122990-0077 1
438 0 LA123089-0051 0
438 0 LA123089-0083 0
438 0 LA123090-0001 0
438 0 LA123090-0035 0
438 0 LA123090-0047 0
438 0 LA123090-0071 0
438 0 LA123090-0136 0
438 0 LA123090-0168 0
438 0 LA123189-0026 0
438 0 LA123189-0075 0
438 0 LA123190-0134 0
