428 0 FBIS3-10568 0
428 0 FBIS3-10603 0
428 0 FBIS3-12508 0
428 0 FBIS3-12555 0
428 0 FBIS3-12595 0
428 0 FBIS3-12969 0
428 0 FBIS3-13032 0
428 0 FBIS3-131 0
428 0 FBIS3-13221 0
428 0 FBIS3-13569 0
428 0 FBIS3-14003 1
428 0 FBIS3-1445 0
428 0 FBIS3-14832 0
428 0 FBIS3-1509 0
428 0 FBIS3-1517 0
428 0 FBIS3-1610 0
428 0 FBIS3-17055 0
428 0 FBIS3-17393 0
428 0 FBIS3-1811 0
428 0 FBIS3-1817 0
428 0 FBIS3-18327 0
428 0 FBIS3-1933 0
428 0 FBIS3-19457 0
428 0 FBIS3-19900 0
428 0 FBIS3-20153 0
428 0 FBIS3-2019 0
428 0 FBIS3-20435 0
428 0 FBIS3-20443 0
428 0 FBIS3-20459 0
428 0 FBIS3-20515 0
428 0 FBIS3-2053 0
428 0 FBIS3-20537 0
428 0 FBIS3-20544 0
428 0 FBIS3-20562 0
428 0 FBIS3-20575 0
428 0 FBIS3-20796 0
428 0 FBIS3-20851 0
428 0 FBIS3-2104 0
428 0 FBIS3-2112 0
428 0 FBIS3-21235 0
428 0 FBIS3-21311 0
428 0 FBIS3-21353 0
428 0 FBIS3-214 0
428 0 FBIS3-21405 0
428 0 FBIS3-2151 0
428 0 FBIS3-2152 0
428 0 FBIS3-2157 0
428 0 FBIS3-2186 0
428 0 FBIS3-21874 0
428 0 FBIS3-22119 0
428 0 FBIS3-22186 1
428 0 FBIS3-22190 0
428 0 FBIS3-22191 1
428 0 FBIS3-2242 0
428 0 FBIS3-22421 1
428 0 FBIS3-22596 0
428 0 FBIS3-22680 0
428 0 FBIS3-22688 0
428 0 FBIS3-2285 0
428 0 FBIS3-2297 0
428 0 FBIS3-23 0
428 0 FBIS3-23500 0
428 0 FBIS3-23561 0
428 0 FBIS3-23678 0
428 0 FBIS3-2371 0
428 0 FBIS3-23750 0
428 0 FBIS3-23823 0
428 0 FBIS3-23835 0
428 0 FBIS3-24021 1
428 0 FBIS3-24065 1
428 0 FBIS3-24074 1
428 0 FBIS3-24125 0
428 0 FBIS3-24137 0
428 0 FBIS3-24162 0
428 0 FBIS3-24186 0
428 0 FBIS3-24245 0
428 0 FBIS3-24294 0
428 0 FBIS3-24416 0
428 0 FBIS3-24469 0
428 0 FBIS3-24614 0
428 0 FBIS3-24653 0
428 0 FBIS3-24678 0
428 0 FBIS3-24776 0
428 0 FBIS3-2498 0
428 0 FBIS3-2588 0
428 0 FBIS3-2589 0
428 0 FBIS3-25916 0
428 0 FBIS3-25956 0
428 0 FBIS3-26050 0
428 0 FBIS3-26051 0
428 0 FBIS3-26095 0
428 0 FBIS3-26100 0
428 0 FBIS3-26358 0
428 0 FBIS3-26421 0
428 0 FBIS3-26477 0
428 0 FBIS3-26577 0
428 0 FBIS3-26578 0
428 0 FBIS3-26705 0
428 0 FBIS3-26751 0
428 0 FBIS3-26780 0
428 0 FBIS3-26936 0
428 0 FBIS3-26959 0
428 0 FBIS3-27054 0
428 0 FBIS3-27063 0
428 0 FBIS3-27139 0
428 0 FBIS3-2725 0
428 0 FBIS3-27576 0
428 0 FBIS3-2782 0
428 0 FBIS3-27933 0
428 0 FBIS3-27952 0
428 0 FBIS3-27959 0
428 0 FBIS3-28084 0
428 0 FBIS3-2816 0
428 0 FBIS3-2862 0
428 0 FBIS3-28770 0
428 0 FBIS3-2878 0
428 0 FBIS3-29 0
428 0 FBIS3-2900 0
428 0 FBIS3-29171 0
428 0 FBIS3-29180 0
428 0 FBIS3-29313 0
428 0 FBIS3-2986 0
428 0 FBIS3-2987 0
428 0 FBIS3-30042 0
428 0 FBIS3-3008 0
428 0 FBIS3-3010 0
428 0 FBIS3-30194 0
428 0 FBIS3-30301 0
428 0 FBIS3-3093 0
428 0 FBIS3-3139 0
428 0 FBIS3-31595 0
428 0 FBIS3-32193 1
428 0 FBIS3-32511 0
428 0 FBIS3-32681 0
428 0 FBIS3-32682 0
428 0 FBIS3-3324 0
428 0 FBIS3-34198 0
428 0 FBIS3-3442 0
428 0 FBIS3-3443 0
428 0 FBIS3-34859 0
428 0 FBIS3-35 0
428 0 FBIS3-35056 0
428 0 FBIS3-35195 1
428 0 FBIS3-3522 0
428 0 FBIS3-3576 0
428 0 FBIS3-36078 0
428 0 FBIS3-36082 1
428 0 FBIS3-3673 0
428 0 FBIS3-3675 0
428 0 FBIS3-37370 0
428 0 FBIS3-37556 1
428 0 FBIS3-3764 0
428 0 FBIS3-37759 0
428 0 FBIS3-37851 0
428 0 FBIS3-38041 0
428 0 FBIS3-38375 0
428 0 FBIS3-38568 0
428 0 FBIS3-38770 0
428 0 FBIS3-39442 0
428 0 FBIS3-39450 0
428 0 FBIS3-39836 0
428 0 FBIS3-39883 0
428 0 FBIS3-39946 0
428 0 FBIS3-40029 0
428 0 FBIS3-40087 0
428 0 FBIS3-40090 0
428 0 FBIS3-40125 0
428 0 FBIS3-40136 0
428 0 FBIS3-40189 0
428 0 FBIS3-40200 0
428 0 FBIS3-40202 0
428 0 FBIS3-40336 0
428 0 FBIS3-40358 0
428 0 FBIS3-40450 0
428 0 FBIS3-40497 0
428 0 FBIS3-40778 0
428 0 FBIS3-40809 0
428 0 FBIS3-4112 0
428 0 FBIS3-4113 0
428 0 FBIS3-41177 0
428 0 FBIS3-4119 0
428 0 FBIS3-41365 0
428 0 FBIS3-41578 0
428 0 FBIS3-41695 0
428 0 FBIS3-41717 0
428 0 FBIS3-41749 0
428 0 FBIS3-41834 0
428 0 FBIS3-41835 0
428 0 FBIS3-4190 0
428 0 FBIS3-4191 0
428 0 FBIS3-4193 0
428 0 FBIS3-4209 0
428 0 FBIS3-42399 0
428 0 FBIS3-42400 0
428 0 FBIS3-42459 0
428 0 FBIS3-42619 0
428 0 FBIS3-4265 0
428 0 FBIS3-42705 0
428 0 FBIS3-42758 0
428 0 FBIS3-42795 0
428 0 FBIS3-42810 1
428 0 FBIS3-42833 0
428 0 FBIS3-42958 0
428 0 FBIS3-42996 1
428 0 FBIS3-43004 1
428 0 FBIS3-4302 0
428 0 FBIS3-4303 0
428 0 FBIS3-43034 1
428 0 FBIS3-43042 1
428 0 FBIS3-43066 1
428 0 FBIS3-43120 0
428 0 FBIS3-43132 0
428 0 FBIS3-43160 0
428 0 FBIS3-43166 0
428 0 FBIS3-43174 0
428 0 FBIS3-43186 0
428 0 FBIS3-43214 0
428 0 FBIS3-43220 0
428 0 FBIS3-43258 0
428 0 FBIS3-43303 0
428 0 FBIS3-43602 0
428 0 FBIS3-4377 0
428 0 FBIS3-4427 0
428 0 FBIS3-44291 0
428 0 FBIS3-44432 0
428 0 FBIS3-4450 0
428 0 FBIS3-44515 0
428 0 FBIS3-44517 0
428 0 FBIS3-44610 0
428 0 FBIS3-44649 0
428 0 FBIS3-44678 0
428 0 FBIS3-44692 0
428 0 FBIS3-44713 0
428 0 FBIS3-44735 0
428 0 FBIS3-44795 0
428 0 FBIS3-44916 0
428 0 FBIS3-44979 0
428 0 FBIS3-45011 0
428 0 FBIS3-45069 0
428 0 FBIS3-4520 0
428 0 FBIS3-45215 0
428 0 FBIS3-45266 0
428 0 FBIS3-45289 0
428 0 FBIS3-45463 0
428 0 FBIS3-45485 0
428 0 FBIS3-45549 0
428 0 FBIS3-45604 0
428 0 FBIS3-45628 0
428 0 FBIS3-45632 0
428 0 FBIS3-45645 0
428 0 FBIS3-45808 0
428 0 FBIS3-45895 0
428 0 FBIS3-45898 0
428 0 FBIS3-46196 0
428 0 FBIS3-46206 0
428 0 FBIS3-46284 0
428 0 FBIS3-46291 0
428 0 FBIS3-46319 0
428 0 FBIS3-46419 0
428 0 FBIS3-46906 1
428 0 FBIS3-4714 0
428 0 FBIS3-47177 0
428 0 FBIS3-47194 0
428 0 FBIS3-47221 0
428 0 FBIS3-47555 0
428 0 FBIS3-4816 0
428 0 FBIS3-48193 0
428 0 FBIS3-48221 0
428 0 FBIS3-48230 0
428 0 FBIS3-48289 0
428 0 FBIS3-48331 0
428 0 FBIS3-48459 0
428 0 FBIS3-48648 0
428 0 FBIS3-48776 0
428 0 FBIS3-48804 0
428 0 FBIS3-5039 0
428 0 FBIS3-50510 0
428 0 FBIS3-51064 0
428 0 FBIS3-51398 0
428 0 FBIS3-51719 0
428 0 FBIS3-51977 0
428 0 FBIS3-52322 0
428 0 FBIS3-5297 0
428 0 FBIS3-53023 0
428 0 FBIS3-5387 0
428 0 FBIS3-5392 0
428 0 FBIS3-54635 0
428 0 FBIS3-54943 0
428 0 FBIS3-55142 0
428 0 FBIS3-5695 0
428 0 FBIS3-5774 0
428 0 FBIS3-5778 0
428 0 FBIS3-57944 0
428 0 FBIS3-58 0
428 0 FBIS3-59282 0
428 0 FBIS3-59297 0
428 0 FBIS3-59300 0
428 0 FBIS3-59303 0
428 0 FBIS3-59314 0
428 0 FBIS3-59344 0
428 0 FBIS3-59345 0
428 0 FBIS3-59363 0
428 0 FBIS3-59368 0
428 0 FBIS3-59370 0
428 0 FBIS3-59398 0
428 0 FBIS3-5945 0
428 0 FBIS3-59491 0
428 0 FBIS3-59704 0
428 0 FBIS3-59976 0
428 0 FBIS3-60 0
428 0 FBIS3-60292 1
428 0 FBIS3-60307 1
428 0 FBIS3-60409 0
428 0 FBIS3-60425 1
428 0 FBIS3-60440 0
428 0 FBIS3-61069 0
428 0 FBIS3-61294 0
428 0 FBIS3-61373 1
428 0 FBIS3-61444 0
428 0 FBIS3-61445 0
428 0 FBIS3-61517 0
428 0 FBIS3-617 0
428 0 FBIS3-6418 0
428 0 FBIS3-65 0
428 0 FBIS3-6710 0
428 0 FBIS3-6862 0
428 0 FBIS3-6884 0
428 0 FBIS3-7368 0
428 0 FBIS3-7430 0
428 0 FBIS3-7567 0
428 0 FBIS3-7642 0
428 0 FBIS3-7842 0
428 0 FBIS3-7903 0
428 0 FBIS3-8102 0
428 0 FBIS3-8506 0
428 0 FBIS3-908 0
428 0 FBIS4-11000 0
428 0 FBIS4-11284 0
428 0 FBIS4-14259 0
428 0 FBIS4-1457 0
428 0 FBIS4-14745 0
428 0 FBIS4-15795 0
428 0 FBIS4-15877 0
428 0 FBIS4-1608 0
428 0 FBIS4-16406 0
428 0 FBIS4-1669 0
428 0 FBIS4-16924 0
428 0 FBIS4-1700 0
428 0 FBIS4-1701 0
428 0 FBIS4-1702 0
428 0 FBIS4-1735 0
428 0 FBIS4-17765 0
428 0 FBIS4-17833 0
428 0 FBIS4-17912 0
428 0 FBIS4-1839 0
428 0 FBIS4-1843 0
428 0 FBIS4-1844 0
428 0 FBIS4-1851 0
428 0 FBIS4-1860 0
428 0 FBIS4-1861 0
428 0 FBIS4-1879 0
428 0 FBIS4-18917 0
428 0 FBIS4-19 0
428 0 FBIS4-1965 0
428 0 FBIS4-1972 0
428 0 FBIS4-20307 0
428 0 FBIS4-20316 0
428 0 FBIS4-20348 0
428 0 FBIS4-20351 0
428 0 FBIS4-20373 0
428 0 FBIS4-20395 0
428 0 FBIS4-2040 0
428 0 FBIS4-2047 0
428 0 FBIS4-20473 0
428 0 FBIS4-20504 0
428 0 FBIS4-20753 0
428 0 FBIS4-2084 0
428 0 FBIS4-21379 0
428 0 FBIS4-21422 0
428 0 FBIS4-21491 1
428 0 FBIS4-2166 0
428 0 FBIS4-2213 0
428 0 FBIS4-22256 0
428 0 FBIS4-22294 0
428 0 FBIS4-22319 0
428 0 FBIS4-22328 0
428 0 FBIS4-22433 1
428 0 FBIS4-22592 0
428 0 FBIS4-2265 0
428 0 FBIS4-22956 0
428 0 FBIS4-23084 0
428 0 FBIS4-23114 0
428 0 FBIS4-23131 0
428 0 FBIS4-2321 0
428 0 FBIS4-23217 0
428 0 FBIS4-2323 0
428 0 FBIS4-2324 0
428 0 FBIS4-2413 0
428 0 FBIS4-24414 0
428 0 FBIS4-24499 0
428 0 FBIS4-24562 0
428 0 FBIS4-2468 0
428 0 FBIS4-24726 0
428 0 FBIS4-24793 0
428 0 FBIS4-2487 0
428 0 FBIS4-24871 0
428 0 FBIS4-24895 0
428 0 FBIS4-24896 0
428 0 FBIS4-24947 0
428 0 FBIS4-2501 0
428 0 FBIS4-25021 0
428 0 FBIS4-25051 0
428 0 FBIS4-25121 0
428 0 FBIS4-25223 0
428 0 FBIS4-25261 0
428 0 FBIS4-25435 0
428 0 FBIS4-25441 0
428 0 FBIS4-25467 0
428 0 FBIS4-25496 0
428 0 FBIS4-25508 0
428 0 FBIS4-2554 0
428 0 FBIS4-25582 0
428 0 FBIS4-2566 0
428 0 FBIS4-25737 0
428 0 FBIS4-26182 0
428 0 FBIS4-26201 0
428 0 FBIS4-26396 0
428 0 FBIS4-26400 0
428 0 FBIS4-26676 0
428 0 FBIS4-26677 0
428 0 FBIS4-26678 0
428 0 FBIS4-26679 0
428 0 FBIS4-26680 0
428 0 FBIS4-26681 0
428 0 FBIS4-26683 0
428 0 FBIS4-26684 0
428 0 FBIS4-26851 0
428 0 FBIS4-26899 0
428 0 FBIS4-26910 0
428 0 FBIS4-26959 0
428 0 FBIS4-26966 0
428 0 FBIS4-27023 0
428 0 FBIS4-27315 0
428 0 FBIS4-27391 0
428 0 FBIS4-27566 0
428 0 FBIS4-27706 0
428 0 FBIS4-27797 0
428 0 FBIS4-2790 0
428 0 FBIS4-27911 0
428 0 FBIS4-28017 0
428 0 FBIS4-28494 0
428 0 FBIS4-2880 0
428 0 FBIS4-29194 0
428 0 FBIS4-2927 0
428 0 FBIS4-29392 0
428 0 FBIS4-29396 0
428 0 FBIS4-30487 1
428 0 FBIS4-30517 0
428 0 FBIS4-3090 0
428 0 FBIS4-3110 0
428 0 FBIS4-31127 1
428 0 FBIS4-31277 0
428 0 FBIS4-31807 0
428 0 FBIS4-3279 0
428 0 FBIS4-33431 0
428 0 FBIS4-3395 0
428 0 FBIS4-34621 0
428 0 FBIS4-34706 0
428 0 FBIS4-3519 0
428 0 FBIS4-3651 0
428 0 FBIS4-36600 0
428 0 FBIS4-3720 0
428 0 FBIS4-3789 0
428 0 FBIS4-38279 0
428 0 FBIS4-39248 0
428 0 FBIS4-3947 0
428 0 FBIS4-39505 0
428 0 FBIS4-40010 0
428 0 FBIS4-40104 1
428 0 FBIS4-40514 0
428 0 FBIS4-4109 0
428 0 FBIS4-4134 0
428 0 FBIS4-4149 0
428 0 FBIS4-4158 0
428 0 FBIS4-42 0
428 0 FBIS4-4222 0
428 0 FBIS4-4223 0
428 0 FBIS4-42313 0
428 0 FBIS4-4241 0
428 0 FBIS4-43715 0
428 0 FBIS4-44071 0
428 0 FBIS4-44445 0
428 0 FBIS4-44446 0
428 0 FBIS4-44449 0
428 0 FBIS4-44458 0
428 0 FBIS4-44506 0
428 0 FBIS4-44517 0
428 0 FBIS4-44533 0
428 0 FBIS4-44925 0
428 0 FBIS4-45066 0
428 0 FBIS4-45844 0
428 0 FBIS4-45863 0
428 0 FBIS4-45892 0
428 0 FBIS4-46737 0
428 0 FBIS4-46867 0
428 0 FBIS4-46932 0
428 0 FBIS4-46976 0
428 0 FBIS4-47024 0
428 0 FBIS4-47034 0
428 0 FBIS4-47139 0
428 0 FBIS4-47240 0
428 0 FBIS4-47440 0
428 0 FBIS4-47578 1
428 0 FBIS4-47609 0
428 0 FBIS4-47613 0
428 0 FBIS4-47629 0
428 0 FBIS4-47630 0
428 0 FBIS4-48918 0
428 0 FBIS4-49014 0
428 0 FBIS4-49042 0
428 0 FBIS4-49172 0
428 0 FBIS4-49181 0
428 0 FBIS4-49199 0
428 0 FBIS4-49241 0
428 0 FBIS4-49245 0
428 0 FBIS4-49312 0
428 0 FBIS4-49365 0
428 0 FBIS4-49389 0
428 0 FBIS4-49402 0
428 0 FBIS4-49457 0
428 0 FBIS4-49500 0
428 0 FBIS4-49505 0
428 0 FBIS4-49527 0
428 0 FBIS4-49540 0
428 0 FBIS4-49759 0
428 0 FBIS4-49764 0
428 0 FBIS4-49797 0
428 0 FBIS4-49826 0
428 0 FBIS4-49878 0
428 0 FBIS4-49881 0
428 0 FBIS4-49883 0
428 0 FBIS4-49956 0
428 0 FBIS4-50016 0
428 0 FBIS4-50074 0
428 0 FBIS4-50104 0
428 0 FBIS4-50123 0
428 0 FBIS4-50252 0
428 0 FBIS4-50317 0
428 0 FBIS4-50330 0
428 0 FBIS4-50445 0
428 0 FBIS4-50491 0
428 0 FBIS4-50507 0
428 0 FBIS4-50518 0
428 0 FBIS4-50546 0
428 0 FBIS4-50583 0
428 0 FBIS4-50629 0
428 0 FBIS4-50691 0
428 0 FBIS4-50713 0
428 0 FBIS4-50798 0
428 0 FBIS4-50869 0
428 0 FBIS4-50890 0
428 0 FBIS4-50911 0
428 0 FBIS4-50916 0
428 0 FBIS4-51074 0
428 0 FBIS4-51191 0
428 0 FBIS4-51271 0
428 0 FBIS4-51272 0
428 0 FBIS4-51316 0
428 0 FBIS4-51541 0
428 0 FBIS4-51664 0
428 0 FBIS4-51927 0
428 0 FBIS4-51932 0
428 0 FBIS4-52037 0
428 0 FBIS4-52041 0
428 0 FBIS4-52042 0
428 0 FBIS4-52045 0
428 0 FBIS4-52158 0
428 0 FBIS4-52587 0
428 0 FBIS4-53182 0
428 0 FBIS4-54622 0
428 0 FBIS4-54626 0
428 0 FBIS4-55912 0
428 0 FBIS4-56463 0
428 0 FBIS4-58107 0
428 0 FBIS4-59055 0
428 0 FBIS4-60812 0
428 0 FBIS4-60933 0
428 0 FBIS4-61406 0
428 0 FBIS4-62658 0
428 0 FBIS4-62799 0
428 0 FBIS4-62980 0
428 0 FBIS4-63532 0
428 0 FBIS4-63963 0
428 0 FBIS4-66160 0
428 0 FBIS4-66162 0
428 0 FBIS4-66178 0
428 0 FBIS4-66196 0
428 0 FBIS4-66202 0
428 0 FBIS4-66204 0
428 0 FBIS4-66210 0
428 0 FBIS4-66215 0
428 0 FBIS4-66256 0
428 0 FBIS4-66262 0
428 0 FBIS4-66276 0
428 0 FBIS4-66282 0
428 0 FBIS4-66359 0
428 0 FBIS4-66562 0
428 0 FBIS4-66698 1
428 0 FBIS4-67343 0
428 0 FBIS4-67381 0
428 0 FBIS4-67449 0
428 0 FBIS4-67450 1
428 0 FBIS4-67457 0
428 0 FBIS4-67517 0
428 0 FBIS4-67533 0
428 0 FBIS4-67704 0
428 0 FBIS4-67877 0
428 0 FBIS4-68220 0
428 0 FBIS4-68275 0
428 0 FBIS4-68285 0
428 0 FBIS4-68349 0
428 0 FBIS4-68357 0
428 0 FBIS4-68372 0
428 0 FBIS4-68429 0
428 0 FBIS4-68430 0
428 0 FBIS4-68494 0
428 0 FBIS4-68676 1
428 0 FBIS4-68781 0
428 0 FBIS4-68858 0
428 0 FBIS4-6995 0
428 0 FBIS4-7214 0
428 0 FBIS4-7815 0
428 0 FBIS4-880 0
428 0 FBIS4-8941 0
428 0 FR940104-0-00034 0
428 0 FR940105-2-00109 0
428 0 FR940106-1-00104 0
428 0 FR940112-1-00044 0
428 0 FR940114-0-00029 0
428 0 FR940119-2-00067 0
428 0 FR940126-1-00008 0
428 0 FR940127-1-00033 0
428 0 FR940202-0-00041 0
428 0 FR940202-0-00077 0
428 0 FR940202-0-00078 0
428 0 FR940202-2-00072 0
428 0 FR940203-0-00084 0
428 0 FR940204-1-00053 0
428 0 FR940207-2-00037 0
428 0 FR940216-2-00036 0
428 0 FR940224-2-00148 0
428 0 FR940302-2-00082 0
428 0 FR940303-2-00091 0
428 0 FR940314-1-00038 0
428 0 FR940314-1-00041 0
428 0 FR940317-1-00125 0
428 0 FR940317-1-00218 0
428 0 FR940317-2-00045 0
428 0 FR940318-2-00209 0
428 0 FR940323-1-00019 0
428 0 FR940405-0-00056 0
428 0 FR940406-0-00190 0
428 0 FR940412-0-00010 0
428 0 FR940419-2-00027 0
428 0 FR940511-0-00041 0
428 0 FR940511-2-00216 0
428 0 FR940516-1-00038 0
428 0 FR940523-2-00012 0
428 0 FR940525-1-00072 0
428 0 FR940525-1-00088 0
428 0 FR940526-2-00146 0
428 0 FR940602-0-00016 0
428 0 FR940602-1-00023 0
428 0 FR940606-2-00032 0
428 0 FR940610-0-00054 0
428 0 FR940610-0-00103 0
428 0 FR940610-0-00133 0
428 0 FR940616-2-00007 0
428 0 FR940621-0-00031 0
428 0 FR940621-2-00025 0
428 0 FR940622-2-00075 0
428 0 FR940706-2-00090 0
428 0 FR940706-2-00126 0
428 0 FR940721-2-00147 0
428 0 FR940728-1-00021 0
428 0 FR940803-2-00061 0
428 0 FR940803-2-00070 0
428 0 FR940816-1-00027 0
428 0 FR940816-1-00065 0
428 0 FR940817-1-00051 0
428 0 FR940817-2-00213 0
428 0 FR940822-0-00067 0
428 0 FR940822-0-00077 0
428 0 FR940831-1-00024 0
428 0 FR940831-2-00107 0
428 0 FR940902-1-00048 0
428 0 FR940922-2-00102 0
428 0 FR940922-2-00126 0
428 0 FR940927-0-00111 0
428 0 FR940928-0-00070 0
428 0 FR940930-0-00120 0
428 0 FR941004-1-00087 0
428 0 FR941005-0-00035 0
428 0 FR941006-0-00012 0
428 0 FR941012-0-00130 0
428 0 FR941012-2-00060 0
428 0 FR941012-2-00106 0
428 0 FR941013-2-00143 0
428 0 FR941021-0-00072 0
428 0 FR941021-0-00099 0
428 0 FR941021-0-00124 0
428 0 FR941021-0-00126 0
428 0 FR941021-0-00127 0
428 0 FR941026-2-00082 0
428 0 FR941027-1-00030 0
428 0 FR941031-1-00040 0
428 0 FR941031-2-00047 0
428 0 FR941103-2-00153 0
428 0 FR941116-2-00117 0
428 0 FR941117-2-00158 0
428 0 FR941121-2-00068 0
428 0 FR941122-0-00059 0
428 0 FR941122-0-00062 0
428 0 FR941122-0-00064 0
428 0 FR941122-0-00084 0
428 0 FR941122-0-00087 0
428 0 FR941122-0-00089 0
428 0 FR941122-0-00096 0
428 0 FR941130-0-00122 0
428 0 FR941202-2-00106 0
428 0 FR941206-0-00215 0
428 0 FR941207-2-00068 0
428 0 FR941216-1-00056 0
428 0 FR941219-2-00042 0
428 0 FR941219-2-00180 0
428 0 FR941221-2-00104 0
428 0 FR941230-0-00123 0
428 0 FT911-1199 0
428 0 FT911-1301 0
428 0 FT911-135 1
428 0 FT911-16 0
428 0 FT911-1957 0
428 0 FT911-1973 0
428 0 FT911-2291 0
428 0 FT911-2432 0
428 0 FT911-2458 1
428 0 FT911-2693 0
428 0 FT911-304 0
428 0 FT911-3149 0
428 0 FT911-3351 0
428 0 FT911-3440 0
428 0 FT911-3535 0
428 0 FT911-3536 0
428 0 FT911-37 0
428 0 FT911-3740 0
428 0 FT911-3826 0
428 0 FT911-4153 0
428 0 FT911-4269 0
428 0 FT911-4335 0
428 0 FT911-4350 0
428 0 FT911-4514 0
428 0 FT911-4532 0
428 0 FT911-4718 0
428 0 FT911-5002 0
428 0 FT911-5109 0
428 0 FT911-5117 0
428 0 FT911-594 0
428 0 FT911-626 0
428 0 FT911-686 0
428 0 FT911-792 0
428 0 FT911-855 0
428 0 FT921-10291 0
428 0 FT921-10372 0
428 0 FT921-10983 0
428 0 FT921-11061 0
428 0 FT921-11221 0
428 0 FT921-11342 0
428 0 FT921-11463 0
428 0 FT921-11466 0
428 0 FT921-11971 0
428 0 FT921-1198 1
428 0 FT921-12200 0
428 0 FT921-12726 0
428 0 FT921-12821 0
428 0 FT921-13486 0
428 0 FT921-13843 0
428 0 FT921-13924 0
428 0 FT921-14564 0
428 0 FT921-15348 0
428 0 FT921-16254 0
428 0 FT921-16411 0
428 0 FT921-2114 0
428 0 FT921-245 0
428 0 FT921-300 0
428 0 FT921-310 0
428 0 FT921-3155 0
428 0 FT921-3470 0
428 0 FT921-3835 0
428 0 FT921-4013 0
428 0 FT921-4361 0
428 0 FT921-4568 0
428 0 FT921-479 0
428 0 FT921-5148 0
428 0 FT921-5468 0
428 0 FT921-5892 1
428 0 FT921-6189 0
428 0 FT921-6355 0
428 0 FT921-6516 0
428 0 FT921-7010 0
428 0 FT921-7022 0
428 0 FT921-7084 1
428 0 FT921-7242 1
428 0 FT921-7315 0
428 0 FT921-7362 0
428 0 FT921-7599 0
428 0 FT921-866 0
428 0 FT921-881 0
428 0 FT921-9324 0
428 0 FT921-9829 0
428 0 FT922-10025 0
428 0 FT922-10566 0
428 0 FT922-11482 0
428 0 FT922-11763 0
428 0 FT922-1299 0
428 0 FT922-14000 0
428 0 FT922-14470 0
428 0 FT922-1739 0
428 0 FT922-2782 1
428 0 FT922-299 0
428 0 FT922-42 0
428 0 FT922-5995 0
428 0 FT922-626 0
428 0 FT922-7053 0
428 0 FT922-7073 0
428 0 FT922-7954 0
428 0 FT922-8172 0
428 0 FT922-852 0
428 0 FT923-13006 0
428 0 FT923-13472 0
428 0 FT923-13483 0
428 0 FT923-14688 0
428 0 FT923-15348 0
428 0 FT923-15568 0
428 0 FT923-1910 0
428 0 FT923-2563 0
428 0 FT923-2700 0
428 0 FT923-2918 0
428 0 FT923-3750 0
428 0 FT923-528 0
428 0 FT923-5408 0
428 0 FT923-554 0
428 0 FT923-6240 0
428 0 FT923-6286 0
428 0 FT923-6447 0
428 0 FT923-6672 0
428 0 FT923-6934 0
428 0 FT923-7103 0
428 0 FT923-7564 0
428 0 FT923-8009 0
428 0 FT923-8776 0
428 0 FT923-8996 0
428 0 FT923-9092 1
428 0 FT924-11153 0
428 0 FT924-11888 0
428 0 FT924-1225 0
428 0 FT924-1254 0
428 0 FT924-13102 0
428 0 FT924-13769 0
428 0 FT924-14307 0
428 0 FT924-14815 0
428 0 FT924-15515 0
428 0 FT924-15858 0
428 0 FT924-1590 0
428 0 FT924-2188 0
428 0 FT924-2445 0
428 0 FT924-2555 0
428 0 FT924-310 0
428 0 FT924-357 0
428 0 FT924-6488 0
428 0 FT924-7954 0
428 0 FT924-7956 0
428 0 FT924-8989 0
428 0 FT924-905 0
428 0 FT924-909 0
428 0 FT924-9331 1
428 0 FT924-9350 1
428 0 FT924-9366 0
428 0 FT924-9497 0
428 0 FT924-9654 0
428 0 FT924-9752 0
428 0 FT924-9774 0
428 0 FT931-1045 0
428 0 FT931-10612 0
428 0 FT931-10942 0
428 0 FT931-13172 0
428 0 FT931-13485 0
428 0 FT931-14248 0
428 0 FT931-14635 0
428 0 FT931-14762 0
428 0 FT931-15415 0
428 0 FT931-3620 0
428 0 FT931-614 0
428 0 FT931-7002 0
428 0 FT931-7277 0
428 0 FT931-7398 0
428 0 FT931-7593 1
428 0 FT931-7703 0
428 0 FT931-8539 0
428 0 FT931-9136 0
428 0 FT932-10373 0
428 0 FT932-13214 0
428 0 FT932-13560 1
428 0 FT932-1368 0
428 0 FT932-13780 0
428 0 FT932-13957 1
428 0 FT932-14325 0
428 0 FT932-17161 0
428 0 FT932-216 0
428 0 FT932-3422 1
428 0 FT932-3604 0
428 0 FT932-3618 0
428 0 FT932-4859 0
428 0 FT932-5619 0
428 0 FT932-6133 0
428 0 FT932-6207 0
428 0 FT932-623 0
428 0 FT932-7110 0
428 0 FT932-7738 0
428 0 FT932-7972 1
428 0 FT932-8842 1
428 0 FT932-9648 0
428 0 FT933-1002 0
428 0 FT933-11136 0
428 0 FT933-11149 0
428 0 FT933-11803 0
428 0 FT933-13149 0
428 0 FT933-14995 0
428 0 FT933-15872 0
428 0 FT933-16825 0
428 0 FT933-2093 0
428 0 FT933-2153 0
428 0 FT933-3431 0
428 0 FT933-4355 0
428 0 FT933-4917 0
428 0 FT933-6575 0
428 0 FT933-7839 0
428 0 FT933-7911 0
428 0 FT933-8050 0
428 0 FT933-880 0
428 0 FT933-9086 0
428 0 FT933-9521 1
428 0 FT934-10341 0
428 0 FT934-11786 0
428 0 FT934-126 0
428 0 FT934-12962 0
428 0 FT934-13110 0
428 0 FT934-13948 0
428 0 FT934-13969 0
428 0 FT934-15062 0
428 0 FT934-15676 0
428 0 FT934-16281 0
428 0 FT934-2632 0
428 0 FT934-347 0
428 0 FT934-4288 0
428 0 FT934-5047 0
428 0 FT934-5058 0
428 0 FT934-5269 0
428 0 FT934-5273 0
428 0 FT934-7698 0
428 0 FT934-8637 0
428 0 FT934-874 0
428 0 FT934-9940 0
428 0 FT941-11878 0
428 0 FT941-12410 0
428 0 FT941-12771 1
428 0 FT941-13122 0
428 0 FT941-13174 0
428 0 FT941-13184 0
428 0 FT941-13253 0
428 0 FT941-13597 0
428 0 FT941-13838 0
428 0 FT941-13875 0
428 0 FT941-14567 0
428 0 FT941-14914 0
428 0 FT941-17298 0
428 0 FT941-17589 0
428 0 FT941-17601 0
428 0 FT941-2125 0
428 0 FT941-2789 1
428 0 FT941-3245 0
428 0 FT941-4753 0
428 0 FT941-5210 0
428 0 FT941-5607 1
428 0 FT941-7381 0
428 0 FT941-7604 0
428 0 FT941-778 0
428 0 FT941-8352 0
428 0 FT941-841 0
428 0 FT941-858 0
428 0 FT941-9147 0
428 0 FT941-975 0
428 0 FT941-9983 0
428 0 FT942-10229 1
428 0 FT942-10370 0
428 0 FT942-10729 0
428 0 FT942-10784 0
428 0 FT942-10968 0
428 0 FT942-11025 0
428 0 FT942-1119 0
428 0 FT942-1130 0
428 0 FT942-11685 0
428 0 FT942-11699 1
428 0 FT942-12560 0
428 0 FT942-12847 0
428 0 FT942-13325 0
428 0 FT942-13785 1
428 0 FT942-13791 0
428 0 FT942-14005 0
428 0 FT942-15092 0
428 0 FT942-15240 0
428 0 FT942-15273 1
428 0 FT942-15493 0
428 0 FT942-17068 0
428 0 FT942-17112 0
428 0 FT942-1771 0
428 0 FT942-1938 0
428 0 FT942-2714 0
428 0 FT942-328 0
428 0 FT942-4413 0
428 0 FT942-4663 0
428 0 FT942-5516 0
428 0 FT942-5994 0
428 0 FT942-5998 0
428 0 FT942-7412 0
428 0 FT942-7417 0
428 0 FT942-7637 0
428 0 FT942-7763 0
428 0 FT942-7908 0
428 0 FT942-972 0
428 0 FT942-9852 0
428 0 FT943-11083 0
428 0 FT943-11952 0
428 0 FT943-12120 0
428 0 FT943-13402 0
428 0 FT943-13997 0
428 0 FT943-14332 1
428 0 FT943-14532 0
428 0 FT943-14765 0
428 0 FT943-14878 0
428 0 FT943-14888 0
428 0 FT943-16216 1
428 0 FT943-193 0
428 0 FT943-3206 0
428 0 FT943-3422 0
428 0 FT943-3495 0
428 0 FT943-3504 0
428 0 FT943-3526 0
428 0 FT943-36 0
428 0 FT943-3807 0
428 0 FT943-3894 0
428 0 FT943-4124 0
428 0 FT943-4312 0
428 0 FT943-440 0
428 0 FT943-4878 0
428 0 FT943-5141 1
428 0 FT943-5219 0
428 0 FT943-53 0
428 0 FT943-5505 0
428 0 FT943-5577 0
428 0 FT943-5793 0
428 0 FT943-5797 0
428 0 FT943-581 0
428 0 FT943-596 0
428 0 FT943-6017 0
428 0 FT943-6270 0
428 0 FT943-7112 0
428 0 FT943-8138 0
428 0 FT943-8239 0
428 0 FT943-8324 0
428 0 FT943-8466 0
428 0 FT943-8787 0
428 0 FT943-8888 0
428 0 FT943-9218 1
428 0 FT943-9327 0
428 0 FT943-9547 0
428 0 FT944-10676 0
428 0 FT944-11154 0
428 0 FT944-11390 0
428 0 FT944-11755 0
428 0 FT944-11832 0
428 0 FT944-13121 0
428 0 FT944-13407 0
428 0 FT944-13929 0
428 0 FT944-16143 0
428 0 FT944-16287 0
428 0 FT944-1636 0
428 0 FT944-18871 0
428 0 FT944-3527 0
428 0 FT944-3654 0
428 0 FT944-5125 0
428 0 FT944-5659 0
428 0 FT944-60 0
428 0 FT944-6228 0
428 0 FT944-647 0
428 0 FT944-7105 0
428 0 FT944-7643 0
428 0 FT944-7915 0
428 0 FT944-8583 0
428 0 FT944-9049 0
428 0 FT944-9743 0
428 0 LA010189-0048 0
428 0 LA010489-0034 0
428 0 LA010490-0215 0
428 0 LA010790-0036 0
428 0 LA010790-0073 0
428 0 LA010790-0132 0
428 0 LA010790-0172 0
428 0 LA010790-0216 0
428 0 LA010889-0051 0
428 0 LA010890-0095 0
428 0 LA011090-0172 0
428 0 LA011189-0005 0
428 0 LA011589-0005 0
428 0 LA011690-0064 0
428 0 LA011789-0107 0
428 0 LA011890-0024 0
428 0 LA011890-0094 0
428 0 LA011890-0140 0
428 0 LA011890-0235 0
428 0 LA011990-0165 0
428 0 LA012189-0108 0
428 0 LA012190-0130 0
428 0 LA012589-0077 0
428 0 LA012790-0112 0
428 0 LA012889-0117 0
428 0 LA012890-0081 0
428 0 LA012890-0152 0
428 0 LA012890-0190 0
428 0 LA012989-0050 0
428 0 LA012990-0017 0
428 0 LA012990-0048 0
428 0 LA012990-0099 0
428 0 LA013090-0101 0
428 0 LA013090-0108 0
428 0 LA013090-0112 0
428 0 LA013090-0141 0
428 0 LA013190-0167 0
428 0 LA020289-0049 0
428 0 LA020389-0168 0
428 0 LA020490-0080 0
428 0 LA020589-0045 0
428 0 LA020589-0144 0
428 0 LA020789-0160 0
428 0 LA020889-0067 0
428 0 LA020890-0027 0
428 0 LA020890-0173 0
428 0 LA021089-0070 0
428 0 LA021089-0151 0
428 0 LA021190-0124 0
428 0 LA021590-0211 0
428 0 LA021890-0058 0
428 0 LA022089-0020 0
428 0 LA022389-0226 0
428 0 LA022390-0059 0
428 0 LA022489-0162 0
428 0 LA022690-0009 0
428 0 LA022790-0124 0
428 0 LA022889-0077 0
428 0 LA030190-0162 0
428 0 LA030590-0011 0
428 0 LA030689-0044 0
428 0 LA030889-0038 0
428 0 LA031190-0206 0
428 0 LA031289-0154 0
428 0 LA031689-0102 0
428 0 LA031689-0191 0
428 0 LA031989-0178 0
428 0 LA031990-0050 0
428 0 LA032090-0117 0
428 0 LA032189-0153 0
428 0 LA032290-0238 0
428 0 LA032390-0176 0
428 0 LA032590-0149 0
428 0 LA033089-0084 0
428 0 LA033190-0130 0
428 0 LA040289-0159 0
428 0 LA040390-0124 0
428 0 LA040889-0136 0
428 0 LA040889-0137 0
428 0 LA040890-0216 0
428 0 LA040890-0248 0
428 0 LA041190-0092 0
428 0 LA041290-0083 0
428 0 LA041390-0051 0
428 0 LA041589-0052 0
428 0 LA041590-0153 0
428 0 LA042090-0130 0
428 0 LA042990-0214 0
428 0 LA043089-0068 0
428 0 LA050589-0039 0
428 0 LA050790-0080 0
428 0 LA050890-0129 0
428 0 LA050990-0037 0
428 0 LA051190-0078 1
428 0 LA051190-0178 0
428 0 LA051489-0054 0
428 0 LA051589-0011 0
428 0 LA051890-0173 0
428 0 LA052189-0091 0
428 0 LA052289-0073 0
428 0 LA052689-0100 0
428 0 LA052690-0076 0
428 0 LA052690-0131 0
428 0 LA052690-0132 0
428 0 LA052889-0096 0
428 0 LA060189-0054 0
428 0 LA060289-0030 0
428 0 LA060289-0092 0
428 0 LA060389-0103 0
428 0 LA060590-0007 0
428 0 LA060889-0198 0
428 0 LA060989-0097 0
428 0 LA061090-0034 0
428 0 LA061789-0078 0
428 0 LA061789-0138 0
428 0 LA061790-0048 0
428 0 LA061990-0091 0
428 0 LA062289-0218 0
428 0 LA062589-0099 0
428 0 LA062690-0049 0
428 0 LA070190-0078 1
428 0 LA070190-0096 0
428 0 LA070190-0124 0
428 0 LA070190-0196 0
428 0 LA070290-0060 0
428 0 LA070490-0027 0
428 0 LA070590-0056 0
428 0 LA071190-0119 0
428 0 LA071790-0036 0
428 0 LA071790-0125 0
428 0 LA071990-0195 0
428 0 LA072090-0066 0
428 0 LA072290-0043 0
428 0 LA072390-0045 0
428 0 LA072489-0004 0
428 0 LA072490-0039 0
428 0 LA072689-0049 0
428 0 LA072789-0077 0
428 0 LA072789-0124 0
428 0 LA072889-0171 0
428 0 LA073089-0019 0
428 0 LA073089-0075 0
428 0 LA080289-0061 0
428 0 LA080389-0124 0
428 0 LA080689-0085 0
428 0 LA080689-0096 0
428 0 LA080790-0131 0
428 0 LA080790-0166 0
428 0 LA081089-0170 0
428 0 LA081690-0056 0
428 0 LA081789-0110 0
428 0 LA081789-0159 0
428 0 LA081790-0028 0
428 0 LA081989-0053 0
428 0 LA082090-0060 0
428 0 LA082189-0037 0
428 0 LA090790-0036 0
428 0 LA090889-0008 0
428 0 LA090990-0087 0
428 0 LA091190-0053 0
428 0 LA091289-0131 0
428 0 LA091490-0138 0
428 0 LA091690-0063 0
428 0 LA092189-0021 0
428 0 LA092189-0077 0
428 0 LA092189-0172 0
428 0 LA092189-0187 0
428 0 LA092189-0189 0
428 0 LA092190-0069 0
428 0 LA092190-0090 0
428 0 LA092190-0126 0
428 0 LA092289-0111 0
428 0 LA092289-0122 0
428 0 LA092290-0076 0
428 0 LA092290-0079 0
428 0 LA092389-0090 0
428 0 LA092390-0036 0
428 0 LA092390-0069 0
428 0 LA092390-0167 0
428 0 LA092390-0223 0
428 0 LA092489-0122 0
428 0 LA092489-0207 0
428 0 LA092490-0010 0
428 0 LA092589-0069 0
428 0 LA092589-0113 0
428 0 LA092590-0085 0
428 0 LA092590-0156 0
428 0 LA092590-0163 0
428 0 LA092590-0164 0
428 0 LA092689-0080 0
428 0 LA092689-0081 0
428 0 LA092689-0114 0
428 0 LA092689-0134 0
428 0 LA092690-0108 0
428 0 LA092690-0109 0
428 0 LA092690-0157 0
428 0 LA092789-0043 0
428 0 LA092789-0102 0
428 0 LA092789-0104 0
428 0 LA092790-0044 0
428 0 LA092790-0209 0
428 0 LA092889-0046 0
428 0 LA092889-0174 0
428 0 LA092889-0180 0
428 0 LA092890-0032 0
428 0 LA092890-0092 0
428 0 LA092890-0154 0
428 0 LA092989-0076 0
428 0 LA092989-0132 0
428 0 LA092990-0089 0
428 0 LA092990-0134 0
428 0 LA092990-0155 0
428 0 LA093089-0117 0
428 0 LA093089-0124 0
428 0 LA093090-0051 0
428 0 LA093090-0057 0
428 0 LA093090-0199 0
428 0 LA100189-0101 0
428 0 LA100189-0104 0
428 0 LA100189-0176 0
428 0 LA100189-0202 0
428 0 LA100190-0064 0
428 0 LA100190-0109 0
428 0 LA100289-0036 0
428 0 LA100290-0174 0
428 0 LA100690-0046 0
428 0 LA100790-0209 0
428 0 LA101090-0127 0
428 0 LA101190-0078 0
428 0 LA101289-0113 0
428 0 LA101290-0150 0
428 0 LA101389-0176 0
428 0 LA101490-0181 0
428 0 LA101689-0053 0
428 0 LA101789-0131 0
428 0 LA101790-0095 0
428 0 LA102390-0066 0
428 0 LA110189-0101 0
428 0 LA110190-0064 0
428 0 LA110689-0009 0
428 0 LA110689-0057 0
428 0 LA110790-0070 0
428 0 LA110889-0065 0
428 0 LA111089-0084 0
428 0 LA111190-0035 0
428 0 LA111190-0175 0
428 0 LA111389-0071 0
428 0 LA111689-0224 0
428 0 LA111890-0011 0
428 0 LA112090-0167 0
428 0 LA112790-0137 0
428 0 LA112889-0129 0
428 0 LA112989-0099 0
428 0 LA112989-0135 0
428 0 LA120389-0227 0
428 0 LA120790-0115 0
428 0 LA120889-0120 0
428 0 LA120990-0068 0
428 0 LA121089-0071 0
428 0 LA121489-0129 0
428 0 LA121489-0203 0
428 0 LA121589-0139 0
428 0 LA121690-0177 0
428 0 LA121790-0029 0
428 0 LA121889-0033 0
428 0 LA121890-0120 0
428 0 LA121990-0107 0
428 0 LA122090-0184 0
428 0 LA122189-0011 0
428 0 LA122290-0110 0
428 0 LA122390-0064 0
428 0 LA122489-0017 0
428 0 LA122490-0037 0
428 0 LA122490-0058 0
428 0 LA122789-0134 0
428 0 LA122790-0050 0
428 0 LA122790-0072 0
428 0 LA122790-0074 0
428 0 LA122790-0087 0
428 0 LA122790-0150 0
428 0 LA122989-0132 0
428 0 LA122989-0140 0
428 0 LA122989-0148 0
428 0 LA123090-0023 0
428 0 LA123090-0035 0
428 0 LA123189-0035 0
428 0 LA123189-0136 0
428 0 LA123190-0059 0
428 0 LA123190-0086 0
