404 0 FBIS3-10402 0
404 0 FBIS3-1067 0
404 0 FBIS3-11848 0
404 0 FBIS3-12208 0
404 0 FBIS3-12467 0
404 0 FBIS3-12743 0
404 0 FBIS3-1332 0
404 0 FBIS3-13383 0
404 0 FBIS3-13449 0
404 0 FBIS3-13590 0
404 0 FBIS3-13688 0
404 0 FBIS3-13726 0
404 0 FBIS3-13756 0
404 0 FBIS3-13790 0
404 0 FBIS3-13792 0
404 0 FBIS3-13862 0
404 0 FBIS3-13960 0
404 0 FBIS3-14115 0
404 0 FBIS3-14163 0
404 0 FBIS3-14199 0
404 0 FBIS3-14246 0
404 0 FBIS3-14468 0
404 0 FBIS3-14475 0
404 0 FBIS3-14484 0
404 0 FBIS3-14598 0
404 0 FBIS3-14703 0
404 0 FBIS3-14832 0
404 0 FBIS3-15073 0
404 0 FBIS3-15079 0
404 0 FBIS3-1509 0
404 0 FBIS3-16013 0
404 0 FBIS3-1604 0
404 0 FBIS3-1658 0
404 0 FBIS3-16622 0
404 0 FBIS3-1665 0
404 0 FBIS3-17081 0
404 0 FBIS3-17354 0
404 0 FBIS3-18079 0
404 0 FBIS3-18136 0
404 0 FBIS3-18151 0
404 0 FBIS3-18191 0
404 0 FBIS3-18200 0
404 0 FBIS3-18250 0
404 0 FBIS3-18348 0
404 0 FBIS3-18585 0
404 0 FBIS3-18731 0
404 0 FBIS3-18992 0
404 0 FBIS3-19026 1
404 0 FBIS3-19121 1
404 0 FBIS3-19249 0
404 0 FBIS3-19567 0
404 0 FBIS3-19594 1
404 0 FBIS3-19662 1
404 0 FBIS3-19677 0
404 0 FBIS3-19797 1
404 0 FBIS3-19844 0
404 0 FBIS3-19845 0
404 0 FBIS3-19884 0
404 0 FBIS3-19892 0
404 0 FBIS3-20796 0
404 0 FBIS3-20797 0
404 0 FBIS3-208 0
404 0 FBIS3-21323 0
404 0 FBIS3-21818 0
404 0 FBIS3-23472 1
404 0 FBIS3-23561 0
404 0 FBIS3-23772 0
404 0 FBIS3-24038 0
404 0 FBIS3-24039 0
404 0 FBIS3-24183 0
404 0 FBIS3-24250 0
404 0 FBIS3-24282 0
404 0 FBIS3-24338 0
404 0 FBIS3-24350 0
404 0 FBIS3-24469 0
404 0 FBIS3-24633 0
404 0 FBIS3-24645 0
404 0 FBIS3-24653 0
404 0 FBIS3-24739 0
404 0 FBIS3-24740 0
404 0 FBIS3-24796 0
404 0 FBIS3-24869 0
404 0 FBIS3-24974 0
404 0 FBIS3-24977 0
404 0 FBIS3-24979 0
404 0 FBIS3-24980 0
404 0 FBIS3-24982 0
404 0 FBIS3-25051 0
404 0 FBIS3-25077 0
404 0 FBIS3-25138 0
404 0 FBIS3-25184 0
404 0 FBIS3-25190 0
404 0 FBIS3-25236 0
404 0 FBIS3-25252 0
404 0 FBIS3-25268 0
404 0 FBIS3-25273 0
404 0 FBIS3-25277 0
404 0 FBIS3-25349 0
404 0 FBIS3-25366 0
404 0 FBIS3-25373 0
404 0 FBIS3-25374 0
404 0 FBIS3-25401 0
404 0 FBIS3-25442 0
404 0 FBIS3-25443 0
404 0 FBIS3-25448 0
404 0 FBIS3-25454 0
404 0 FBIS3-25480 0
404 0 FBIS3-25495 0
404 0 FBIS3-25756 0
404 0 FBIS3-26194 0
404 0 FBIS3-26488 0
404 0 FBIS3-268 0
404 0 FBIS3-27058 0
404 0 FBIS3-27711 0
404 0 FBIS3-2778 0
404 0 FBIS3-28969 0
404 0 FBIS3-29 0
404 0 FBIS3-29292 0
404 0 FBIS3-30324 0
404 0 FBIS3-30367 0
404 0 FBIS3-31341 0
404 0 FBIS3-31396 0
404 0 FBIS3-31426 0
404 0 FBIS3-31603 0
404 0 FBIS3-31672 0
404 0 FBIS3-32 0
404 0 FBIS3-32026 0
404 0 FBIS3-32113 0
404 0 FBIS3-32220 0
404 0 FBIS3-32855 0
404 0 FBIS3-32914 0
404 0 FBIS3-33783 0
404 0 FBIS3-33788 0
404 0 FBIS3-34 0
404 0 FBIS3-34094 0
404 0 FBIS3-34116 0
404 0 FBIS3-34305 0
404 0 FBIS3-34522 0
404 0 FBIS3-34999 0
404 0 FBIS3-35050 0
404 0 FBIS3-35157 0
404 0 FBIS3-35174 0
404 0 FBIS3-35363 0
404 0 FBIS3-35380 0
404 0 FBIS3-35411 0
404 0 FBIS3-35424 0
404 0 FBIS3-35540 0
404 0 FBIS3-35593 0
404 0 FBIS3-35800 0
404 0 FBIS3-36 0
404 0 FBIS3-36304 0
404 0 FBIS3-37464 0
404 0 FBIS3-37696 0
404 0 FBIS3-37986 0
404 0 FBIS3-38114 0
404 0 FBIS3-38118 0
404 0 FBIS3-38119 0
404 0 FBIS3-38182 0
404 0 FBIS3-38243 1
404 0 FBIS3-38245 0
404 0 FBIS3-38276 0
404 0 FBIS3-38279 0
404 0 FBIS3-38316 0
404 0 FBIS3-38354 0
404 0 FBIS3-38356 0
404 0 FBIS3-38420 0
404 0 FBIS3-38521 0
404 0 FBIS3-38538 0
404 0 FBIS3-38586 0
404 0 FBIS3-38741 0
404 0 FBIS3-38807 0
404 0 FBIS3-38866 0
404 0 FBIS3-38872 0
404 0 FBIS3-38933 0
404 0 FBIS3-39106 0
404 0 FBIS3-39349 0
404 0 FBIS3-39402 0
404 0 FBIS3-39415 0
404 0 FBIS3-39505 0
404 0 FBIS3-39568 0
404 0 FBIS3-39733 1
404 0 FBIS3-39984 0
404 0 FBIS3-40315 0
404 0 FBIS3-40450 0
404 0 FBIS3-40734 0
404 0 FBIS3-42399 0
404 0 FBIS3-42400 0
404 0 FBIS3-42425 0
404 0 FBIS3-42497 0
404 0 FBIS3-43137 0
404 0 FBIS3-43191 0
404 0 FBIS3-43238 0
404 0 FBIS3-43467 0
404 0 FBIS3-43487 0
404 0 FBIS3-43528 0
404 0 FBIS3-43673 0
404 0 FBIS3-43722 0
404 0 FBIS3-43845 0
404 0 FBIS3-43846 0
404 0 FBIS3-43892 0
404 0 FBIS3-43912 0
404 0 FBIS3-43949 0
404 0 FBIS3-44010 0
404 0 FBIS3-44076 0
404 0 FBIS3-44077 0
404 0 FBIS3-44275 0
404 0 FBIS3-44315 0
404 0 FBIS3-44852 0
404 0 FBIS3-45317 0
404 0 FBIS3-46311 0
404 0 FBIS3-46879 0
404 0 FBIS3-47228 0
404 0 FBIS3-47411 0
404 0 FBIS3-48296 0
404 0 FBIS3-48483 0
404 0 FBIS3-49515 0
404 0 FBIS3-49589 0
404 0 FBIS3-49611 0
404 0 FBIS3-49913 0
404 0 FBIS3-51075 0
404 0 FBIS3-5116 0
404 0 FBIS3-51276 0
404 0 FBIS3-52191 0
404 0 FBIS3-52234 0
404 0 FBIS3-52267 0
404 0 FBIS3-52415 0
404 0 FBIS3-52523 0
404 0 FBIS3-52841 0
404 0 FBIS3-53089 0
404 0 FBIS3-5318 0
404 0 FBIS3-53572 0
404 0 FBIS3-53688 0
404 0 FBIS3-53997 0
404 0 FBIS3-54189 0
404 0 FBIS3-54271 0
404 0 FBIS3-54381 0
404 0 FBIS3-54394 0
404 0 FBIS3-54400 0
404 0 FBIS3-54461 0
404 0 FBIS3-55030 0
404 0 FBIS3-55931 0
404 0 FBIS3-56733 0
404 0 FBIS3-57634 0
404 0 FBIS3-57928 1
404 0 FBIS3-58141 0
404 0 FBIS3-58142 0
404 0 FBIS3-58176 0
404 0 FBIS3-58367 0
404 0 FBIS3-58413 0
404 0 FBIS3-58591 0
404 0 FBIS3-58717 0
404 0 FBIS3-58718 0
404 0 FBIS3-59015 0
404 0 FBIS3-59132 0
404 0 FBIS3-60336 0
404 0 FBIS3-60906 0
404 0 FBIS3-60917 0
404 0 FBIS3-6102 0
404 0 FBIS3-61039 0
404 0 FBIS3-61335 0
404 0 FBIS3-61336 0
404 0 FBIS3-67 0
404 0 FBIS3-6852 0
404 0 FBIS3-7 0
404 0 FBIS3-7010 0
404 0 FBIS3-7196 0
404 0 FBIS3-724 0
404 0 FBIS3-725 0
404 0 FBIS3-7895 0
404 0 FBIS3-8525 0
404 0 FBIS3-8916 0
404 0 FBIS3-9108 0
404 0 FBIS3-912 0
404 0 FBIS3-9167 0
404 0 FBIS3-9270 0
404 0 FBIS3-9697 0
404 0 FBIS3-9865 0
404 0 FBIS4-10627 0
404 0 FBIS4-1088 0
404 0 FBIS4-1097 0
404 0 FBIS4-11102 0
404 0 FBIS4-113 0
404 0 FBIS4-1141 0
404 0 FBIS4-11770 0
404 0 FBIS4-11818 0
404 0 FBIS4-11922 0
404 0 FBIS4-11998 0
404 0 FBIS4-12001 0
404 0 FBIS4-12030 0
404 0 FBIS4-12180 0
404 0 FBIS4-12196 0
404 0 FBIS4-12318 0
404 0 FBIS4-12380 0
404 0 FBIS4-12469 0
404 0 FBIS4-12500 0
404 0 FBIS4-12558 0
404 0 FBIS4-12559 0
404 0 FBIS4-12656 0
404 0 FBIS4-12681 0
404 0 FBIS4-12684 0
404 0 FBIS4-12743 0
404 0 FBIS4-12777 0
404 0 FBIS4-12916 0
404 0 FBIS4-12918 0
404 0 FBIS4-12932 0
404 0 FBIS4-13181 0
404 0 FBIS4-132 0
404 0 FBIS4-13242 0
404 0 FBIS4-13302 0
404 0 FBIS4-13303 0
404 0 FBIS4-13371 0
404 0 FBIS4-13448 0
404 0 FBIS4-13557 0
404 0 FBIS4-13561 0
404 0 FBIS4-13574 0
404 0 FBIS4-13671 0
404 0 FBIS4-13805 0
404 0 FBIS4-13875 0
404 0 FBIS4-14054 0
404 0 FBIS4-14075 0
404 0 FBIS4-14399 0
404 0 FBIS4-1458 0
404 0 FBIS4-14876 0
404 0 FBIS4-14948 0
404 0 FBIS4-15599 0
404 0 FBIS4-15903 0
404 0 FBIS4-1595 0
404 0 FBIS4-16282 0
404 0 FBIS4-16582 0
404 0 FBIS4-16696 0
404 0 FBIS4-1686 0
404 0 FBIS4-17213 0
404 0 FBIS4-17719 0
404 0 FBIS4-17996 0
404 0 FBIS4-18106 0
404 0 FBIS4-1813 0
404 0 FBIS4-18216 0
404 0 FBIS4-18297 0
404 0 FBIS4-18316 0
404 0 FBIS4-18456 0
404 0 FBIS4-18610 0
404 0 FBIS4-18656 0
404 0 FBIS4-18701 0
404 0 FBIS4-18713 0
404 0 FBIS4-18754 0
404 0 FBIS4-18755 0
404 0 FBIS4-18914 1
404 0 FBIS4-19092 0
404 0 FBIS4-19099 0
404 0 FBIS4-19238 0
404 0 FBIS4-19317 1
404 0 FBIS4-19400 0
404 0 FBIS4-19739 0
404 0 FBIS4-20025 0
404 0 FBIS4-20472 0
404 0 FBIS4-22690 0
404 0 FBIS4-23621 0
404 0 FBIS4-23644 0
404 0 FBIS4-23871 0
404 0 FBIS4-24211 0
404 0 FBIS4-24337 0
404 0 FBIS4-24687 0
404 0 FBIS4-25279 0
404 0 FBIS4-25386 0
404 0 FBIS4-25524 0
404 0 FBIS4-25997 0
404 0 FBIS4-2659 0
404 0 FBIS4-26842 0
404 0 FBIS4-26892 0
404 0 FBIS4-26967 0
404 0 FBIS4-27929 0
404 0 FBIS4-28429 0
404 0 FBIS4-29 0
404 0 FBIS4-29522 0
404 0 FBIS4-30147 0
404 0 FBIS4-30445 0
404 0 FBIS4-30835 0
404 0 FBIS4-31379 0
404 0 FBIS4-31787 0
404 0 FBIS4-32114 0
404 0 FBIS4-33142 0
404 0 FBIS4-33848 0
404 0 FBIS4-347 0
404 0 FBIS4-34782 0
404 0 FBIS4-35240 0
404 0 FBIS4-35244 0
404 0 FBIS4-35508 0
404 0 FBIS4-3559 0
404 0 FBIS4-35696 0
404 0 FBIS4-35697 0
404 0 FBIS4-358 0
404 0 FBIS4-35912 0
404 0 FBIS4-36088 0
404 0 FBIS4-36231 0
404 0 FBIS4-36269 0
404 0 FBIS4-36515 0
404 0 FBIS4-36600 0
404 0 FBIS4-36835 0
404 0 FBIS4-36836 0
404 0 FBIS4-37412 0
404 0 FBIS4-37518 0
404 0 FBIS4-37525 0
404 0 FBIS4-37532 0
404 0 FBIS4-37832 0
404 0 FBIS4-37925 0
404 0 FBIS4-37999 0
404 0 FBIS4-3806 0
404 0 FBIS4-38071 0
404 0 FBIS4-38288 0
404 0 FBIS4-38289 0
404 0 FBIS4-3999 0
404 0 FBIS4-4024 0
404 0 FBIS4-41054 0
404 0 FBIS4-41171 0
404 0 FBIS4-41647 0
404 0 FBIS4-42699 1
404 0 FBIS4-42927 0
404 0 FBIS4-43233 0
404 0 FBIS4-43652 0
404 0 FBIS4-43670 0
404 0 FBIS4-43883 0
404 0 FBIS4-44285 1
404 0 FBIS4-44306 0
404 0 FBIS4-44374 0
404 0 FBIS4-46321 1
404 0 FBIS4-46451 1
404 0 FBIS4-46469 0
404 0 FBIS4-46649 0
404 0 FBIS4-47645 0
404 0 FBIS4-47660 0
404 0 FBIS4-47827 0
404 0 FBIS4-47975 0
404 0 FBIS4-48656 0
404 0 FBIS4-48726 0
404 0 FBIS4-48812 0
404 0 FBIS4-50232 0
404 0 FBIS4-51678 0
404 0 FBIS4-51762 0
404 0 FBIS4-53117 0
404 0 FBIS4-53576 0
404 0 FBIS4-56272 0
404 0 FBIS4-56642 0
404 0 FBIS4-57237 0
404 0 FBIS4-57286 0
404 0 FBIS4-5729 0
404 0 FBIS4-57433 0
404 0 FBIS4-577 0
404 0 FBIS4-58121 0
404 0 FBIS4-58124 0
404 0 FBIS4-58334 0
404 0 FBIS4-58461 0
404 0 FBIS4-58988 0
404 0 FBIS4-58989 0
404 0 FBIS4-59106 0
404 0 FBIS4-59197 0
404 0 FBIS4-59234 0
404 0 FBIS4-59482 0
404 0 FBIS4-59592 0
404 0 FBIS4-59607 0
404 0 FBIS4-59969 0
404 0 FBIS4-60092 0
404 0 FBIS4-60536 0
404 0 FBIS4-60575 0
404 0 FBIS4-60752 0
404 0 FBIS4-61061 0
404 0 FBIS4-62687 0
404 0 FBIS4-631 0
404 0 FBIS4-6320 0
404 0 FBIS4-63834 0
404 0 FBIS4-63859 0
404 0 FBIS4-63879 0
404 0 FBIS4-64214 0
404 0 FBIS4-646 0
404 0 FBIS4-64874 0
404 0 FBIS4-65094 0
404 0 FBIS4-65305 0
404 0 FBIS4-65306 0
404 0 FBIS4-65341 0
404 0 FBIS4-65342 0
404 0 FBIS4-65343 0
404 0 FBIS4-65611 0
404 0 FBIS4-65663 1
404 0 FBIS4-65754 0
404 0 FBIS4-65837 1
404 0 FBIS4-66023 0
404 0 FBIS4-66024 1
404 0 FBIS4-66025 1
404 0 FBIS4-66026 1
404 0 FBIS4-66185 0
404 0 FBIS4-66192 0
404 0 FBIS4-66231 0
404 0 FBIS4-66514 0
404 0 FBIS4-6696 0
404 0 FBIS4-67764 0
404 0 FBIS4-68275 0
404 0 FBIS4-68782 0
404 0 FBIS4-68826 0
404 0 FBIS4-68893 0
404 0 FBIS4-731 0
404 0 FBIS4-7473 0
404 0 FBIS4-7628 0
404 0 FBIS4-7859 0
404 0 FBIS4-7870 0
404 0 FBIS4-7954 0
404 0 FBIS4-8683 0
404 0 FBIS4-8759 0
404 0 FBIS4-914 0
404 0 FBIS4-931 0
404 0 FBIS4-934 0
404 0 FBIS4-981 0
404 0 FBIS4-989 0
404 0 FR940105-2-00109 0
404 0 FR940119-2-00067 0
404 0 FR940128-1-00106 0
404 0 FR940202-2-00072 0
404 0 FR940207-0-00014 0
404 0 FR940216-2-00036 0
404 0 FR940217-1-00037 0
404 0 FR940302-2-00082 0
404 0 FR940304-1-00036 0
404 0 FR940318-2-00090 0
404 0 FR940406-0-00190 0
404 0 FR940413-2-00130 0
404 0 FR940602-1-00023 0
404 0 FR940622-2-00075 0
404 0 FR940706-2-00126 0
404 0 FR940803-2-00061 0
404 0 FR940817-2-00213 0
404 0 FR940822-0-00067 0
404 0 FR940830-0-00004 0
404 0 FR940831-2-00107 0
404 0 FR941027-1-00030 0
404 0 FR941107-0-00034 0
404 0 FR941116-2-00048 0
404 0 FR941130-0-00122 0
404 0 FR941207-2-00068 0
404 0 FR941221-2-00104 0
404 0 FT911-1272 0
404 0 FT911-1306 0
404 0 FT911-2440 0
404 0 FT911-2582 0
404 0 FT911-3134 0
404 0 FT911-3359 0
404 0 FT911-3751 0
404 0 FT911-4619 0
404 0 FT911-4995 0
404 0 FT911-5268 0
404 0 FT911-87 0
404 0 FT911-874 0
404 0 FT921-11681 0
404 0 FT921-1208 0
404 0 FT921-14286 0
404 0 FT921-14938 0
404 0 FT921-1575 0
404 0 FT921-16070 0
404 0 FT921-16122 0
404 0 FT921-2540 0
404 0 FT921-2702 0
404 0 FT921-3804 0
404 0 FT921-3820 0
404 0 FT921-4068 1
404 0 FT921-4887 0
404 0 FT921-5496 0
404 0 FT921-5925 0
404 0 FT921-6607 0
404 0 FT921-7442 0
404 0 FT921-7466 0
404 0 FT921-7588 1
404 0 FT921-85 0
404 0 FT921-9343 0
404 0 FT921-9932 1
404 0 FT922-10287 0
404 0 FT922-10581 0
404 0 FT922-10995 0
404 0 FT922-11023 0
404 0 FT922-11139 0
404 0 FT922-11142 0
404 0 FT922-11575 0
404 0 FT922-14461 0
404 0 FT922-1872 0
404 0 FT922-2586 0
404 0 FT922-3134 0
404 0 FT922-3170 0
404 0 FT922-3390 0
404 0 FT922-3985 0
404 0 FT922-7247 0
404 0 FT922-738 0
404 0 FT922-8398 0
404 0 FT922-867 0
404 0 FT923-12112 0
404 0 FT923-12904 0
404 0 FT923-13260 0
404 0 FT923-13456 0
404 0 FT923-14024 0
404 0 FT923-14028 0
404 0 FT923-14747 0
404 0 FT923-14859 0
404 0 FT923-14864 0
404 0 FT923-15024 0
404 0 FT923-15074 0
404 0 FT923-1766 0
404 0 FT923-1767 0
404 0 FT923-1801 0
404 0 FT923-1846 0
404 0 FT923-1910 0
404 0 FT923-1911 0
404 0 FT923-2010 0
404 0 FT923-204 0
404 0 FT923-2525 0
404 0 FT923-2838 0
404 0 FT923-4088 0
404 0 FT923-4189 0
404 0 FT923-4341 0
404 0 FT923-4683 0
404 0 FT923-5146 0
404 0 FT923-6084 0
404 0 FT923-6280 0
404 0 FT923-8482 0
404 0 FT924-11015 0
404 0 FT924-12030 0
404 0 FT924-12295 0
404 0 FT924-14007 1
404 0 FT924-14176 0
404 0 FT924-16099 0
404 0 FT924-1615 0
404 0 FT924-1880 0
404 0 FT924-2136 0
404 0 FT924-3618 0
404 0 FT924-4285 0
404 0 FT924-515 0
404 0 FT924-54 0
404 0 FT924-6526 0
404 0 FT924-6695 0
404 0 FT924-8444 0
404 0 FT924-8739 0
404 0 FT924-8921 0
404 0 FT924-9347 0
404 0 FT931-10560 0
404 0 FT931-10905 0
404 0 FT931-11213 0
404 0 FT931-12280 0
404 0 FT931-13465 0
404 0 FT931-13505 0
404 0 FT931-14343 0
404 0 FT931-14555 0
404 0 FT931-15501 0
404 0 FT931-15611 0
404 0 FT931-15639 0
404 0 FT931-16156 0
404 0 FT931-1655 0
404 0 FT931-262 0
404 0 FT931-2705 0
404 0 FT931-2821 0
404 0 FT931-2964 0
404 0 FT931-3138 0
404 0 FT931-3142 0
404 0 FT931-4691 0
404 0 FT931-4745 0
404 0 FT931-5333 0
404 0 FT931-6419 0
404 0 FT931-654 0
404 0 FT931-7104 0
404 0 FT931-7577 0
404 0 FT931-7994 0
404 0 FT931-8047 0
404 0 FT931-8711 0
404 0 FT931-9507 0
404 0 FT931-970 0
404 0 FT932-10139 0
404 0 FT932-1045 0
404 0 FT932-1064 1
404 0 FT932-11046 0
404 0 FT932-11326 0
404 0 FT932-11333 0
404 0 FT932-11740 0
404 0 FT932-12795 0
404 0 FT932-13728 0
404 0 FT932-14064 0
404 0 FT932-14716 0
404 0 FT932-14967 0
404 0 FT932-15978 0
404 0 FT932-16134 0
404 0 FT932-16801 0
404 0 FT932-17099 0
404 0 FT932-17400 1
404 0 FT932-2181 0
404 0 FT932-4760 0
404 0 FT932-4971 0
404 0 FT932-728 0
404 0 FT932-7641 0
404 0 FT932-8701 0
404 0 FT933-10510 0
404 0 FT933-10788 0
404 0 FT933-10915 0
404 0 FT933-10917 0
404 0 FT933-13108 0
404 0 FT933-14961 0
404 0 FT933-15138 0
404 0 FT933-15584 0
404 0 FT933-15682 1
404 0 FT933-15855 1
404 0 FT933-15889 0
404 0 FT933-16038 1
404 0 FT933-2726 0
404 0 FT933-3478 0
404 0 FT933-3866 0
404 0 FT933-4143 0
404 0 FT933-4350 0
404 0 FT933-4354 0
404 0 FT933-4356 0
404 0 FT933-4577 0
404 0 FT933-561 0
404 0 FT933-7008 0
404 0 FT933-738 1
404 0 FT933-8102 0
404 0 FT933-9098 0
404 0 FT933-9531 0
404 0 FT933-9801 0
404 0 FT934-10086 0
404 0 FT934-10250 0
404 0 FT934-10306 0
404 0 FT934-1050 0
404 0 FT934-10718 0
404 0 FT934-10974 0
404 0 FT934-10984 0
404 0 FT934-10986 0
404 0 FT934-11415 0
404 0 FT934-11422 1
404 0 FT934-11424 1
404 0 FT934-11425 1
404 0 FT934-11477 0
404 0 FT934-11482 0
404 0 FT934-12139 0
404 0 FT934-12408 1
404 0 FT934-12592 1
404 0 FT934-12656 1
404 0 FT934-12716 1
404 0 FT934-12876 0
404 0 FT934-13648 0
404 0 FT934-13848 1
404 0 FT934-13849 0
404 0 FT934-13904 0
404 0 FT934-14301 0
404 0 FT934-14516 0
404 0 FT934-15225 0
404 0 FT934-1523 0
404 0 FT934-15242 0
404 0 FT934-1528 0
404 0 FT934-1566 0
404 0 FT934-15922 0
404 0 FT934-16044 0
404 0 FT934-16137 0
404 0 FT934-16245 0
404 0 FT934-16951 0
404 0 FT934-1769 0
404 0 FT934-1777 0
404 0 FT934-1941 0
404 0 FT934-1978 0
404 0 FT934-1981 0
404 0 FT934-1984 0
404 0 FT934-1990 0
404 0 FT934-2143 0
404 0 FT934-2173 0
404 0 FT934-2215 0
404 0 FT934-2312 0
404 0 FT934-2318 0
404 0 FT934-2435 0
404 0 FT934-2492 1
404 0 FT934-2666 1
404 0 FT934-2697 0
404 0 FT934-2917 0
404 0 FT934-299 0
404 0 FT934-3137 0
404 0 FT934-3385 0
404 0 FT934-3388 0
404 0 FT934-3390 0
404 0 FT934-3671 0
404 0 FT934-3912 0
404 0 FT934-4051 0
404 0 FT934-4528 0
404 0 FT934-4533 0
404 0 FT934-4891 0
404 0 FT934-5058 0
404 0 FT934-5413 0
404 0 FT934-5485 1
404 0 FT934-5487 0
404 0 FT934-5489 1
404 0 FT934-5553 0
404 0 FT934-5602 0
404 0 FT934-5603 0
404 0 FT934-5716 0
404 0 FT934-5717 0
404 0 FT934-5719 0
404 0 FT934-580 0
404 0 FT934-5810 0
404 0 FT934-5823 0
404 0 FT934-5857 0
404 0 FT934-5913 0
404 0 FT934-5924 0
404 0 FT934-6140 0
404 0 FT934-6366 0
404 0 FT934-6445 0
404 0 FT934-6570 0
404 0 FT934-6875 0
404 0 FT934-6890 0
404 0 FT934-7299 0
404 0 FT934-7553 0
404 0 FT934-7642 0
404 0 FT934-79 1
404 0 FT934-7914 0
404 0 FT934-792 0
404 0 FT934-7948 0
404 0 FT934-7962 1
404 0 FT934-8450 0
404 0 FT934-94 1
404 0 FT934-974 0
404 0 FT941-10511 0
404 0 FT941-10557 0
404 0 FT941-10822 0
404 0 FT941-11036 0
404 0 FT941-11462 0
404 0 FT941-11709 0
404 0 FT941-11716 0
404 0 FT941-11771 0
404 0 FT941-11835 0
404 0 FT941-12007 0
404 0 FT941-12140 0
404 0 FT941-12196 0
404 0 FT941-12200 0
404 0 FT941-12224 0
404 0 FT941-12229 0
404 0 FT941-12418 0
404 0 FT941-12823 1
404 0 FT941-13144 0
404 0 FT941-13250 0
404 0 FT941-1326 0
404 0 FT941-13643 0
404 0 FT941-14010 0
404 0 FT941-14768 0
404 0 FT941-15004 0
404 0 FT941-15076 0
404 0 FT941-15372 0
404 0 FT941-15395 0
404 0 FT941-15583 0
404 0 FT941-15586 0
404 0 FT941-15659 0
404 0 FT941-15779 0
404 0 FT941-16080 0
404 0 FT941-16421 1
404 0 FT941-16544 0
404 0 FT941-17138 0
404 0 FT941-17195 0
404 0 FT941-17280 0
404 0 FT941-17415 1
404 0 FT941-2306 0
404 0 FT941-234 0
404 0 FT941-2656 0
404 0 FT941-2688 1
404 0 FT941-2967 0
404 0 FT941-2968 0
404 0 FT941-2971 0
404 0 FT941-3582 0
404 0 FT941-380 0
404 0 FT941-3986 0
404 0 FT941-4089 0
404 0 FT941-4429 1
404 0 FT941-4712 1
404 0 FT941-4721 1
404 0 FT941-4993 0
404 0 FT941-5312 0
404 0 FT941-5532 0
404 0 FT941-5617 0
404 0 FT941-5838 1
404 0 FT941-6163 0
404 0 FT941-6475 0
404 0 FT941-6497 0
404 0 FT941-6695 0
404 0 FT941-6757 0
404 0 FT941-6843 0
404 0 FT941-6878 0
404 0 FT941-6879 0
404 0 FT941-7081 0
404 0 FT941-7085 0
404 0 FT941-8086 0
404 0 FT941-8303 0
404 0 FT941-8690 0
404 0 FT941-8743 0
404 0 FT941-8947 0
404 0 FT941-8989 0
404 0 FT941-945 0
404 0 FT941-9477 0
404 0 FT941-952 0
404 0 FT941-9546 0
404 0 FT942-1093 0
404 0 FT942-11330 0
404 0 FT942-1193 0
404 0 FT942-12318 0
404 0 FT942-12785 0
404 0 FT942-13181 0
404 0 FT942-13390 0
404 0 FT942-13507 0
404 0 FT942-13617 1
404 0 FT942-14006 0
404 0 FT942-14554 0
404 0 FT942-14847 0
404 0 FT942-15089 0
404 0 FT942-15612 0
404 0 FT942-15619 0
404 0 FT942-15689 0
404 0 FT942-15935 0
404 0 FT942-16581 0
404 0 FT942-16583 0
404 0 FT942-16805 0
404 0 FT942-17280 0
404 0 FT942-17405 0
404 0 FT942-17435 1
404 0 FT942-17637 0
404 0 FT942-189 0
404 0 FT942-2168 0
404 0 FT942-4581 0
404 0 FT942-4658 0
404 0 FT942-4851 0
404 0 FT942-4859 0
404 0 FT942-515 0
404 0 FT942-5312 0
404 0 FT942-5686 0
404 0 FT942-5949 0
404 0 FT942-5976 0
404 0 FT942-6770 0
404 0 FT942-7044 0
404 0 FT942-7307 0
404 0 FT942-7403 0
404 0 FT942-7411 0
404 0 FT942-7417 0
404 0 FT942-7550 0
404 0 FT942-7593 0
404 0 FT942-8272 0
404 0 FT942-8442 0
404 0 FT942-8507 0
404 0 FT942-8570 0
404 0 FT942-8755 0
404 0 FT942-8763 0
404 0 FT942-9480 0
404 0 FT942-9514 1
404 0 FT942-9666 0
404 0 FT943-10053 0
404 0 FT943-10064 0
404 0 FT943-10237 1
404 0 FT943-1117 0
404 0 FT943-12547 0
404 0 FT943-12724 0
404 0 FT943-12942 0
404 0 FT943-13627 0
404 0 FT943-13856 0
404 0 FT943-14307 0
404 0 FT943-14637 0
404 0 FT943-15898 0
404 0 FT943-16762 0
404 0 FT943-1703 0
404 0 FT943-2327 0
404 0 FT943-261 0
404 0 FT943-2780 0
404 0 FT943-2944 0
404 0 FT943-3000 0
404 0 FT943-3201 0
404 0 FT943-3205 0
404 0 FT943-3709 0
404 0 FT943-3826 0
404 0 FT943-3937 0
404 0 FT943-4039 1
404 0 FT943-4137 0
404 0 FT943-4141 0
404 0 FT943-4361 0
404 0 FT943-4888 0
404 0 FT943-5119 1
404 0 FT943-5161 0
404 0 FT943-5170 0
404 0 FT943-5354 0
404 0 FT943-5467 0
404 0 FT943-5531 1
404 0 FT943-5532 0
404 0 FT943-5533 0
404 0 FT943-5563 0
404 0 FT943-5687 0
404 0 FT943-5750 0
404 0 FT943-6013 0
404 0 FT943-6017 0
404 0 FT943-6021 0
404 0 FT943-6022 0
404 0 FT943-6023 0
404 0 FT943-6194 0
404 0 FT943-6368 0
404 0 FT943-6721 0
404 0 FT943-6911 0
404 0 FT943-7120 0
404 0 FT943-718 0
404 0 FT943-7721 0
404 0 FT943-7765 0
404 0 FT943-8467 0
404 0 FT943-9495 0
404 0 FT943-9517 0
404 0 FT943-977 0
404 0 FT943-9912 0
404 0 FT944-10010 0
404 0 FT944-10079 1
404 0 FT944-10126 1
404 0 FT944-10376 1
404 0 FT944-10765 0
404 0 FT944-12624 0
404 0 FT944-13056 0
404 0 FT944-13064 0
404 0 FT944-13283 0
404 0 FT944-13855 1
404 0 FT944-13883 0
404 0 FT944-14204 0
404 0 FT944-14380 0
404 0 FT944-14548 0
404 0 FT944-14549 0
404 0 FT944-14551 0
404 0 FT944-14552 0
404 0 FT944-1465 0
404 0 FT944-14690 0
404 0 FT944-14811 0
404 0 FT944-15135 0
404 0 FT944-15347 0
404 0 FT944-15352 0
404 0 FT944-15689 0
404 0 FT944-15756 0
404 0 FT944-16026 0
404 0 FT944-16031 0
404 0 FT944-16260 0
404 0 FT944-16262 0
404 0 FT944-16264 0
404 0 FT944-16302 0
404 0 FT944-16478 0
404 0 FT944-16484 0
404 0 FT944-16522 0
404 0 FT944-16758 0
404 0 FT944-16986 0
404 0 FT944-16992 0
404 0 FT944-17067 0
404 0 FT944-17095 0
404 0 FT944-17325 0
404 0 FT944-17401 0
404 0 FT944-1757 0
404 0 FT944-17621 0
404 0 FT944-17624 0
404 0 FT944-1786 0
404 0 FT944-17895 0
404 0 FT944-18147 0
404 0 FT944-18354 0
404 0 FT944-18413 0
404 0 FT944-18759 0
404 0 FT944-1954 0
404 0 FT944-2461 0
404 0 FT944-2509 0
404 0 FT944-2521 0
404 0 FT944-2624 0
404 0 FT944-2668 0
404 0 FT944-3033 0
404 0 FT944-3432 0
404 0 FT944-3552 0
404 0 FT944-3635 0
404 0 FT944-4043 0
404 0 FT944-4190 0
404 0 FT944-4246 0
404 0 FT944-4253 0
404 0 FT944-4506 0
404 0 FT944-4791 0
404 0 FT944-4832 0
404 0 FT944-5112 0
404 0 FT944-5244 0
404 0 FT944-5307 0
404 0 FT944-5332 0
404 0 FT944-5438 0
404 0 FT944-5552 0
404 0 FT944-5725 0
404 0 FT944-5727 0
404 0 FT944-5775 0
404 0 FT944-6364 0
404 0 FT944-6754 0
404 0 FT944-6974 0
404 0 FT944-7077 0
404 0 FT944-8158 0
404 0 FT944-8281 0
404 0 FT944-8331 1
404 0 FT944-8754 0
404 0 FT944-9065 0
404 0 FT944-9071 0
404 0 FT944-9080 0
404 0 FT944-9396 0
404 0 FT944-9654 0
404 0 FT944-9743 0
404 0 LA010489-0016 0
404 0 LA012589-0098 0
404 0 LA021390-0077 0
404 0 LA031989-0072 0
404 0 LA040190-0034 0
404 0 LA041189-0038 0
404 0 LA041290-0062 0
404 0 LA041690-0033 0
404 0 LA041690-0084 0
404 0 LA041789-0020 0
404 0 LA041889-0018 0
404 0 LA042190-0021 0
404 0 LA042290-0026 0
404 0 LA042389-0054 0
404 0 LA042389-0122 0
404 0 LA042390-0046 0
404 0 LA042489-0001 0
404 0 LA042489-0009 0
404 0 LA042490-0206 0
404 0 LA042589-0094 0
404 0 LA042690-0050 0
404 0 LA042690-0133 0
404 0 LA042790-0067 0
404 0 LA042889-0096 0
404 0 LA050489-0019 0
404 0 LA051090-0085 0
404 0 LA051090-0264 0
404 0 LA051590-0070 0
404 0 LA051689-0039 1
404 0 LA051890-0106 0
404 0 LA051990-0162 0
404 0 LA052589-0046 0
404 0 LA061189-0046 0
404 0 LA070390-0077 0
404 0 LA072190-0030 0
404 0 LA072389-0031 0
404 0 LA072389-0173 0
404 0 LA072490-0158 1
404 0 LA072890-0074 0
404 0 LA073089-0059 0
404 0 LA073089-0141 0
404 0 LA073090-0004 0
404 0 LA073189-0087 0
404 0 LA073189-0088 0
404 0 LA080189-0143 0
404 0 LA080190-0003 0
404 0 LA080190-0132 0
404 0 LA080289-0041 0
404 0 LA080289-0127 0
404 0 LA080390-0190 0
404 0 LA080489-0061 0
404 0 LA080489-0062 0
404 0 LA080490-0102 0
404 0 LA081290-0124 0
404 0 LA081389-0107 0
404 0 LA082589-0052 0
404 0 LA092990-0092 0
404 0 LA100590-0180 0
404 0 LA100790-0068 0
404 0 LA100889-0055 0
404 0 LA100890-0127 0
404 0 LA100989-0037 0
404 0 LA100989-0103 0
404 0 LA100990-0060 0
404 0 LA101090-0003 0
404 0 LA101189-0083 0
404 0 LA101289-0040 0
404 0 LA101290-0015 0
404 0 LA101290-0025 0
404 0 LA101489-0085 0
404 0 LA101689-0098 0
404 0 LA101690-0045 0
404 0 LA101690-0170 0
404 0 LA101890-0068 0
404 0 LA101890-0254 0
404 0 LA101989-0008 0
404 0 LA101990-0193 0
404 0 LA102089-0062 0
404 0 LA102090-0078 0
404 0 LA102090-0103 0
404 0 LA110989-0125 0
404 0 LA112189-0075 0
404 0 LA120790-0182 0
404 0 LA122290-0103 0
404 0 LA122390-0211 0
404 0 LA122489-0092 0
404 0 LA122690-0029 0
404 0 LA122790-0111 0
404 0 LA122889-0117 0
404 0 LA122889-0123 0
404 0 LA122889-0198 0
404 0 LA122990-0098 0
404 0 LA123190-0039 0
404 0 LA123190-0062 0
