433 0 FBIS3-10629 0
433 0 FBIS3-10840 0
433 0 FBIS3-10948 0
433 0 FBIS3-10953 0
433 0 FBIS3-11124 0
433 0 FBIS3-11592 0
433 0 FBIS3-11972 0
433 0 FBIS3-12748 0
433 0 FBIS3-12807 0
433 0 FBIS3-12853 0
433 0 FBIS3-13348 0
433 0 FBIS3-13497 0
433 0 FBIS3-14011 0
433 0 FBIS3-14623 0
433 0 FBIS3-14832 0
433 0 FBIS3-16229 0
433 0 FBIS3-17041 0
433 0 FBIS3-18160 0
433 0 FBIS3-18170 0
433 0 FBIS3-18201 0
433 0 FBIS3-18290 0
433 0 FBIS3-18308 0
433 0 FBIS3-18463 0
433 0 FBIS3-18501 0
433 0 FBIS3-18550 0
433 0 FBIS3-18659 0
433 0 FBIS3-18660 0
433 0 FBIS3-18661 0
433 0 FBIS3-18752 0
433 0 FBIS3-18874 0
433 0 FBIS3-18875 0
433 0 FBIS3-19046 0
433 0 FBIS3-19068 0
433 0 FBIS3-19070 0
433 0 FBIS3-19081 0
433 0 FBIS3-19156 0
433 0 FBIS3-19199 0
433 0 FBIS3-19383 0
433 0 FBIS3-19434 0
433 0 FBIS3-19463 0
433 0 FBIS3-19499 0
433 0 FBIS3-19550 0
433 0 FBIS3-19564 0
433 0 FBIS3-19736 0
433 0 FBIS3-19935 0
433 0 FBIS3-19945 0
433 0 FBIS3-20011 0
433 0 FBIS3-20139 0
433 0 FBIS3-20140 0
433 0 FBIS3-20141 0
433 0 FBIS3-20142 0
433 0 FBIS3-20143 0
433 0 FBIS3-20167 0
433 0 FBIS3-20221 0
433 0 FBIS3-20222 0
433 0 FBIS3-20224 0
433 0 FBIS3-20226 0
433 0 FBIS3-20261 0
433 0 FBIS3-20363 0
433 0 FBIS3-20386 0
433 0 FBIS3-2062 0
433 0 FBIS3-20724 0
433 0 FBIS3-20738 0
433 0 FBIS3-208 0
433 0 FBIS3-21346 0
433 0 FBIS3-21357 0
433 0 FBIS3-21472 0
433 0 FBIS3-21556 0
433 0 FBIS3-21774 0
433 0 FBIS3-23187 0
433 0 FBIS3-23460 0
433 0 FBIS3-23476 0
433 0 FBIS3-24053 0
433 0 FBIS3-24413 0
433 0 FBIS3-24656 0
433 0 FBIS3-26203 0
433 0 FBIS3-26717 0
433 0 FBIS3-26891 0
433 0 FBIS3-26959 0
433 0 FBIS3-27071 0
433 0 FBIS3-2743 0
433 0 FBIS3-28050 0
433 0 FBIS3-28883 0
433 0 FBIS3-29211 0
433 0 FBIS3-29328 0
433 0 FBIS3-30041 0
433 0 FBIS3-30086 0
433 0 FBIS3-30536 0
433 0 FBIS3-30754 0
433 0 FBIS3-30914 0
433 0 FBIS3-31355 0
433 0 FBIS3-31375 0
433 0 FBIS3-31469 0
433 0 FBIS3-31612 0
433 0 FBIS3-31675 0
433 0 FBIS3-31726 0
433 0 FBIS3-31819 0
433 0 FBIS3-32026 0
433 0 FBIS3-32745 0
433 0 FBIS3-32771 0
433 0 FBIS3-33349 0
433 0 FBIS3-33436 0
433 0 FBIS3-34577 0
433 0 FBIS3-34625 0
433 0 FBIS3-36337 0
433 0 FBIS3-3667 0
433 0 FBIS3-37219 0
433 0 FBIS3-37615 0
433 0 FBIS3-38218 0
433 0 FBIS3-38314 0
433 0 FBIS3-38315 0
433 0 FBIS3-38428 0
433 0 FBIS3-38491 0
433 0 FBIS3-38659 0
433 0 FBIS3-38703 0
433 0 FBIS3-38792 0
433 0 FBIS3-38794 0
433 0 FBIS3-38915 0
433 0 FBIS3-38917 0
433 0 FBIS3-38920 0
433 0 FBIS3-38921 0
433 0 FBIS3-38922 0
433 0 FBIS3-38938 0
433 0 FBIS3-38943 0
433 0 FBIS3-38955 0
433 0 FBIS3-39041 0
433 0 FBIS3-39043 0
433 0 FBIS3-39168 0
433 0 FBIS3-39169 0
433 0 FBIS3-39214 0
433 0 FBIS3-39302 0
433 0 FBIS3-39303 0
433 0 FBIS3-39488 0
433 0 FBIS3-39525 0
433 0 FBIS3-39530 0
433 0 FBIS3-39531 0
433 0 FBIS3-39532 0
433 0 FBIS3-39641 0
433 0 FBIS3-39642 0
433 0 FBIS3-39645 0
433 0 FBIS3-39646 0
433 0 FBIS3-39648 0
433 0 FBIS3-39652 0
433 0 FBIS3-39677 0
433 0 FBIS3-39716 0
433 0 FBIS3-39764 0
433 0 FBIS3-39768 0
433 0 FBIS3-39769 0
433 0 FBIS3-39772 0
433 0 FBIS3-39774 0
433 0 FBIS3-39802 0
433 0 FBIS3-39844 0
433 0 FBIS3-39945 0
433 0 FBIS3-39997 0
433 0 FBIS3-4 0
433 0 FBIS3-40064 0
433 0 FBIS3-40194 0
433 0 FBIS3-40282 0
433 0 FBIS3-40283 0
433 0 FBIS3-40287 0
433 0 FBIS3-40289 0
433 0 FBIS3-40355 0
433 0 FBIS3-40630 0
433 0 FBIS3-40737 0
433 0 FBIS3-40840 0
433 0 FBIS3-40965 0
433 0 FBIS3-41643 0
433 0 FBIS3-41907 0
433 0 FBIS3-42399 0
433 0 FBIS3-42562 0
433 0 FBIS3-42563 0
433 0 FBIS3-42578 0
433 0 FBIS3-42766 0
433 0 FBIS3-42798 0
433 0 FBIS3-42806 0
433 0 FBIS3-42936 0
433 0 FBIS3-43120 0
433 0 FBIS3-43160 0
433 0 FBIS3-43174 0
433 0 FBIS3-43214 0
433 0 FBIS3-43303 0
433 0 FBIS3-44531 0
433 0 FBIS3-45379 0
433 0 FBIS3-45380 0
433 0 FBIS3-45567 0
433 0 FBIS3-45791 0
433 0 FBIS3-46045 0
433 0 FBIS3-46142 0
433 0 FBIS3-46475 0
433 0 FBIS3-46523 0
433 0 FBIS3-46908 0
433 0 FBIS3-48009 0
433 0 FBIS3-48459 0
433 0 FBIS3-48853 0
433 0 FBIS3-49035 0
433 0 FBIS3-49121 0
433 0 FBIS3-49163 0
433 0 FBIS3-49360 0
433 0 FBIS3-49389 0
433 0 FBIS3-49391 0
433 0 FBIS3-49638 0
433 0 FBIS3-49639 0
433 0 FBIS3-49670 0
433 0 FBIS3-50033 0
433 0 FBIS3-50034 0
433 0 FBIS3-50038 0
433 0 FBIS3-50947 0
433 0 FBIS3-52284 0
433 0 FBIS3-52800 0
433 0 FBIS3-54 0
433 0 FBIS3-54474 0
433 0 FBIS3-54870 0
433 0 FBIS3-55071 0
433 0 FBIS3-55721 0
433 0 FBIS3-56574 0
433 0 FBIS3-56911 0
433 0 FBIS3-5742 0
433 0 FBIS3-57810 0
433 0 FBIS3-57844 0
433 0 FBIS3-57855 0
433 0 FBIS3-57892 0
433 0 FBIS3-57893 0
433 0 FBIS3-57931 0
433 0 FBIS3-58000 0
433 0 FBIS3-58008 0
433 0 FBIS3-58038 0
433 0 FBIS3-58088 0
433 0 FBIS3-58122 0
433 0 FBIS3-58139 0
433 0 FBIS3-58191 0
433 0 FBIS3-58210 0
433 0 FBIS3-58265 0
433 0 FBIS3-58269 0
433 0 FBIS3-58300 0
433 0 FBIS3-58304 0
433 0 FBIS3-58312 0
433 0 FBIS3-58361 0
433 0 FBIS3-58366 0
433 0 FBIS3-58441 0
433 0 FBIS3-58442 0
433 0 FBIS3-58455 0
433 0 FBIS3-58479 0
433 0 FBIS3-58563 0
433 0 FBIS3-58565 0
433 0 FBIS3-58566 0
433 0 FBIS3-58569 0
433 0 FBIS3-58572 0
433 0 FBIS3-58581 0
433 0 FBIS3-58670 0
433 0 FBIS3-58680 0
433 0 FBIS3-58697 0
433 0 FBIS3-58699 0
433 0 FBIS3-58792 0
433 0 FBIS3-58796 0
433 0 FBIS3-58797 0
433 0 FBIS3-58798 0
433 0 FBIS3-58863 0
433 0 FBIS3-58874 0
433 0 FBIS3-59089 0
433 0 FBIS3-59135 0
433 0 FBIS3-59816 0
433 0 FBIS3-5983 0
433 0 FBIS3-59837 0
433 0 FBIS3-60 0
433 0 FBIS3-6128 0
433 0 FBIS3-61298 0
433 0 FBIS3-6216 0
433 0 FBIS3-6675 0
433 0 FBIS3-6689 0
433 0 FBIS3-6941 0
433 0 FBIS3-72 0
433 0 FBIS3-7214 0
433 0 FBIS3-74 0
433 0 FBIS3-7419 0
433 0 FBIS3-7567 0
433 0 FBIS3-7727 0
433 0 FBIS3-7817 0
433 0 FBIS3-7889 0
433 0 FBIS3-7982 0
433 0 FBIS3-8092 0
433 0 FBIS3-8187 0
433 0 FBIS3-8233 0
433 0 FBIS3-8242 0
433 0 FBIS3-8272 0
433 0 FBIS3-8305 0
433 0 FBIS3-8453 0
433 0 FBIS3-8487 0
433 0 FBIS3-8558 0
433 0 FBIS3-8667 0
433 0 FBIS3-8999 0
433 0 FBIS3-9147 0
433 0 FBIS3-9199 0
433 0 FBIS3-9361 0
433 0 FBIS3-9362 0
433 0 FBIS3-9458 0
433 0 FBIS3-9501 0
433 0 FBIS3-9536 0
433 0 FBIS3-9566 0
433 0 FBIS3-9583 0
433 0 FBIS3-9588 0
433 0 FBIS3-9659 0
433 0 FBIS3-9710 0
433 0 FBIS3-9793 0
433 0 FBIS3-9803 0
433 0 FBIS3-9807 0
433 0 FBIS4-12797 0
433 0 FBIS4-13220 0
433 0 FBIS4-13325 0
433 0 FBIS4-13337 0
433 0 FBIS4-16475 0
433 0 FBIS4-16617 0
433 0 FBIS4-18154 0
433 0 FBIS4-18169 0
433 0 FBIS4-18171 0
433 0 FBIS4-18197 0
433 0 FBIS4-18357 0
433 0 FBIS4-18427 0
433 0 FBIS4-18428 0
433 0 FBIS4-18430 0
433 0 FBIS4-18431 0
433 0 FBIS4-18433 0
433 0 FBIS4-18434 0
433 0 FBIS4-18494 0
433 0 FBIS4-18523 0
433 0 FBIS4-18575 0
433 0 FBIS4-18577 0
433 0 FBIS4-18579 0
433 0 FBIS4-18589 0
433 0 FBIS4-18627 0
433 0 FBIS4-18694 0
433 0 FBIS4-18695 0
433 0 FBIS4-18793 0
433 0 FBIS4-18866 0
433 0 FBIS4-19078 0
433 0 FBIS4-19081 0
433 0 FBIS4-19082 0
433 0 FBIS4-19083 0
433 0 FBIS4-19147 0
433 0 FBIS4-19156 0
433 0 FBIS4-19157 0
433 0 FBIS4-19159 0
433 0 FBIS4-19179 0
433 0 FBIS4-19180 0
433 0 FBIS4-19220 0
433 0 FBIS4-19273 0
433 0 FBIS4-19296 0
433 0 FBIS4-19367 0
433 0 FBIS4-19383 0
433 0 FBIS4-19468 0
433 0 FBIS4-19517 0
433 0 FBIS4-19595 0
433 0 FBIS4-19674 0
433 0 FBIS4-19675 0
433 0 FBIS4-19677 0
433 0 FBIS4-19678 0
433 0 FBIS4-19679 0
433 0 FBIS4-19680 0
433 0 FBIS4-19681 0
433 0 FBIS4-19682 0
433 0 FBIS4-19685 0
433 0 FBIS4-19690 0
433 0 FBIS4-19712 0
433 0 FBIS4-19761 0
433 0 FBIS4-19773 0
433 0 FBIS4-19783 0
433 0 FBIS4-19882 0
433 0 FBIS4-19883 0
433 0 FBIS4-19885 0
433 0 FBIS4-19886 0
433 0 FBIS4-19887 0
433 0 FBIS4-19888 0
433 0 FBIS4-19991 0
433 0 FBIS4-20078 0
433 0 FBIS4-20079 0
433 0 FBIS4-20193 0
433 0 FBIS4-20285 0
433 0 FBIS4-20286 0
433 0 FBIS4-20294 0
433 0 FBIS4-20612 0
433 0 FBIS4-20674 0
433 0 FBIS4-20708 0
433 0 FBIS4-20749 0
433 0 FBIS4-20759 0
433 0 FBIS4-20803 0
433 0 FBIS4-21702 0
433 0 FBIS4-21821 0
433 0 FBIS4-21823 0
433 0 FBIS4-21837 0
433 0 FBIS4-22464 0
433 0 FBIS4-22690 0
433 0 FBIS4-22874 0
433 0 FBIS4-2306 0
433 0 FBIS4-23089 0
433 0 FBIS4-24305 0
433 0 FBIS4-25261 0
433 0 FBIS4-25643 0
433 0 FBIS4-27706 0
433 0 FBIS4-28017 0
433 0 FBIS4-28254 0
433 0 FBIS4-2849 0
433 0 FBIS4-29 0
433 0 FBIS4-29324 0
433 0 FBIS4-29327 0
433 0 FBIS4-29419 0
433 0 FBIS4-30102 0
433 0 FBIS4-30709 0
433 0 FBIS4-30783 0
433 0 FBIS4-30835 0
433 0 FBIS4-30863 0
433 0 FBIS4-30932 0
433 0 FBIS4-30933 0
433 0 FBIS4-30935 0
433 0 FBIS4-30995 0
433 0 FBIS4-31015 0
433 0 FBIS4-31060 0
433 0 FBIS4-31259 0
433 0 FBIS4-31260 0
433 0 FBIS4-31292 0
433 0 FBIS4-31323 0
433 0 FBIS4-31382 0
433 0 FBIS4-31433 0
433 0 FBIS4-31699 0
433 0 FBIS4-31787 0
433 0 FBIS4-32014 0
433 0 FBIS4-32111 0
433 0 FBIS4-32114 0
433 0 FBIS4-32587 0
433 0 FBIS4-32744 0
433 0 FBIS4-32753 0
433 0 FBIS4-33485 0
433 0 FBIS4-33500 0
433 0 FBIS4-33944 0
433 0 FBIS4-34237 0
433 0 FBIS4-34956 0
433 0 FBIS4-34977 0
433 0 FBIS4-36214 0
433 0 FBIS4-38078 0
433 0 FBIS4-38689 0
433 0 FBIS4-38842 0
433 0 FBIS4-38843 0
433 0 FBIS4-39759 0
433 0 FBIS4-41692 0
433 0 FBIS4-42119 0
433 0 FBIS4-42120 0
433 0 FBIS4-42124 0
433 0 FBIS4-42256 0
433 0 FBIS4-42258 0
433 0 FBIS4-42259 0
433 0 FBIS4-42261 0
433 0 FBIS4-42263 0
433 0 FBIS4-42264 0
433 0 FBIS4-42265 0
433 0 FBIS4-42335 0
433 0 FBIS4-42344 0
433 0 FBIS4-42414 0
433 0 FBIS4-42449 0
433 0 FBIS4-42453 0
433 0 FBIS4-42571 0
433 0 FBIS4-42572 0
433 0 FBIS4-42574 0
433 0 FBIS4-42576 0
433 0 FBIS4-42578 0
433 0 FBIS4-42666 0
433 0 FBIS4-42687 0
433 0 FBIS4-42865 0
433 0 FBIS4-42932 0
433 0 FBIS4-42936 0
433 0 FBIS4-43022 0
433 0 FBIS4-43090 0
433 0 FBIS4-43091 0
433 0 FBIS4-43093 0
433 0 FBIS4-4314 0
433 0 FBIS4-43219 0
433 0 FBIS4-43267 0
433 0 FBIS4-43408 0
433 0 FBIS4-43418 0
433 0 FBIS4-43449 0
433 0 FBIS4-43474 0
433 0 FBIS4-43601 0
433 0 FBIS4-43606 0
433 0 FBIS4-43615 0
433 0 FBIS4-43714 0
433 0 FBIS4-43850 0
433 0 FBIS4-43856 0
433 0 FBIS4-43873 0
433 0 FBIS4-43952 0
433 0 FBIS4-44 0
433 0 FBIS4-44035 0
433 0 FBIS4-44074 0
433 0 FBIS4-44076 0
433 0 FBIS4-44123 0
433 0 FBIS4-44152 0
433 0 FBIS4-44234 0
433 0 FBIS4-44241 0
433 0 FBIS4-44263 0
433 0 FBIS4-44468 0
433 0 FBIS4-44905 0
433 0 FBIS4-45012 0
433 0 FBIS4-45060 0
433 0 FBIS4-45088 0
433 0 FBIS4-45590 0
433 0 FBIS4-46302 0
433 0 FBIS4-46469 0
433 0 FBIS4-46572 0
433 0 FBIS4-46783 0
433 0 FBIS4-47613 0
433 0 FBIS4-49082 0
433 0 FBIS4-50011 0
433 0 FBIS4-51280 0
433 0 FBIS4-52044 0
433 0 FBIS4-52159 0
433 0 FBIS4-53281 0
433 0 FBIS4-53338 0
433 0 FBIS4-53455 0
433 0 FBIS4-5349 0
433 0 FBIS4-53858 0
433 0 FBIS4-53862 0
433 0 FBIS4-54452 0
433 0 FBIS4-54455 0
433 0 FBIS4-54625 0
433 0 FBIS4-54627 0
433 0 FBIS4-54638 0
433 0 FBIS4-54701 0
433 0 FBIS4-54708 0
433 0 FBIS4-54852 0
433 0 FBIS4-54854 0
433 0 FBIS4-55137 0
433 0 FBIS4-55156 0
433 0 FBIS4-55213 0
433 0 FBIS4-55224 0
433 0 FBIS4-55357 0
433 0 FBIS4-55516 0
433 0 FBIS4-55551 0
433 0 FBIS4-55618 0
433 0 FBIS4-55792 0
433 0 FBIS4-55949 0
433 0 FBIS4-55998 0
433 0 FBIS4-56119 0
433 0 FBIS4-5671 0
433 0 FBIS4-58080 0
433 0 FBIS4-58121 0
433 0 FBIS4-5943 0
433 0 FBIS4-59601 0
433 0 FBIS4-59749 0
433 0 FBIS4-64295 0
433 0 FBIS4-64299 0
433 0 FBIS4-64366 0
433 0 FBIS4-64374 0
433 0 FBIS4-64375 0
433 0 FBIS4-64408 0
433 0 FBIS4-64518 0
433 0 FBIS4-64536 0
433 0 FBIS4-64610 0
433 0 FBIS4-64721 0
433 0 FBIS4-64805 0
433 0 FBIS4-64809 0
433 0 FBIS4-64810 0
433 0 FBIS4-64811 0
433 0 FBIS4-64812 0
433 0 FBIS4-64813 0
433 0 FBIS4-64830 0
433 0 FBIS4-64935 0
433 0 FBIS4-65016 0
433 0 FBIS4-65017 0
433 0 FBIS4-65131 0
433 0 FBIS4-65232 0
433 0 FBIS4-65319 0
433 0 FBIS4-6539 0
433 0 FBIS4-65474 0
433 0 FBIS4-65554 0
433 0 FBIS4-65605 0
433 0 FBIS4-6561 0
433 0 FBIS4-65636 0
433 0 FBIS4-65742 0
433 0 FBIS4-65747 0
433 0 FBIS4-65748 0
433 0 FBIS4-65749 0
433 0 FBIS4-65756 0
433 0 FBIS4-65780 0
433 0 FBIS4-65838 0
433 0 FBIS4-65967 0
433 0 FBIS4-65989 0
433 0 FBIS4-66031 0
433 0 FBIS4-66032 0
433 0 FBIS4-66077 0
433 0 FBIS4-66185 0
433 0 FBIS4-66249 0
433 0 FBIS4-66308 0
433 0 FBIS4-66500 0
433 0 FBIS4-66502 0
433 0 FBIS4-66505 0
433 0 FBIS4-66651 0
433 0 FBIS4-66652 0
433 0 FBIS4-66831 0
433 0 FBIS4-6790 0
433 0 FBIS4-68042 0
433 0 FBIS4-68090 0
433 0 FBIS4-68162 0
433 0 FBIS4-68271 0
433 0 FBIS4-68424 0
433 0 FBIS4-68618 0
433 0 FBIS4-68715 0
433 0 FBIS4-68772 0
433 0 FBIS4-68782 0
433 0 FBIS4-68880 0
433 0 FBIS4-68888 0
433 0 FBIS4-7386 0
433 0 FBIS4-771 0
433 0 FBIS4-7874 0
433 0 FBIS4-7876 0
433 0 FBIS4-7986 0
433 0 FBIS4-8013 0
433 0 FBIS4-8025 0
433 0 FBIS4-8144 0
433 0 FBIS4-8222 0
433 0 FBIS4-8233 0
433 0 FBIS4-8234 0
433 0 FBIS4-8237 0
433 0 FBIS4-8344 0
433 0 FBIS4-8345 0
433 0 FBIS4-8378 0
433 0 FBIS4-8420 0
433 0 FBIS4-8422 0
433 0 FBIS4-8432 0
433 0 FBIS4-8463 0
433 0 FBIS4-8465 0
433 0 FBIS4-8467 0
433 0 FBIS4-8549 0
433 0 FBIS4-8550 0
433 0 FBIS4-8551 0
433 0 FBIS4-8552 0
433 0 FBIS4-8652 0
433 0 FBIS4-8685 0
433 0 FBIS4-8686 0
433 0 FBIS4-8688 0
433 0 FBIS4-8707 0
433 0 FBIS4-8895 0
433 0 FBIS4-8933 0
433 0 FBIS4-8959 0
433 0 FBIS4-8961 0
433 0 FBIS4-9069 0
433 0 FBIS4-9073 0
433 0 FBIS4-9139 0
433 0 FBIS4-9236 0
433 0 FBIS4-9238 0
433 0 FBIS4-9286 0
433 0 FBIS4-9354 0
433 0 FBIS4-9442 0
433 0 FBIS4-9488 0
433 0 FBIS4-9524 0
433 0 FBIS4-979 0
433 0 FR940104-0-00034 0
433 0 FR940112-0-00119 0
433 0 FR940202-0-00045 0
433 0 FR940202-0-00047 0
433 0 FR940202-0-00062 0
433 0 FR940202-0-00080 0
433 0 FR940224-1-00020 0
433 0 FR940224-1-00022 0
433 0 FR940304-1-00130 0
433 0 FR940304-1-00143 0
433 0 FR940304-1-00165 0
433 0 FR940304-1-00168 0
433 0 FR940405-0-00012 0
433 0 FR940405-1-00046 0
433 0 FR940425-1-00021 0
433 0 FR940506-1-00072 0
433 0 FR940511-1-00025 0
433 0 FR940511-1-00028 0
433 0 FR940610-0-00104 0
433 0 FR940610-0-00106 0
433 0 FR940610-0-00108 0
433 0 FR940610-0-00124 0
433 0 FR940610-0-00133 0
433 0 FR940610-1-00039 0
433 0 FR940610-1-00041 0
433 0 FR940610-1-00045 0
433 0 FR940610-1-00046 0
433 0 FR940613-1-00046 0
433 0 FR940622-2-00022 0
433 0 FR940628-1-00046 0
433 0 FR940713-1-00016 0
433 0 FR940721-1-00036 0
433 0 FR940725-0-00040 0
433 0 FR940922-2-00009 0
433 0 FR940926-0-00030 0
433 0 FR941003-2-00078 0
433 0 FR941012-2-00146 0
433 0 FR941017-1-00039 0
433 0 FR941027-0-00002 0
433 0 FR941206-1-00134 0
433 0 FR941213-0-00070 0
433 0 FR941230-0-00119 0
433 0 FT911-1295 0
433 0 FT911-134 0
433 0 FT911-1401 0
433 0 FT911-1492 0
433 0 FT911-1844 0
433 0 FT911-194 0
433 0 FT911-2791 0
433 0 FT911-2799 0
433 0 FT911-3399 0
433 0 FT911-3402 0
433 0 FT911-3407 0
433 0 FT911-3408 0
433 0 FT911-4177 0
433 0 FT911-54 0
433 0 FT911-996 0
433 0 FT921-11279 0
433 0 FT921-11299 0
433 0 FT921-1142 0
433 0 FT921-12579 0
433 0 FT921-12729 0
433 0 FT921-13707 0
433 0 FT921-13868 0
433 0 FT921-13872 0
433 0 FT921-13890 0
433 0 FT921-14484 0
433 0 FT921-1457 0
433 0 FT921-14951 0
433 0 FT921-15187 0
433 0 FT921-16004 0
433 0 FT921-16117 0
433 0 FT921-16175 0
433 0 FT921-16280 0
433 0 FT921-1804 0
433 0 FT921-1882 0
433 0 FT921-1886 0
433 0 FT921-1892 0
433 0 FT921-2218 0
433 0 FT921-2468 0
433 0 FT921-3345 0
433 0 FT921-3399 0
433 0 FT921-3596 0
433 0 FT921-3619 0
433 0 FT921-3767 0
433 0 FT921-3816 0
433 0 FT921-4 0
433 0 FT921-4020 0
433 0 FT921-4346 0
433 0 FT921-4592 0
433 0 FT921-4714 0
433 0 FT921-501 0
433 0 FT921-5117 0
433 0 FT921-5990 0
433 0 FT921-5991 0
433 0 FT921-6003 0
433 0 FT921-6037 0
433 0 FT921-6122 0
433 0 FT921-6590 0
433 0 FT921-7108 0
433 0 FT921-7168 0
433 0 FT921-7239 0
433 0 FT921-7370 0
433 0 FT921-7520 0
433 0 FT921-7596 0
433 0 FT921-8566 0
433 0 FT921-8725 0
433 0 FT921-9580 0
433 0 FT922-10070 0
433 0 FT922-10099 0
433 0 FT922-10122 0
433 0 FT922-10883 0
433 0 FT922-11191 0
433 0 FT922-11381 0
433 0 FT922-12325 0
433 0 FT922-12327 0
433 0 FT922-12334 0
433 0 FT922-12702 0
433 0 FT922-12840 0
433 0 FT922-13149 0
433 0 FT922-13545 0
433 0 FT922-13553 0
433 0 FT922-13605 0
433 0 FT922-1419 0
433 0 FT922-14363 0
433 0 FT922-15287 0
433 0 FT922-1699 0
433 0 FT922-1848 0
433 0 FT922-2261 0
433 0 FT922-2910 0
433 0 FT922-2911 0
433 0 FT922-2914 0
433 0 FT922-2915 0
433 0 FT922-2980 0
433 0 FT922-2982 0
433 0 FT922-4988 0
433 0 FT922-5181 0
433 0 FT922-5459 0
433 0 FT922-5480 0
433 0 FT922-5491 0
433 0 FT922-5672 0
433 0 FT922-5829 0
433 0 FT922-6057 0
433 0 FT922-614 0
433 0 FT922-6422 0
433 0 FT922-6433 0
433 0 FT922-6894 0
433 0 FT922-6926 0
433 0 FT922-7482 0
433 0 FT922-7664 0
433 0 FT922-7713 0
433 0 FT922-8896 0
433 0 FT922-9045 0
433 0 FT923-10002 0
433 0 FT923-10994 0
433 0 FT923-11138 0
433 0 FT923-11246 0
433 0 FT923-12335 0
433 0 FT923-13139 0
433 0 FT923-13523 0
433 0 FT923-13633 0
433 0 FT923-13726 0
433 0 FT923-138 0
433 0 FT923-13896 0
433 0 FT923-14813 0
433 0 FT923-14814 0
433 0 FT923-15376 0
433 0 FT923-15506 0
433 0 FT923-1701 0
433 0 FT923-1720 0
433 0 FT923-1883 0
433 0 FT923-2117 0
433 0 FT923-297 0
433 0 FT923-3136 0
433 0 FT923-3190 0
433 0 FT923-3294 0
433 0 FT923-3325 0
433 0 FT923-3589 0
433 0 FT923-3684 0
433 0 FT923-3820 0
433 0 FT923-4492 0
433 0 FT923-4787 0
433 0 FT923-4874 0
433 0 FT923-549 0
433 0 FT923-5541 0
433 0 FT923-7530 0
433 0 FT923-7542 0
433 0 FT923-793 0
433 0 FT923-818 0
433 0 FT923-869 0
433 0 FT923-8852 0
433 0 FT923-8979 0
433 0 FT923-9245 1
433 0 FT923-9493 0
433 0 FT923-9585 0
433 0 FT924-10573 0
433 0 FT924-10678 0
433 0 FT924-11676 0
433 0 FT924-11931 0
433 0 FT924-12275 0
433 0 FT924-13415 0
433 0 FT924-13522 0
433 0 FT924-13616 0
433 0 FT924-13636 0
433 0 FT924-13964 0
433 0 FT924-14152 0
433 0 FT924-14218 0
433 0 FT924-14825 0
433 0 FT924-1821 0
433 0 FT924-2267 0
433 0 FT924-2935 0
433 0 FT924-3278 0
433 0 FT924-3889 0
433 0 FT924-4109 0
433 0 FT924-484 0
433 0 FT924-4976 0
433 0 FT924-6037 0
433 0 FT924-6531 0
433 0 FT924-8069 0
433 0 FT924-8158 0
433 0 FT924-8424 0
433 0 FT924-8429 0
433 0 FT924-9009 0
433 0 FT924-9181 0
433 0 FT924-9272 0
433 0 FT924-9273 0
433 0 FT924-9652 0
433 0 FT924-9653 0
433 0 FT924-9876 0
433 0 FT931-10135 0
433 0 FT931-10846 0
433 0 FT931-12072 0
433 0 FT931-12095 0
433 0 FT931-12911 0
433 0 FT931-1303 0
433 0 FT931-13198 0
433 0 FT931-13338 0
433 0 FT931-14855 0
433 0 FT931-16372 0
433 0 FT931-17016 0
433 0 FT931-1928 0
433 0 FT931-1934 0
433 0 FT931-2483 0
433 0 FT931-3052 0
433 0 FT931-325 0
433 0 FT931-3362 0
433 0 FT931-4378 0
433 0 FT931-4388 0
433 0 FT931-4693 0
433 0 FT931-5139 0
433 0 FT931-5432 0
433 0 FT931-6679 0
433 0 FT931-6715 0
433 0 FT931-6821 0
433 0 FT931-7662 0
433 0 FT931-9233 0
433 0 FT932-10188 0
433 0 FT932-10368 0
433 0 FT932-10541 0
433 0 FT932-10719 0
433 0 FT932-10819 0
433 0 FT932-12958 0
433 0 FT932-12959 0
433 0 FT932-13060 0
433 0 FT932-1325 0
433 0 FT932-13415 0
433 0 FT932-14243 0
433 0 FT932-14463 0
433 0 FT932-15115 0
433 0 FT932-16660 0
433 0 FT932-16711 0
433 0 FT932-16734 0
433 0 FT932-16744 0
433 0 FT932-16850 0
433 0 FT932-2499 0
433 0 FT932-2605 0
433 0 FT932-2776 0
433 0 FT932-3282 0
433 0 FT932-3502 0
433 0 FT932-3635 0
433 0 FT932-3732 0
433 0 FT932-3753 0
433 0 FT932-4226 0
433 0 FT932-5019 0
433 0 FT932-5172 0
433 0 FT932-527 0
433 0 FT932-5307 0
433 0 FT932-543 0
433 0 FT932-5526 0
433 0 FT932-5827 0
433 0 FT932-5839 0
433 0 FT932-5922 0
433 0 FT932-7524 0
433 0 FT932-8438 0
433 0 FT932-8961 0
433 0 FT932-9388 0
433 0 FT933-10486 0
433 0 FT933-11830 0
433 0 FT933-12254 0
433 0 FT933-12434 0
433 0 FT933-12837 0
433 0 FT933-13438 0
433 0 FT933-13631 0
433 0 FT933-13638 0
433 0 FT933-13652 0
433 0 FT933-14909 0
433 0 FT933-15009 0
433 0 FT933-15015 0
433 0 FT933-15124 0
433 0 FT933-15630 0
433 0 FT933-15632 0
433 0 FT933-15635 0
433 0 FT933-15636 0
433 0 FT933-15813 0
433 0 FT933-16325 0
433 0 FT933-16347 0
433 0 FT933-16351 0
433 0 FT933-16567 0
433 0 FT933-2141 0
433 0 FT933-2345 0
433 0 FT933-2346 0
433 0 FT933-2681 0
433 0 FT933-2817 0
433 0 FT933-3676 0
433 0 FT933-3941 0
433 0 FT933-4173 0
433 0 FT933-5115 0
433 0 FT933-5121 0
433 0 FT933-5627 0
433 0 FT933-5990 0
433 0 FT933-6224 0
433 0 FT933-6239 0
433 0 FT933-6473 0
433 0 FT933-6995 0
433 0 FT933-727 0
433 0 FT933-7335 0
433 0 FT933-7358 0
433 0 FT933-7612 0
433 0 FT933-7702 0
433 0 FT933-7909 0
433 0 FT933-8136 0
433 0 FT933-8355 0
433 0 FT933-8586 0
433 0 FT933-8700 0
433 0 FT933-8806 0
433 0 FT933-885 0
433 0 FT933-8934 0
433 0 FT933-9059 0
433 0 FT933-9129 0
433 0 FT933-9318 0
433 0 FT933-9378 0
433 0 FT933-9386 0
433 0 FT933-9529 0
433 0 FT933-9606 0
433 0 FT933-9607 0
433 0 FT933-999 0
433 0 FT934-10189 0
433 0 FT934-11490 0
433 0 FT934-11512 0
433 0 FT934-11710 0
433 0 FT934-12166 0
433 0 FT934-12176 0
433 0 FT934-12242 0
433 0 FT934-12437 0
433 0 FT934-12462 0
433 0 FT934-12753 0
433 0 FT934-12812 0
433 0 FT934-1288 0
433 0 FT934-12938 0
433 0 FT934-14065 0
433 0 FT934-1413 0
433 0 FT934-14342 0
433 0 FT934-1436 0
433 0 FT934-14373 0
433 0 FT934-14389 0
433 0 FT934-14791 0
433 0 FT934-14892 0
433 0 FT934-15069 0
433 0 FT934-15189 0
433 0 FT934-15401 0
433 0 FT934-15406 0
433 0 FT934-15413 0
433 0 FT934-15426 0
433 0 FT934-15445 0
433 0 FT934-15681 0
433 0 FT934-15771 0
433 0 FT934-15892 0
433 0 FT934-16133 0
433 0 FT934-16487 0
433 0 FT934-16576 0
433 0 FT934-16623 0
433 0 FT934-17034 0
433 0 FT934-17464 0
433 0 FT934-2200 0
433 0 FT934-2621 0
433 0 FT934-3597 0
433 0 FT934-3780 0
433 0 FT934-3902 0
433 0 FT934-3906 0
433 0 FT934-4140 0
433 0 FT934-5260 0
433 0 FT934-5760 0
433 0 FT934-5804 0
433 0 FT934-5855 0
433 0 FT934-7043 0
433 0 FT934-7104 0
433 0 FT934-8 0
433 0 FT934-8256 0
433 0 FT934-8553 0
433 0 FT934-906 0
433 0 FT934-9567 0
433 0 FT934-9636 0
433 0 FT934-9905 0
433 0 FT941-10214 0
433 0 FT941-1053 0
433 0 FT941-10808 0
433 0 FT941-10955 0
433 0 FT941-11004 0
433 0 FT941-11098 0
433 0 FT941-11386 0
433 0 FT941-12438 0
433 0 FT941-13685 0
433 0 FT941-13931 0
433 0 FT941-14489 0
433 0 FT941-14742 0
433 0 FT941-15793 0
433 0 FT941-16080 0
433 0 FT941-16877 0
433 0 FT941-17063 0
433 0 FT941-17082 0
433 0 FT941-17508 0
433 0 FT941-17630 0
433 0 FT941-2159 0
433 0 FT941-2342 0
433 0 FT941-2386 0
433 0 FT941-2540 0
433 0 FT941-2555 0
433 0 FT941-2589 0
433 0 FT941-2606 0
433 0 FT941-3462 0
433 0 FT941-418 0
433 0 FT941-5293 0
433 0 FT941-5551 0
433 0 FT941-5676 0
433 0 FT941-5684 0
433 0 FT941-5690 0
433 0 FT941-6929 0
433 0 FT941-7619 0
433 0 FT941-7932 0
433 0 FT941-832 0
433 0 FT941-8359 0
433 0 FT941-8361 0
433 0 FT941-8523 0
433 0 FT941-8676 0
433 0 FT941-8689 0
433 0 FT941-8790 0
433 0 FT941-8901 0
433 0 FT941-9166 0
433 0 FT941-9546 0
433 0 FT941-9715 0
433 0 FT942-1022 0
433 0 FT942-10571 0
433 0 FT942-1061 0
433 0 FT942-10682 0
433 0 FT942-10684 0
433 0 FT942-10692 0
433 0 FT942-10707 0
433 0 FT942-1081 0
433 0 FT942-1106 0
433 0 FT942-11535 0
433 0 FT942-11644 0
433 0 FT942-11894 0
433 0 FT942-12131 0
433 0 FT942-12973 0
433 0 FT942-13630 0
433 0 FT942-13735 0
433 0 FT942-1380 0
433 0 FT942-14080 0
433 0 FT942-14389 0
433 0 FT942-14562 0
433 0 FT942-14907 0
433 0 FT942-15196 0
433 0 FT942-15349 0
433 0 FT942-15646 0
433 0 FT942-15754 0
433 0 FT942-15755 0
433 0 FT942-15756 0
433 0 FT942-15985 0
433 0 FT942-16249 0
433 0 FT942-16433 0
433 0 FT942-17096 0
433 0 FT942-17398 0
433 0 FT942-17498 0
433 0 FT942-17503 0
433 0 FT942-17510 0
433 0 FT942-17662 0
433 0 FT942-1942 0
433 0 FT942-1944 0
433 0 FT942-1947 0
433 0 FT942-1978 0
433 0 FT942-1995 0
433 0 FT942-2432 0
433 0 FT942-2490 0
433 0 FT942-2496 0
433 0 FT942-253 0
433 0 FT942-2686 0
433 0 FT942-2688 0
433 0 FT942-2714 0
433 0 FT942-2934 0
433 0 FT942-2972 0
433 0 FT942-298 0
433 0 FT942-3174 0
433 0 FT942-3593 0
433 0 FT942-3681 0
433 0 FT942-4635 0
433 0 FT942-5138 0
433 0 FT942-6121 0
433 0 FT942-6142 1
433 0 FT942-6288 0
433 0 FT942-6713 0
433 0 FT942-7376 0
433 0 FT942-7428 0
433 0 FT942-7583 0
433 0 FT942-7648 0
433 0 FT942-7988 0
433 0 FT942-8119 0
433 0 FT942-8125 0
433 0 FT942-8280 0
433 0 FT942-8292 0
433 0 FT942-8299 0
433 0 FT942-8301 0
433 0 FT942-8302 0
433 0 FT942-8310 0
433 0 FT942-8314 0
433 0 FT942-8318 0
433 0 FT942-8321 0
433 0 FT942-8441 0
433 0 FT942-8696 0
433 0 FT942-8810 0
433 0 FT942-932 0
433 0 FT942-9353 0
433 0 FT942-9535 0
433 0 FT942-9692 0
433 0 FT943-10103 0
433 0 FT943-10127 0
433 0 FT943-10638 0
433 0 FT943-10665 0
433 0 FT943-11121 0
433 0 FT943-11292 0
433 0 FT943-11676 0
433 0 FT943-12595 0
433 0 FT943-12603 0
433 0 FT943-12894 0
433 0 FT943-1296 0
433 0 FT943-13928 0
433 0 FT943-13937 0
433 0 FT943-1410 0
433 0 FT943-14157 0
433 0 FT943-1448 0
433 0 FT943-14866 0
433 0 FT943-15832 0
433 0 FT943-15847 0
433 0 FT943-16631 0
433 0 FT943-1861 0
433 0 FT943-2698 0
433 0 FT943-3037 0
433 0 FT943-3419 0
433 0 FT943-3732 0
433 0 FT943-4011 0
433 0 FT943-4192 0
433 0 FT943-4656 0
433 0 FT943-4899 0
433 0 FT943-58 0
433 0 FT943-5853 0
433 0 FT943-6063 0
433 0 FT943-6387 0
433 0 FT943-6947 0
433 0 FT943-7094 0
433 0 FT943-7367 0
433 0 FT943-7556 0
433 0 FT943-7775 0
433 0 FT943-7794 0
433 0 FT943-8056 0
433 0 FT943-9408 0
433 0 FT943-9443 0
433 0 FT943-9828 0
433 0 FT943-9987 0
433 0 FT944-10891 0
433 0 FT944-1126 0
433 0 FT944-11333 0
433 0 FT944-11434 0
433 0 FT944-11589 0
433 0 FT944-11862 0
433 0 FT944-128 0
433 0 FT944-12908 0
433 0 FT944-1335 0
433 0 FT944-14202 0
433 0 FT944-14279 0
433 0 FT944-14405 0
433 0 FT944-14424 0
433 0 FT944-14578 0
433 0 FT944-15023 0
433 0 FT944-15041 0
433 0 FT944-15630 0
433 0 FT944-15805 0
433 0 FT944-16059 0
433 0 FT944-16936 0
433 0 FT944-17175 0
433 0 FT944-17836 0
433 0 FT944-18129 0
433 0 FT944-1831 0
433 0 FT944-1832 0
433 0 FT944-2037 0
433 0 FT944-2038 0
433 0 FT944-2112 0
433 0 FT944-2248 0
433 0 FT944-2250 0
433 0 FT944-2255 0
433 0 FT944-2256 0
433 0 FT944-2262 0
433 0 FT944-2263 0
433 0 FT944-2265 0
433 0 FT944-2267 0
433 0 FT944-2492 0
433 0 FT944-2689 0
433 0 FT944-2691 0
433 0 FT944-2696 0
433 0 FT944-2702 0
433 0 FT944-2703 0
433 0 FT944-2704 0
433 0 FT944-2706 0
433 0 FT944-2708 0
433 0 FT944-2988 0
433 0 FT944-31 0
433 0 FT944-3986 0
433 0 FT944-44 0
433 0 FT944-4996 0
433 0 FT944-505 0
433 0 FT944-5241 0
433 0 FT944-5307 0
433 0 FT944-5320 0
433 0 FT944-5333 0
433 0 FT944-6932 0
433 0 FT944-7804 0
433 0 FT944-9731 0
433 0 FT944-9741 0
433 0 LA010189-0174 0
433 0 LA010289-0039 0
433 0 LA010289-0057 0
433 0 LA010289-0086 0
433 0 LA010290-0082 0
433 0 LA010490-0175 0
433 0 LA010689-0154 0
433 0 LA010790-0123 0
433 0 LA010790-0126 0
433 0 LA010790-0149 0
433 0 LA010790-0210 0
433 0 LA010889-0151 0
433 0 LA010889-0173 0
433 0 LA011089-0052 0
433 0 LA011290-0035 0
433 0 LA011290-0167 0
433 0 LA011390-0031 0
433 0 LA011489-0139 0
433 0 LA011490-0146 0
433 0 LA011989-0047 0
433 0 LA012089-0033 0
433 0 LA012090-0088 0
433 0 LA012190-0012 0
433 0 LA012190-0050 0
433 0 LA012289-0010 0
433 0 LA012289-0108 0
433 0 LA012390-0073 0
433 0 LA012490-0058 0
433 0 LA012690-0052 0
433 0 LA012790-0114 0
433 0 LA012890-0020 0
433 0 LA012890-0118 0
433 0 LA013089-0046 0
433 0 LA013189-0027 0
433 0 LA013190-0038 0
433 0 LA020289-0124 0
433 0 LA020290-0050 0
433 0 LA020290-0153 0
433 0 LA020490-0046 0
433 0 LA020490-0110 0
433 0 LA020490-0117 0
433 0 LA020490-0185 0
433 0 LA020589-0188 0
433 0 LA020589-0189 0
433 0 LA020589-0193 0
433 0 LA020790-0067 0
433 0 LA020989-0003 0
433 0 LA020990-0109 0
433 0 LA021189-0043 0
433 0 LA021190-0200 0
433 0 LA021190-0212 0
433 0 LA021289-0025 0
433 0 LA021289-0149 0
433 0 LA021290-0072 0
433 0 LA021389-0003 0
433 0 LA021389-0110 0
433 0 LA021390-0112 0
433 0 LA021489-0119 0
433 0 LA021490-0021 0
433 0 LA021589-0057 0
433 0 LA021690-0033 0
433 0 LA021790-0040 0
433 0 LA021890-0021 0
433 0 LA021989-0054 0
433 0 LA021990-0003 0
433 0 LA021990-0089 0
433 0 LA022089-0038 0
433 0 LA022090-0132 0
433 0 LA022190-0048 0
433 0 LA022290-0025 0
433 0 LA022489-0009 0
433 0 LA022589-0111 0
433 0 LA022590-0188 0
433 0 LA022590-0189 0
433 0 LA022689-0099 0
433 0 LA022690-0078 0
433 0 LA022790-0104 0
433 0 LA022889-0054 0
433 0 LA030290-0048 0
433 0 LA030290-0131 0
433 0 LA030490-0195 0
433 0 LA030689-0029 0
433 0 LA030689-0062 0
433 0 LA030890-0005 0
433 0 LA030890-0130 0
433 0 LA030989-0095 0
433 0 LA030990-0140 0
433 0 LA031189-0006 0
433 0 LA031189-0086 0
433 0 LA031189-0104 0
433 0 LA031190-0008 0
433 0 LA031190-0140 0
433 0 LA031289-0055 0
433 0 LA031289-0212 0
433 0 LA031389-0102 0
433 0 LA031390-0146 0
433 0 LA031489-0001 0
433 0 LA031490-0163 0
433 0 LA031689-0015 0
433 0 LA031690-0078 0
433 0 LA031989-0195 0
433 0 LA031990-0090 0
433 0 LA031990-0140 0
433 0 LA032289-0085 0
433 0 LA032290-0189 0
433 0 LA032389-0001 0
433 0 LA032389-0003 0
433 0 LA032590-0025 0
433 0 LA032689-0001 0
433 0 LA032690-0084 0
433 0 LA032690-0124 0
433 0 LA032990-0129 0
433 0 LA032990-0225 0
433 0 LA033090-0134 0
433 0 LA033090-0190 0
433 0 LA033189-0071 0
433 0 LA033189-0092 0
433 0 LA040189-0137 0
433 0 LA040289-0170 0
433 0 LA040289-0173 0
433 0 LA040589-0046 0
433 0 LA040590-0236 0
433 0 LA040789-0156 0
433 0 LA040890-0125 0
433 0 LA040989-0086 0
433 0 LA040989-0197 0
433 0 LA041089-0085 0
433 0 LA041090-0069 0
433 0 LA041090-0125 0
433 0 LA041290-0072 0
433 0 LA041290-0181 0
433 0 LA041389-0155 0
433 0 LA041390-0047 0
433 0 LA041490-0128 0
433 0 LA041590-0001 0
433 0 LA041590-0022 0
433 0 LA041590-0116 0
433 0 LA041590-0126 0
433 0 LA042090-0107 0
433 0 LA042290-0199 0
433 0 LA042290-0227 0
433 0 LA042390-0130 0
433 0 LA042589-0111 0
433 0 LA042590-0153 0
433 0 LA042790-0037 0
433 0 LA042790-0065 0
433 0 LA042990-0190 0
433 0 LA043089-0160 0
433 0 LA043089-0194 0
433 0 LA043090-0104 0
433 0 LA050189-0040 0
433 0 LA050290-0019 0
433 0 LA050390-0119 0
433 0 LA050489-0029 0
433 0 LA050489-0173 0
433 0 LA050490-0165 0
433 0 LA050490-0188 0
433 0 LA050589-0156 0
433 0 LA050590-0035 0
433 0 LA050590-0049 0
433 0 LA050690-0206 0
433 0 LA050789-0147 0
433 0 LA050790-0085 0
433 0 LA050889-0062 0
433 0 LA050890-0138 0
433 0 LA051089-0004 0
433 0 LA051090-0010 0
433 0 LA051189-0154 0
433 0 LA051189-0156 0
433 0 LA051190-0173 0
433 0 LA051289-0101 0
433 0 LA051289-0138 0
433 0 LA051290-0060 0
433 0 LA051290-0134 0
433 0 LA051290-0164 0
433 0 LA051390-0012 0
433 0 LA051390-0036 0
433 0 LA051589-0032 0
433 0 LA051590-0112 0
433 0 LA051590-0142 0
433 0 LA051689-0134 0
433 0 LA051690-0036 0
433 0 LA051789-0063 0
433 0 LA051889-0017 0
433 0 LA051890-0031 0
433 0 LA051890-0032 0
433 0 LA052090-0001 0
433 0 LA052090-0002 0
433 0 LA052090-0239 0
433 0 LA052189-0064 0
433 0 LA052189-0217 0
433 0 LA052190-0143 0
433 0 LA052389-0074 0
433 0 LA052490-0206 0
433 0 LA052590-0098 0
433 0 LA052690-0097 0
433 0 LA052789-0083 0
433 0 LA052790-0230 0
433 0 LA052790-0232 0
433 0 LA052889-0025 0
433 0 LA052890-0070 0
433 0 LA053190-0021 0
433 0 LA053190-0127 0
433 0 LA053190-0255 0
433 0 LA060289-0084 0
433 0 LA060489-0006 0
433 0 LA060489-0086 0
433 0 LA060590-0018 0
433 0 LA060590-0153 0
433 0 LA060689-0017 0
433 0 LA060889-0041 0
433 0 LA060989-0136 0
433 0 LA061089-0048 0
433 0 LA061090-0045 0
433 0 LA061090-0093 0
433 0 LA061090-0117 0
433 0 LA061090-0241 0
433 0 LA061189-0039 0
433 0 LA061189-0165 0
433 0 LA061190-0128 0
433 0 LA061289-0078 0
433 0 LA061289-0092 0
433 0 LA061290-0107 0
433 0 LA061389-0092 0
433 0 LA061489-0093 0
433 0 LA061490-0009 0
433 0 LA061490-0207 0
433 0 LA061689-0098 0
433 0 LA061789-0079 0
433 0 LA061789-0114 0
433 0 LA061790-0014 0
433 0 LA061790-0053 0
433 0 LA061790-0122 0
433 0 LA061889-0206 0
433 0 LA061890-0029 0
433 0 LA061890-0060 0
433 0 LA061989-0066 0
433 0 LA062289-0197 0
433 0 LA062489-0112 0
433 0 LA062490-0001 0
433 0 LA062490-0202 0
433 0 LA062990-0036 0
433 0 LA063089-0148 0
433 0 LA063090-0111 0
433 0 LA070190-0053 0
433 0 LA070190-0126 0
433 0 LA070289-0005 0
433 0 LA070590-0195 0
433 0 LA070889-0106 0
433 0 LA070890-0120 0
433 0 LA070890-0223 0
433 0 LA070989-0009 0
433 0 LA070989-0114 0
433 0 LA071089-0020 0
433 0 LA071089-0028 0
433 0 LA071090-0020 0
433 0 LA071289-0021 0
433 0 LA071489-0113 0
433 0 LA071589-0111 0
433 0 LA071589-0112 0
433 0 LA071589-0119 0
433 0 LA071589-0132 0
433 0 LA071689-0216 0
433 0 LA071690-0018 0
433 0 LA071790-0171 0
433 0 LA072089-0030 0
433 0 LA072090-0081 0
433 0 LA072090-0087 0
433 0 LA072190-0001 0
433 0 LA072290-0194 0
433 0 LA072389-0172 0
433 0 LA072390-0031 0
433 0 LA072689-0091 0
433 0 LA072689-0112 0
433 0 LA072690-0193 0
433 0 LA072889-0149 0
433 0 LA072989-0014 0
433 0 LA073089-0114 0
433 0 LA073190-0046 0
433 0 LA073190-0122 0
433 0 LA073190-0166 0
433 0 LA080289-0067 0
433 0 LA080489-0108 0
433 0 LA080589-0029 0
433 0 LA080689-0179 0
433 0 LA080690-0105 0
433 0 LA080789-0081 0
433 0 LA080990-0067 0
433 0 LA081089-0148 0
433 0 LA081189-0024 0
433 0 LA081189-0039 0
433 0 LA081289-0008 0
433 0 LA081290-0207 0
433 0 LA081589-0021 0
433 0 LA081589-0104 0
433 0 LA081889-0030 0
433 0 LA082089-0108 0
433 0 LA082090-0059 0
433 0 LA082589-0067 0
433 0 LA082690-0005 0
433 0 LA082690-0016 0
433 0 LA082690-0081 0
433 0 LA082690-0082 0
433 0 LA082690-0189 0
433 0 LA082789-0041 0
433 0 LA082890-0077 0
433 0 LA082989-0078 0
433 0 LA083090-0185 0
433 0 LA083189-0061 0
433 0 LA083190-0171 0
433 0 LA090189-0030 0
433 0 LA090289-0127 0
433 0 LA090290-0118 0
433 0 LA090290-0151 0
433 0 LA090290-0220 0
433 0 LA090389-0130 0
433 0 LA090390-0069 0
433 0 LA090490-0119 0
433 0 LA090590-0162 0
433 0 LA090690-0017 0
433 0 LA090790-0202 0
433 0 LA090989-0030 0
433 0 LA091089-0007 0
433 0 LA091089-0154 0
433 0 LA091090-0022 0
433 0 LA091290-0035 0
433 0 LA091389-0020 0
433 0 LA091390-0233 0
433 0 LA091490-0084 0
433 0 LA091689-0023 0
433 0 LA091690-0022 0
433 0 LA091690-0204 0
433 0 LA091989-0055 0
433 0 LA092189-0144 0
433 0 LA092289-0034 0
433 0 LA092289-0042 0
433 0 LA092289-0130 0
433 0 LA092390-0181 0
433 0 LA092390-0222 0
433 0 LA092390-0235 0
433 0 LA092589-0081 0
433 0 LA092890-0018 0
433 0 LA092989-0076 0
433 0 LA092989-0098 0
433 0 LA092989-0105 0
433 0 LA092990-0079 0
433 0 LA100189-0007 0
433 0 LA100190-0137 0
433 0 LA100290-0114 0
433 0 LA100290-0122 0
433 0 LA100489-0135 0
433 0 LA100490-0087 0
433 0 LA100590-0185 0
433 0 LA100790-0122 0
433 0 LA100889-0029 0
433 0 LA100889-0168 0
433 0 LA100890-0033 0
433 0 LA100990-0033 0
433 0 LA101089-0075 0
433 0 LA101189-0034 1
433 0 LA101190-0041 0
433 0 LA101289-0087 0
433 0 LA101489-0065 0
433 0 LA101489-0078 0
433 0 LA101490-0097 0
433 0 LA101490-0098 0
433 0 LA101490-0194 0
433 0 LA101589-0195 0
433 0 LA101589-0200 0
433 0 LA101590-0066 0
433 0 LA101690-0023 0
433 0 LA101690-0089 0
433 0 LA101690-0155 0
433 0 LA101889-0034 0
433 0 LA101889-0067 0
433 0 LA101890-0093 0
433 0 LA101989-0183 0
433 0 LA101990-0180 0
433 0 LA102089-0096 0
433 0 LA102089-0174 0
433 0 LA102089-0176 0
433 0 LA102090-0042 0
433 0 LA102090-0087 0
433 0 LA102090-0105 0
433 0 LA102189-0042 0
433 0 LA102190-0038 0
433 0 LA102190-0060 0
433 0 LA102289-0172 0
433 0 LA102290-0080 0
433 0 LA102290-0133 0
433 0 LA102389-0100 0
433 0 LA102589-0042 0
433 0 LA102589-0076 0
433 0 LA102689-0112 0
433 0 LA102789-0074 0
433 0 LA102889-0001 0
433 0 LA102889-0054 0
433 0 LA102889-0058 0
433 0 LA102890-0077 0
433 0 LA102890-0194 0
433 0 LA102989-0004 0
433 0 LA102989-0192 0
433 0 LA103089-0062 0
433 0 LA103090-0166 0
433 0 LA110289-0031 0
433 0 LA110289-0176 0
433 0 LA110390-0108 0
433 0 LA110490-0043 0
433 0 LA110589-0057 0
433 0 LA110589-0124 0
433 0 LA110689-0096 0
433 0 LA110789-0019 0
433 0 LA110789-0031 0
433 0 LA110790-0125 0
433 0 LA110890-0266 0
433 0 LA110989-0145 0
433 0 LA110990-0194 0
433 0 LA111089-0105 0
433 0 LA111189-0049 0
433 0 LA111189-0094 0
433 0 LA111190-0041 0
433 0 LA111190-0226 0
433 0 LA111289-0014 0
433 0 LA111290-0003 0
433 0 LA111390-0120 0
433 0 LA111489-0165 0
433 0 LA111590-0202 0
433 0 LA111689-0092 0
433 0 LA111789-0083 0
433 0 LA111789-0095 0
433 0 LA111790-0049 0
433 0 LA111790-0061 0
433 0 LA111790-0126 0
433 0 LA111889-0038 0
433 0 LA111889-0089 0
433 0 LA111989-0213 0
433 0 LA112089-0021 0
433 0 LA112089-0135 0
433 0 LA112290-0072 0
433 0 LA112290-0160 0
433 0 LA112389-0054 0
433 0 LA112390-0039 0
433 0 LA112490-0069 0
433 0 LA112590-0064 0
433 0 LA112690-0047 0
433 0 LA112690-0109 0
433 0 LA112789-0076 0
433 0 LA112890-0143 0
433 0 LA112989-0070 0
433 0 LA112990-0123 0
433 0 LA120290-0021 0
433 0 LA120290-0138 0
433 0 LA120290-0253 0
433 0 LA120389-0115 0
433 0 LA120389-0228 0
433 0 LA120390-0113 0
433 0 LA120789-0179 0
433 0 LA120889-0126 0
433 0 LA120889-0128 0
433 0 LA120889-0181 0
433 0 LA121089-0107 0
433 0 LA121090-0019 0
433 0 LA121289-0031 0
433 0 LA121489-0005 0
433 0 LA121489-0104 0
433 0 LA121489-0110 0
433 0 LA121490-0102 0
433 0 LA121589-0102 0
433 0 LA121789-0174 0
433 0 LA121989-0030 0
433 0 LA122089-0021 0
433 0 LA122189-0006 0
433 0 LA122189-0165 0
433 0 LA122190-0021 0
433 0 LA122289-0068 0
433 0 LA122390-0048 0
433 0 LA122390-0123 0
433 0 LA122390-0210 0
433 0 LA122489-0062 0
433 0 LA122489-0081 0
433 0 LA122589-0058 0
433 0 LA122589-0065 0
433 0 LA122590-0043 0
433 0 LA122689-0098 0
433 0 LA122689-0124 0
433 0 LA122790-0112 0
433 0 LA122889-0052 0
433 0 LA122889-0068 0
433 0 LA122989-0016 0
433 0 LA122990-0042 0
433 0 LA122990-0091 0
433 0 LA123089-0018 0
433 0 LA123090-0049 0
433 0 LA123090-0176 0
433 0 LA123189-0001 0
433 0 LA123189-0004 0
433 0 LA123189-0053 0
433 0 LA123189-0105 0
433 0 LA123189-0109 0
433 0 LA123190-0019 0
433 0 LA123190-0060 0
433 0 LA123190-0073 0
433 0 LA123190-0119 0
