439 0 FBIS3-10009 0
439 0 FBIS3-10935 0
439 0 FBIS3-11000 0
439 0 FBIS3-11054 0
439 0 FBIS3-11260 0
439 0 FBIS3-11443 0
439 0 FBIS3-11477 0
439 0 FBIS3-11594 0
439 0 FBIS3-13221 0
439 0 FBIS3-14 0
439 0 FBIS3-1575 0
439 0 FBIS3-1585 0
439 0 FBIS3-1588 0
439 0 FBIS3-1645 0
439 0 FBIS3-1747 0
439 0 FBIS3-1753 0
439 0 FBIS3-1754 0
439 0 FBIS3-1755 0
439 0 FBIS3-1773 0
439 0 FBIS3-1847 0
439 0 FBIS3-1849 0
439 0 FBIS3-1876 0
439 0 FBIS3-1919 0
439 0 FBIS3-1954 0
439 0 FBIS3-1991 0
439 0 FBIS3-20423 0
439 0 FBIS3-20446 0
439 0 FBIS3-2047 0
439 0 FBIS3-20567 0
439 0 FBIS3-2070 0
439 0 FBIS3-2076 0
439 0 FBIS3-20796 0
439 0 FBIS3-20900 0
439 0 FBIS3-20904 0
439 0 FBIS3-20954 0
439 0 FBIS3-20964 0
439 0 FBIS3-20968 1
439 0 FBIS3-20974 1
439 0 FBIS3-20975 1
439 0 FBIS3-21026 0
439 0 FBIS3-21028 1
439 0 FBIS3-21081 1
439 0 FBIS3-21178 1
439 0 FBIS3-21186 0
439 0 FBIS3-21192 0
439 0 FBIS3-21210 1
439 0 FBIS3-21212 1
439 0 FBIS3-2122 0
439 0 FBIS3-21258 0
439 0 FBIS3-21348 0
439 0 FBIS3-21452 0
439 0 FBIS3-21514 0
439 0 FBIS3-2177 0
439 0 FBIS3-2193 0
439 0 FBIS3-22011 0
439 0 FBIS3-22246 1
439 0 FBIS3-2265 0
439 0 FBIS3-22653 1
439 0 FBIS3-22664 0
439 0 FBIS3-22711 0
439 0 FBIS3-23536 0
439 0 FBIS3-23561 0
439 0 FBIS3-23691 0
439 0 FBIS3-2386 0
439 0 FBIS3-24069 0
439 0 FBIS3-24125 0
439 0 FBIS3-24133 0
439 0 FBIS3-24220 0
439 0 FBIS3-2452 0
439 0 FBIS3-24520 1
439 0 FBIS3-24522 0
439 0 FBIS3-24548 0
439 0 FBIS3-24563 0
439 0 FBIS3-24611 0
439 0 FBIS3-24618 0
439 0 FBIS3-24619 0
439 0 FBIS3-24628 0
439 0 FBIS3-24678 0
439 0 FBIS3-2492 0
439 0 FBIS3-24977 0
439 0 FBIS3-25141 0
439 0 FBIS3-2516 0
439 0 FBIS3-25873 0
439 0 FBIS3-25902 0
439 0 FBIS3-25906 0
439 0 FBIS3-25910 0
439 0 FBIS3-26064 0
439 0 FBIS3-26090 0
439 0 FBIS3-26224 0
439 0 FBIS3-26239 0
439 0 FBIS3-26247 0
439 0 FBIS3-2629 0
439 0 FBIS3-26359 0
439 0 FBIS3-26511 0
439 0 FBIS3-26521 0
439 0 FBIS3-26807 0
439 0 FBIS3-27114 0
439 0 FBIS3-2713 0
439 0 FBIS3-27363 0
439 0 FBIS3-2737 0
439 0 FBIS3-2757 0
439 0 FBIS3-27604 1
439 0 FBIS3-27773 0
439 0 FBIS3-27933 0
439 0 FBIS3-2847 0
439 0 FBIS3-28626 0
439 0 FBIS3-29 0
439 0 FBIS3-29180 0
439 0 FBIS3-2939 0
439 0 FBIS3-2962 0
439 0 FBIS3-30043 1
439 0 FBIS3-30077 0
439 0 FBIS3-30147 0
439 0 FBIS3-30167 0
439 0 FBIS3-30168 0
439 0 FBIS3-3046 0
439 0 FBIS3-3143 0
439 0 FBIS3-3164 0
439 0 FBIS3-3235 0
439 0 FBIS3-3242 0
439 0 FBIS3-3248 0
439 0 FBIS3-32539 0
439 0 FBIS3-32840 0
439 0 FBIS3-33991 0
439 0 FBIS3-3491 0
439 0 FBIS3-35229 0
439 0 FBIS3-36344 0
439 0 FBIS3-36578 0
439 0 FBIS3-37168 0
439 0 FBIS3-37169 0
439 0 FBIS3-37864 0
439 0 FBIS3-3875 0
439 0 FBIS3-3910 0
439 0 FBIS3-3946 0
439 0 FBIS3-40077 0
439 0 FBIS3-40100 0
439 0 FBIS3-40166 0
439 0 FBIS3-40174 0
439 0 FBIS3-40194 0
439 0 FBIS3-40222 1
439 0 FBIS3-40339 0
439 0 FBIS3-40343 1
439 0 FBIS3-40352 0
439 0 FBIS3-40403 0
439 0 FBIS3-40425 0
439 0 FBIS3-40434 0
439 0 FBIS3-40437 0
439 0 FBIS3-40450 0
439 0 FBIS3-40466 0
439 0 FBIS3-40497 0
439 0 FBIS3-40681 0
439 0 FBIS3-4115 0
439 0 FBIS3-41659 0
439 0 FBIS3-41862 0
439 0 FBIS3-42391 0
439 0 FBIS3-42393 0
439 0 FBIS3-42399 0
439 0 FBIS3-42405 0
439 0 FBIS3-42459 0
439 0 FBIS3-42469 0
439 0 FBIS3-42470 0
439 0 FBIS3-4251 0
439 0 FBIS3-42628 0
439 0 FBIS3-42726 0
439 0 FBIS3-42940 0
439 0 FBIS3-42968 0
439 0 FBIS3-42972 0
439 0 FBIS3-42987 0
439 0 FBIS3-43006 0
439 0 FBIS3-43010 0
439 0 FBIS3-43025 0
439 0 FBIS3-43062 0
439 0 FBIS3-43086 0
439 0 FBIS3-43087 0
439 0 FBIS3-43132 0
439 0 FBIS3-4316 0
439 0 FBIS3-43166 0
439 0 FBIS3-43186 0
439 0 FBIS3-4322 0
439 0 FBIS3-43220 0
439 0 FBIS3-4329 1
439 0 FBIS3-43637 0
439 0 FBIS3-4367 0
439 0 FBIS3-44437 0
439 0 FBIS3-4447 0
439 0 FBIS3-44496 0
439 0 FBIS3-44703 0
439 0 FBIS3-44820 0
439 0 FBIS3-44990 0
439 0 FBIS3-45245 0
439 0 FBIS3-45247 1
439 0 FBIS3-45427 0
439 0 FBIS3-45477 0
439 0 FBIS3-45745 0
439 0 FBIS3-45772 0
439 0 FBIS3-45822 0
439 0 FBIS3-46191 0
439 0 FBIS3-46244 0
439 0 FBIS3-46245 0
439 0 FBIS3-47247 0
439 0 FBIS3-47358 1
439 0 FBIS3-47581 0
439 0 FBIS3-47610 0
439 0 FBIS3-47971 0
439 0 FBIS3-48466 0
439 0 FBIS3-4934 0
439 0 FBIS3-51397 0
439 0 FBIS3-5203 0
439 0 FBIS3-52880 0
439 0 FBIS3-5315 0
439 0 FBIS3-5317 0
439 0 FBIS3-53291 0
439 0 FBIS3-5369 0
439 0 FBIS3-5477 0
439 0 FBIS3-55200 0
439 0 FBIS3-55559 0
439 0 FBIS3-5562 0
439 0 FBIS3-55650 0
439 0 FBIS3-55655 0
439 0 FBIS3-5566 0
439 0 FBIS3-55661 0
439 0 FBIS3-5642 0
439 0 FBIS3-57975 0
439 0 FBIS3-59255 0
439 0 FBIS3-59264 0
439 0 FBIS3-59325 0
439 0 FBIS3-59567 1
439 0 FBIS3-5967 0
439 0 FBIS3-59747 0
439 0 FBIS3-59749 0
439 0 FBIS3-59849 0
439 0 FBIS3-59903 0
439 0 FBIS3-60340 0
439 0 FBIS3-60662 0
439 0 FBIS3-60907 0
439 0 FBIS3-61017 0
439 0 FBIS3-61091 0
439 0 FBIS3-61318 0
439 0 FBIS3-61335 0
439 0 FBIS3-61336 0
439 0 FBIS3-61403 0
439 0 FBIS3-61404 0
439 0 FBIS3-61406 0
439 0 FBIS3-61407 0
439 0 FBIS3-61517 0
439 0 FBIS3-61533 0
439 0 FBIS3-61536 0
439 0 FBIS3-61541 1
439 0 FBIS3-61542 0
439 0 FBIS3-61543 0
439 0 FBIS3-6272 0
439 0 FBIS3-6482 0
439 0 FBIS3-67 0
439 0 FBIS3-6846 1
439 0 FBIS3-7210 0
439 0 FBIS3-7466 0
439 0 FBIS3-7533 0
439 0 FBIS3-7559 0
439 0 FBIS3-7628 0
439 0 FBIS3-8249 0
439 0 FBIS3-865 0
439 0 FBIS3-8815 0
439 0 FBIS3-9019 0
439 0 FBIS3-9236 0
439 0 FBIS3-9311 0
439 0 FBIS3-9476 0
439 0 FBIS3-9700 1
439 0 FBIS4-11286 0
439 0 FBIS4-11373 0
439 0 FBIS4-11682 0
439 0 FBIS4-11845 0
439 0 FBIS4-14830 0
439 0 FBIS4-15002 0
439 0 FBIS4-15200 0
439 0 FBIS4-1562 0
439 0 FBIS4-16049 0
439 0 FBIS4-1627 0
439 0 FBIS4-1669 0
439 0 FBIS4-1672 0
439 0 FBIS4-1693 0
439 0 FBIS4-17283 0
439 0 FBIS4-17299 0
439 0 FBIS4-1753 0
439 0 FBIS4-1754 0
439 0 FBIS4-17940 0
439 0 FBIS4-18167 0
439 0 FBIS4-1844 0
439 0 FBIS4-1860 0
439 0 FBIS4-1861 0
439 0 FBIS4-1862 0
439 0 FBIS4-1863 0
439 0 FBIS4-1866 0
439 0 FBIS4-19876 0
439 0 FBIS4-2015 0
439 0 FBIS4-20312 0
439 0 FBIS4-20316 0
439 0 FBIS4-20318 0
439 0 FBIS4-20337 0
439 0 FBIS4-20396 0
439 0 FBIS4-2040 0
439 0 FBIS4-20414 0
439 0 FBIS4-2042 0
439 0 FBIS4-2047 0
439 0 FBIS4-20475 0
439 0 FBIS4-20481 0
439 0 FBIS4-20504 0
439 0 FBIS4-20509 0
439 0 FBIS4-20571 0
439 0 FBIS4-20625 0
439 0 FBIS4-20626 0
439 0 FBIS4-20673 0
439 0 FBIS4-20699 0
439 0 FBIS4-20701 0
439 0 FBIS4-2111 0
439 0 FBIS4-2115 0
439 0 FBIS4-2128 0
439 0 FBIS4-21510 0
439 0 FBIS4-21792 0
439 0 FBIS4-2204 0
439 0 FBIS4-22152 0
439 0 FBIS4-22536 0
439 0 FBIS4-2255 0
439 0 FBIS4-22587 0
439 0 FBIS4-22629 0
439 0 FBIS4-22779 0
439 0 FBIS4-22890 0
439 0 FBIS4-22927 0
439 0 FBIS4-22931 0
439 0 FBIS4-22933 0
439 0 FBIS4-22934 0
439 0 FBIS4-22964 0
439 0 FBIS4-22967 0
439 0 FBIS4-23084 0
439 0 FBIS4-23089 0
439 0 FBIS4-23131 0
439 0 FBIS4-2321 0
439 0 FBIS4-2322 0
439 0 FBIS4-2324 0
439 0 FBIS4-2358 0
439 0 FBIS4-23852 0
439 0 FBIS4-2439 0
439 0 FBIS4-24665 0
439 0 FBIS4-24961 0
439 0 FBIS4-25085 0
439 0 FBIS4-25134 0
439 0 FBIS4-25210 0
439 0 FBIS4-2524 0
439 0 FBIS4-25261 0
439 0 FBIS4-25307 0
439 0 FBIS4-25310 0
439 0 FBIS4-25311 0
439 0 FBIS4-25313 0
439 0 FBIS4-25525 0
439 0 FBIS4-25685 0
439 0 FBIS4-25732 0
439 0 FBIS4-25952 0
439 0 FBIS4-26052 0
439 0 FBIS4-26053 0
439 0 FBIS4-2614 0
439 0 FBIS4-26386 0
439 0 FBIS4-26598 0
439 0 FBIS4-26675 0
439 0 FBIS4-26680 0
439 0 FBIS4-26681 0
439 0 FBIS4-26683 0
439 0 FBIS4-26685 0
439 0 FBIS4-26738 0
439 0 FBIS4-26750 0
439 0 FBIS4-26873 0
439 0 FBIS4-26976 0
439 0 FBIS4-27085 0
439 0 FBIS4-27314 0
439 0 FBIS4-2734 0
439 0 FBIS4-27412 0
439 0 FBIS4-27771 0
439 0 FBIS4-2859 1
439 0 FBIS4-2874 0
439 0 FBIS4-29119 0
439 0 FBIS4-29123 0
439 0 FBIS4-2954 0
439 0 FBIS4-29642 0
439 0 FBIS4-30416 1
439 0 FBIS4-30972 0
439 0 FBIS4-31031 0
439 0 FBIS4-31293 0
439 0 FBIS4-31787 0
439 0 FBIS4-31932 0
439 0 FBIS4-3243 0
439 0 FBIS4-32937 0
439 0 FBIS4-3336 0
439 0 FBIS4-3402 0
439 0 FBIS4-34971 0
439 0 FBIS4-35124 0
439 0 FBIS4-35126 0
439 0 FBIS4-3519 0
439 0 FBIS4-35989 0
439 0 FBIS4-36961 0
439 0 FBIS4-38 1
439 0 FBIS4-38410 0
439 0 FBIS4-3941 0
439 0 FBIS4-4067 0
439 0 FBIS4-40674 0
439 0 FBIS4-41860 0
439 0 FBIS4-44411 1
439 0 FBIS4-44447 0
439 0 FBIS4-44602 0
439 0 FBIS4-44606 0
439 0 FBIS4-44662 0
439 0 FBIS4-44747 1
439 0 FBIS4-44750 1
439 0 FBIS4-44814 1
439 0 FBIS4-44821 0
439 0 FBIS4-44834 1
439 0 FBIS4-44912 0
439 0 FBIS4-44913 1
439 0 FBIS4-45134 1
439 0 FBIS4-45710 1
439 0 FBIS4-45777 0
439 0 FBIS4-45801 1
439 0 FBIS4-46216 0
439 0 FBIS4-46325 0
439 0 FBIS4-46463 0
439 0 FBIS4-46468 0
439 0 FBIS4-46472 0
439 0 FBIS4-46509 0
439 0 FBIS4-46571 0
439 0 FBIS4-46578 0
439 0 FBIS4-46641 0
439 0 FBIS4-46662 0
439 0 FBIS4-46672 0
439 0 FBIS4-46702 0
439 0 FBIS4-46895 0
439 0 FBIS4-47132 0
439 0 FBIS4-47246 0
439 0 FBIS4-47247 0
439 0 FBIS4-47249 0
439 0 FBIS4-47251 0
439 0 FBIS4-47252 0
439 0 FBIS4-47254 0
439 0 FBIS4-47256 0
439 0 FBIS4-47272 1
439 0 FBIS4-47324 0
439 0 FBIS4-47354 0
439 0 FBIS4-47359 0
439 0 FBIS4-47406 1
439 0 FBIS4-47485 0
439 0 FBIS4-47521 0
439 0 FBIS4-47570 0
439 0 FBIS4-47595 0
439 0 FBIS4-47597 0
439 0 FBIS4-47598 0
439 0 FBIS4-47613 0
439 0 FBIS4-47629 0
439 0 FBIS4-47644 0
439 0 FBIS4-48916 0
439 0 FBIS4-49021 0
439 0 FBIS4-49112 0
439 0 FBIS4-49245 0
439 0 FBIS4-49324 0
439 0 FBIS4-49457 0
439 0 FBIS4-49591 0
439 0 FBIS4-49729 0
439 0 FBIS4-49809 0
439 0 FBIS4-49862 0
439 0 FBIS4-50017 0
439 0 FBIS4-50037 0
439 0 FBIS4-50195 0
439 0 FBIS4-50280 0
439 0 FBIS4-50314 0
439 0 FBIS4-50325 0
439 0 FBIS4-50515 0
439 0 FBIS4-50706 0
439 0 FBIS4-50718 0
439 0 FBIS4-50817 0
439 0 FBIS4-51065 0
439 0 FBIS4-51348 0
439 0 FBIS4-5167 0
439 0 FBIS4-51883 1
439 0 FBIS4-5197 0
439 0 FBIS4-52218 1
439 0 FBIS4-52318 0
439 0 FBIS4-52568 0
439 0 FBIS4-52704 0
439 0 FBIS4-5293 0
439 0 FBIS4-53058 0
439 0 FBIS4-53257 0
439 0 FBIS4-53418 0
439 0 FBIS4-53648 0
439 0 FBIS4-54072 0
439 0 FBIS4-55313 0
439 0 FBIS4-5558 0
439 0 FBIS4-55790 0
439 0 FBIS4-56149 0
439 0 FBIS4-56645 0
439 0 FBIS4-57167 0
439 0 FBIS4-58612 0
439 0 FBIS4-5871 0
439 0 FBIS4-61217 0
439 0 FBIS4-61226 0
439 0 FBIS4-61414 0
439 0 FBIS4-62200 0
439 0 FBIS4-63416 0
439 0 FBIS4-65548 0
439 0 FBIS4-65614 0
439 0 FBIS4-66161 0
439 0 FBIS4-66162 0
439 0 FBIS4-66274 0
439 0 FBIS4-66381 0
439 0 FBIS4-66382 0
439 0 FBIS4-66414 0
439 0 FBIS4-66416 1
439 0 FBIS4-66628 0
439 0 FBIS4-66775 0
439 0 FBIS4-66844 0
439 0 FBIS4-66933 0
439 0 FBIS4-67518 0
439 0 FBIS4-67814 1
439 0 FBIS4-67877 0
439 0 FBIS4-68275 0
439 0 FBIS4-68332 0
439 0 FBIS4-68582 0
439 0 FBIS4-68594 0
439 0 FBIS4-68604 0
439 0 FBIS4-68647 0
439 0 FBIS4-68782 0
439 0 FBIS4-68893 0
439 0 FBIS4-939 0
439 0 FBIS4-9742 0
439 0 FR940104-0-00032 0
439 0 FR940104-0-00033 0
439 0 FR940104-1-00050 0
439 0 FR940104-2-00022 1
439 0 FR940104-2-00023 1
439 0 FR940105-2-00109 0
439 0 FR940106-0-00016 0
439 0 FR940106-0-00017 0
439 0 FR940106-0-00018 0
439 0 FR940106-0-00026 0
439 0 FR940111-0-00019 0
439 0 FR940111-2-00055 0
439 0 FR940111-2-00056 0
439 0 FR940111-2-00057 0
439 0 FR940112-1-00044 0
439 0 FR940114-2-00049 0
439 0 FR940114-2-00076 1
439 0 FR940118-1-00025 0
439 0 FR940119-2-00007 0
439 0 FR940119-2-00067 0
439 0 FR940124-2-00013 1
439 0 FR940124-2-00014 1
439 0 FR940126-2-00049 0
439 0 FR940127-2-00018 0
439 0 FR940127-2-00052 0
439 0 FR940127-2-00083 0
439 0 FR940127-2-00087 0
439 0 FR940127-2-00200 0
439 0 FR940128-1-00107 0
439 0 FR940128-2-00047 0
439 0 FR940128-2-00048 0
439 0 FR940202-0-00032 0
439 0 FR940202-2-00072 0
439 0 FR940203-1-00069 0
439 0 FR940204-2-00018 0
439 0 FR940204-2-00150 0
439 0 FR940207-2-00012 0
439 0 FR940208-0-00022 0
439 0 FR940208-0-00023 0
439 0 FR940208-0-00025 0
439 0 FR940208-0-00075 0
439 0 FR940208-2-00049 1
439 0 FR940214-0-00073 0
439 0 FR940216-2-00036 0
439 0 FR940217-2-00013 0
439 0 FR940217-2-00019 1
439 0 FR940222-2-00057 0
439 0 FR940222-2-00066 0
439 0 FR940223-1-00048 0
439 0 FR940223-1-00050 0
439 0 FR940223-2-00036 0
439 0 FR940223-2-00042 0
439 0 FR940228-2-00026 0
439 0 FR940228-2-00027 0
439 0 FR940228-2-00029 0
439 0 FR940302-2-00082 0
439 0 FR940303-0-00010 0
439 0 FR940303-2-00013 0
439 0 FR940303-2-00083 0
439 0 FR940303-2-00091 0
439 0 FR940303-2-00097 0
439 0 FR940303-2-00098 0
439 0 FR940304-2-00020 0
439 0 FR940304-2-00055 0
439 0 FR940314-2-00039 0
439 0 FR940317-1-00064 0
439 0 FR940317-1-00214 0
439 0 FR940318-0-00253 0
439 0 FR940318-2-00017 0
439 0 FR940318-2-00018 0
439 0 FR940318-2-00130 0
439 0 FR940323-0-00111 0
439 0 FR940323-0-00112 0
439 0 FR940323-2-00028 0
439 0 FR940323-2-00032 0
439 0 FR940324-1-00023 0
439 0 FR940324-2-00017 0
439 0 FR940324-2-00042 0
439 0 FR940325-1-00011 0
439 0 FR940325-1-00012 0
439 0 FR940325-1-00013 0
439 0 FR940325-1-00014 0
439 0 FR940328-2-00032 0
439 0 FR940328-2-00038 0
439 0 FR940328-2-00119 0
439 0 FR940404-0-00051 0
439 0 FR940405-2-00023 0
439 0 FR940406-0-00190 0
439 0 FR940406-2-00032 0
439 0 FR940406-2-00034 0
439 0 FR940406-2-00035 0
439 0 FR940407-0-00013 0
439 0 FR940407-0-00035 0
439 0 FR940407-2-00023 1
439 0 FR940412-2-00003 1
439 0 FR940412-2-00100 0
439 0 FR940412-2-00148 1
439 0 FR940413-2-00079 0
439 0 FR940413-2-00130 0
439 0 FR940414-2-00052 1
439 0 FR940418-2-00079 0
439 0 FR940419-2-00004 1
439 0 FR940419-2-00006 0
439 0 FR940419-2-00007 0
439 0 FR940419-2-00009 0
439 0 FR940419-2-00011 0
439 0 FR940419-2-00019 1
439 0 FR940419-2-00038 0
439 0 FR940419-2-00057 0
439 0 FR940425-1-00003 0
439 0 FR940425-2-00011 0
439 0 FR940429-2-00013 0
439 0 FR940429-2-00117 0
439 0 FR940503-1-00084 0
439 0 FR940505-2-00090 0
439 0 FR940506-1-00024 0
439 0 FR940506-2-00026 1
439 0 FR940511-2-00215 0
439 0 FR940511-2-00216 0
439 0 FR940512-0-00017 0
439 0 FR940512-1-00009 0
439 0 FR940512-1-00010 0
439 0 FR940512-2-00023 1
439 0 FR940513-2-00094 0
439 0 FR940516-2-00023 0
439 0 FR940516-2-00025 0
439 0 FR940516-2-00159 0
439 0 FR940525-0-00060 0
439 0 FR940525-2-00051 0
439 0 FR940525-2-00053 1
439 0 FR940526-0-00052 0
439 0 FR940526-2-00118 0
439 0 FR940527-0-00009 0
439 0 FR940527-1-00018 0
439 0 FR940527-1-00020 0
439 0 FR940527-1-00141 0
439 0 FR940527-1-00142 0
439 0 FR940527-1-00143 0
439 0 FR940527-1-00144 0
439 0 FR940527-1-00145 0
439 0 FR940527-1-00146 0
439 0 FR940527-1-00147 0
439 0 FR940527-1-00148 0
439 0 FR940527-1-00149 0
439 0 FR940527-1-00150 0
439 0 FR940527-1-00151 0
439 0 FR940527-1-00152 0
439 0 FR940527-1-00153 0
439 0 FR940527-1-00154 0
439 0 FR940527-1-00155 0
439 0 FR940527-1-00156 0
439 0 FR940527-1-00157 0
439 0 FR940527-1-00163 0
439 0 FR940527-1-00172 0
439 0 FR940527-1-00176 0
439 0 FR940527-2-00003 0
439 0 FR940527-2-00017 0
439 0 FR940527-2-00030 1
439 0 FR940527-2-00053 0
439 0 FR940527-2-00063 0
439 0 FR940602-1-00023 0
439 0 FR940602-2-00038 0
439 0 FR940602-2-00052 0
439 0 FR940602-2-00075 0
439 0 FR940603-0-00065 0
439 0 FR940603-1-00118 0
439 0 FR940603-2-00155 0
439 0 FR940606-0-00011 0
439 0 FR940606-0-00016 0
439 0 FR940606-0-00018 0
439 0 FR940610-0-00041 0
439 0 FR940610-2-00014 0
439 0 FR940610-2-00184 0
439 0 FR940613-2-00018 0
439 0 FR940613-2-00022 0
439 0 FR940616-2-00004 0
439 0 FR940617-0-00073 0
439 0 FR940617-0-00078 0
439 0 FR940617-2-00027 0
439 0 FR940617-2-00038 1
439 0 FR940620-0-00169 0
439 0 FR940620-2-00008 0
439 0 FR940620-2-00047 0
439 0 FR940621-0-00031 0
439 0 FR940621-2-00057 0
439 0 FR940621-2-00072 0
439 0 FR940622-1-00022 0
439 0 FR940622-2-00021 1
439 0 FR940622-2-00075 0
439 0 FR940627-0-00264 0
439 0 FR940627-2-00053 0
439 0 FR940627-2-00085 1
439 0 FR940628-1-00045 0
439 0 FR940628-1-00049 0
439 0 FR940628-1-00112 0
439 0 FR940630-1-00012 0
439 0 FR940630-2-00029 0
439 0 FR940630-2-00031 0
439 0 FR940630-2-00110 0
439 0 FR940706-0-00008 0
439 0 FR940706-0-00009 0
439 0 FR940706-0-00020 0
439 0 FR940706-0-00021 0
439 0 FR940706-0-00076 0
439 0 FR940706-2-00076 0
439 0 FR940706-2-00126 0
439 0 FR940707-1-00014 0
439 0 FR940711-2-00023 1
439 0 FR940711-2-00066 0
439 0 FR940711-2-00102 1
439 0 FR940711-2-00103 0
439 0 FR940711-2-00124 0
439 0 FR940712-1-00027 0
439 0 FR940712-2-00007 1
439 0 FR940713-0-00021 0
439 0 FR940713-2-00010 1
439 0 FR940719-1-00039 0
439 0 FR940719-2-00052 1
439 0 FR940720-2-00025 1
439 0 FR940721-2-00134 0
439 0 FR940722-2-00054 0
439 0 FR940725-0-00069 0
439 0 FR940725-2-00068 1
439 0 FR940725-2-00141 0
439 0 FR940727-0-00066 0
439 0 FR940727-0-00116 0
439 0 FR940727-2-00048 0
439 0 FR940728-2-00029 1
439 0 FR940802-1-00012 0
439 0 FR940802-2-00073 0
439 0 FR940803-0-00048 0
439 0 FR940803-2-00048 1
439 0 FR940803-2-00061 0
439 0 FR940803-2-00081 0
439 0 FR940804-1-00057 0
439 0 FR940805-2-00139 0
439 0 FR940805-2-00144 0
439 0 FR940810-1-00011 0
439 0 FR940810-2-00026 1
439 0 FR940810-2-00027 1
439 0 FR940811-2-00100 0
439 0 FR940811-2-00107 1
439 0 FR940812-0-00075 0
439 0 FR940816-2-00009 1
439 0 FR940816-2-00010 1
439 0 FR940816-2-00020 0
439 0 FR940816-2-00064 1
439 0 FR940816-2-00070 1
439 0 FR940816-2-00073 0
439 0 FR940816-2-00074 1
439 0 FR940817-0-00035 0
439 0 FR940817-0-00077 0
439 0 FR940817-2-00015 1
439 0 FR940817-2-00018 1
439 0 FR940817-2-00019 1
439 0 FR940817-2-00098 0
439 0 FR940817-2-00213 0
439 0 FR940819-2-00031 0
439 0 FR940819-2-00093 0
439 0 FR940825-0-00057 0
439 0 FR940825-0-00060 0
439 0 FR940825-0-00089 0
439 0 FR940825-0-00097 0
439 0 FR940826-0-00036 0
439 0 FR940830-2-00136 0
439 0 FR940831-0-00074 0
439 0 FR940831-1-00024 0
439 0 FR940831-2-00072 1
439 0 FR940831-2-00073 1
439 0 FR940831-2-00107 0
439 0 FR940831-2-00165 0
439 0 FR940902-1-00048 0
439 0 FR940902-2-00034 0
439 0 FR940912-2-00113 0
439 0 FR940913-0-00065 0
439 0 FR940913-2-00019 1
439 0 FR940916-1-00075 1
439 0 FR940916-2-00017 1
439 0 FR940916-2-00018 1
439 0 FR940919-2-00007 1
439 0 FR940920-1-00116 0
439 0 FR940921-2-00043 0
439 0 FR940922-1-00073 0
439 0 FR940922-2-00126 0
439 0 FR940922-2-00127 0
439 0 FR940926-2-00041 0
439 0 FR940927-0-00113 0
439 0 FR940928-0-00006 0
439 0 FR940928-2-00008 1
439 0 FR940928-2-00009 1
439 0 FR940928-2-00051 0
439 0 FR940930-1-00024 0
439 0 FR941003-0-00037 0
439 0 FR941003-0-00038 0
439 0 FR941003-0-00039 0
439 0 FR941003-0-00040 0
439 0 FR941003-0-00041 0
439 0 FR941003-0-00042 0
439 0 FR941003-0-00043 0
439 0 FR941003-0-00044 0
439 0 FR941003-0-00045 0
439 0 FR941003-0-00046 0
439 0 FR941003-0-00047 0
439 0 FR941003-0-00048 0
439 0 FR941003-0-00049 0
439 0 FR941003-0-00050 0
439 0 FR941003-0-00053 0
439 0 FR941003-0-00066 0
439 0 FR941003-0-00068 0
439 0 FR941003-0-00069 0
439 0 FR941003-0-00070 0
439 0 FR941003-0-00071 0
439 0 FR941003-0-00072 0
439 0 FR941003-0-00074 0
439 0 FR941003-0-00078 0
439 0 FR941003-0-00079 0
439 0 FR941003-0-00080 0
439 0 FR941003-0-00082 0
439 0 FR941003-0-00084 0
439 0 FR941003-0-00085 0
439 0 FR941003-1-00020 0
439 0 FR941003-1-00021 0
439 0 FR941003-1-00024 0
439 0 FR941003-1-00027 0
439 0 FR941003-1-00033 0
439 0 FR941003-1-00034 0
439 0 FR941003-1-00036 0
439 0 FR941003-1-00038 0
439 0 FR941003-1-00045 0
439 0 FR941003-1-00047 0
439 0 FR941003-1-00048 0
439 0 FR941003-1-00051 0
439 0 FR941003-1-00052 0
439 0 FR941003-1-00091 0
439 0 FR941003-2-00019 0
439 0 FR941005-2-00021 0
439 0 FR941006-0-00055 0
439 0 FR941006-0-00082 0
439 0 FR941011-2-00024 1
439 0 FR941012-2-00079 0
439 0 FR941012-2-00106 0
439 0 FR941013-2-00015 0
439 0 FR941017-2-00069 0
439 0 FR941019-0-00079 0
439 0 FR941019-2-00028 0
439 0 FR941019-2-00089 0
439 0 FR941019-2-00153 0
439 0 FR941021-0-00059 0
439 0 FR941021-0-00061 0
439 0 FR941021-0-00072 0
439 0 FR941021-0-00114 0
439 0 FR941021-2-00024 0
439 0 FR941021-2-00083 0
439 0 FR941026-2-00014 1
439 0 FR941026-2-00082 0
439 0 FR941027-0-00017 0
439 0 FR941027-1-00030 0
439 0 FR941027-2-00073 0
439 0 FR941027-2-00118 0
439 0 FR941028-2-00023 1
439 0 FR941028-2-00068 0
439 0 FR941028-2-00085 0
439 0 FR941031-2-00020 0
439 0 FR941102-2-00074 0
439 0 FR941104-2-00087 0
439 0 FR941107-2-00231 0
439 0 FR941110-1-00014 0
439 0 FR941110-1-00015 0
439 0 FR941110-1-00016 0
439 0 FR941110-2-00112 0
439 0 FR941116-0-00016 0
439 0 FR941116-2-00005 0
439 0 FR941117-2-00158 0
439 0 FR941121-2-00076 0
439 0 FR941122-0-00059 0
439 0 FR941122-2-00011 0
439 0 FR941122-2-00131 0
439 0 FR941122-2-00132 0
439 0 FR941128-1-00033 0
439 0 FR941128-2-00024 1
439 0 FR941128-2-00025 1
439 0 FR941128-2-00047 0
439 0 FR941128-2-00187 0
439 0 FR941202-0-00029 0
439 0 FR941202-0-00035 0
439 0 FR941205-2-00005 1
439 0 FR941205-2-00028 1
439 0 FR941205-2-00110 0
439 0 FR941206-2-00016 1
439 0 FR941207-0-00085 0
439 0 FR941207-0-00086 0
439 0 FR941207-2-00032 0
439 0 FR941207-2-00068 0
439 0 FR941212-1-00024 0
439 0 FR941212-1-00027 0
439 0 FR941212-1-00031 0
439 0 FR941212-1-00032 0
439 0 FR941212-1-00033 0
439 0 FR941212-1-00035 0
439 0 FR941212-1-00036 0
439 0 FR941212-1-00039 0
439 0 FR941212-1-00042 0
439 0 FR941212-1-00043 0
439 0 FR941212-1-00046 0
439 0 FR941212-1-00049 0
439 0 FR941213-2-00016 1
439 0 FR941213-2-00060 0
439 0 FR941213-2-00061 0
439 0 FR941216-0-00074 0
439 0 FR941219-2-00094 0
439 0 FR941219-2-00180 0
439 0 FR941220-0-00052 0
439 0 FR941220-2-00005 1
439 0 FR941221-2-00018 0
439 0 FR941221-2-00104 0
439 0 FR941222-2-00013 1
439 0 FR941222-2-00016 0
439 0 FR941222-2-00021 0
439 0 FR941222-2-00028 0
439 0 FR941222-2-00051 0
439 0 FR941222-2-00057 0
439 0 FR941222-2-00059 1
439 0 FR941227-2-00010 0
439 0 FR941227-2-00050 0
439 0 FR941227-2-00083 1
439 0 FR941227-2-00089 0
439 0 FR941227-2-00091 0
439 0 FR941227-2-00112 1
439 0 FR941230-0-00065 0
439 0 FR941230-0-00068 0
439 0 FR941230-0-00069 0
439 0 FR941230-0-00070 0
439 0 FR941230-0-00130 0
439 0 FR941230-0-00131 0
439 0 FR941230-0-00133 0
439 0 FR941230-2-00019 0
439 0 FT911-1943 0
439 0 FT911-2029 0
439 0 FT911-2117 0
439 0 FT911-2561 0
439 0 FT911-2608 0
439 0 FT911-2784 0
439 0 FT911-3687 0
439 0 FT911-375 0
439 0 FT911-3757 0
439 0 FT911-4481 1
439 0 FT911-489 0
439 0 FT911-5249 0
439 0 FT911-988 0
439 0 FT921-12579 0
439 0 FT921-13103 0
439 0 FT921-13410 0
439 0 FT921-1350 0
439 0 FT921-14676 0
439 0 FT921-14821 0
439 0 FT921-1555 0
439 0 FT921-15680 0
439 0 FT921-1617 0
439 0 FT921-1729 0
439 0 FT921-3039 0
439 0 FT921-310 0
439 0 FT921-335 0
439 0 FT921-4590 0
439 0 FT921-4599 0
439 0 FT921-4906 1
439 0 FT921-5002 1
439 0 FT921-5348 0
439 0 FT921-5976 0
439 0 FT921-6243 1
439 0 FT921-631 0
439 0 FT921-6848 0
439 0 FT921-6853 0
439 0 FT921-7374 0
439 0 FT921-7671 0
439 0 FT921-830 0
439 0 FT921-832 0
439 0 FT921-8544 0
439 0 FT921-8709 0
439 0 FT921-8790 0
439 0 FT921-9611 0
439 0 FT922-11273 0
439 0 FT922-11309 0
439 0 FT922-11472 0
439 0 FT922-11695 0
439 0 FT922-12334 0
439 0 FT922-12549 1
439 0 FT922-12843 0
439 0 FT922-12878 1
439 0 FT922-131 0
439 0 FT922-13714 0
439 0 FT922-15059 1
439 0 FT922-15216 0
439 0 FT922-15287 0
439 0 FT922-2420 0
439 0 FT922-3135 0
439 0 FT922-4175 1
439 0 FT922-4597 1
439 0 FT922-489 1
439 0 FT922-4944 0
439 0 FT922-5539 0
439 0 FT922-577 0
439 0 FT922-6311 0
439 0 FT922-6797 0
439 0 FT922-7175 0
439 0 FT922-7420 0
439 0 FT922-7694 0
439 0 FT922-7914 0
439 0 FT922-8066 0
439 0 FT922-8168 0
439 0 FT922-8206 0
439 0 FT922-8629 0
439 0 FT922-884 0
439 0 FT922-9312 1
439 0 FT923-10301 0
439 0 FT923-11693 1
439 0 FT923-13942 0
439 0 FT923-14439 0
439 0 FT923-1809 0
439 0 FT923-4278 1
439 0 FT923-445 0
439 0 FT923-4963 0
439 0 FT923-5183 0
439 0 FT923-5760 0
439 0 FT923-5794 0
439 0 FT923-6847 0
439 0 FT923-6972 0
439 0 FT923-7735 0
439 0 FT923-8035 0
439 0 FT923-9781 0
439 0 FT923-9980 0
439 0 FT924-12529 0
439 0 FT924-13186 1
439 0 FT924-13190 1
439 0 FT924-13687 0
439 0 FT924-14218 0
439 0 FT924-14473 1
439 0 FT924-14916 0
439 0 FT924-15583 0
439 0 FT924-15657 0
439 0 FT924-15660 0
439 0 FT924-15999 0
439 0 FT924-1947 1
439 0 FT924-2003 1
439 0 FT924-2087 0
439 0 FT924-4315 0
439 0 FT924-4358 0
439 0 FT924-4979 0
439 0 FT924-513 0
439 0 FT924-5475 0
439 0 FT924-5828 0
439 0 FT924-6286 0
439 0 FT924-6364 0
439 0 FT924-7905 0
439 0 FT924-8679 0
439 0 FT924-8879 0
439 0 FT924-8984 0
439 0 FT924-928 0
439 0 FT924-9937 0
439 0 FT931-10268 1
439 0 FT931-10441 1
439 0 FT931-10477 0
439 0 FT931-10760 0
439 0 FT931-10932 0
439 0 FT931-11376 0
439 0 FT931-11851 0
439 0 FT931-12079 0
439 0 FT931-12192 1
439 0 FT931-13386 0
439 0 FT931-13586 0
439 0 FT931-15620 0
439 0 FT931-16701 0
439 0 FT931-16782 0
439 0 FT931-2016 0
439 0 FT931-2231 0
439 0 FT931-4482 0
439 0 FT931-4884 0
439 0 FT931-5341 0
439 0 FT931-5515 0
439 0 FT931-5682 0
439 0 FT931-5796 1
439 0 FT931-7179 0
439 0 FT931-9496 1
439 0 FT932-10055 0
439 0 FT932-1037 0
439 0 FT932-12114 0
439 0 FT932-12526 0
439 0 FT932-12850 0
439 0 FT932-13546 0
439 0 FT932-13547 0
439 0 FT932-13549 0
439 0 FT932-13995 0
439 0 FT932-13997 0
439 0 FT932-1716 0
439 0 FT932-2797 1
439 0 FT932-3308 0
439 0 FT932-4101 0
439 0 FT932-435 0
439 0 FT932-4389 0
439 0 FT932-6741 0
439 0 FT932-6742 0
439 0 FT932-6743 0
439 0 FT932-6892 0
439 0 FT932-8406 0
439 0 FT932-8691 1
439 0 FT932-934 0
439 0 FT933-11260 0
439 0 FT933-11765 0
439 0 FT933-12869 0
439 0 FT933-15023 0
439 0 FT933-16529 0
439 0 FT933-2180 0
439 0 FT933-3559 0
439 0 FT933-3699 0
439 0 FT933-3747 0
439 0 FT933-4338 0
439 0 FT933-4448 0
439 0 FT933-4811 0
439 0 FT933-6475 1
439 0 FT933-6678 0
439 0 FT933-6695 0
439 0 FT933-7389 0
439 0 FT933-8376 0
439 0 FT933-8945 0
439 0 FT934-10314 0
439 0 FT934-10678 1
439 0 FT934-10988 0
439 0 FT934-11052 0
439 0 FT934-11221 0
439 0 FT934-11565 0
439 0 FT934-11785 0
439 0 FT934-11831 1
439 0 FT934-12469 0
439 0 FT934-12502 0
439 0 FT934-1290 1
439 0 FT934-12938 0
439 0 FT934-13547 0
439 0 FT934-13554 1
439 0 FT934-15463 0
439 0 FT934-17357 0
439 0 FT934-2022 0
439 0 FT934-2516 0
439 0 FT934-3191 0
439 0 FT934-3231 0
439 0 FT934-3451 0
439 0 FT934-3479 0
439 0 FT934-3699 0
439 0 FT934-3755 0
439 0 FT934-3766 0
439 0 FT934-3897 0
439 0 FT934-4015 0
439 0 FT934-4132 0
439 0 FT934-4156 0
439 0 FT934-436 0
439 0 FT934-4583 0
439 0 FT934-4789 0
439 0 FT934-5418 0
439 0 FT934-5548 0
439 0 FT934-5801 0
439 0 FT934-6797 0
439 0 FT934-7124 0
439 0 FT934-8873 0
439 0 FT934-90 0
439 0 FT941-10022 1
439 0 FT941-10773 0
439 0 FT941-11093 0
439 0 FT941-11293 0
439 0 FT941-11410 0
439 0 FT941-11412 1
439 0 FT941-11619 0
439 0 FT941-11856 0
439 0 FT941-1232 0
439 0 FT941-12792 1
439 0 FT941-13342 0
439 0 FT941-1390 1
439 0 FT941-14186 1
439 0 FT941-14188 1
439 0 FT941-14372 0
439 0 FT941-14483 0
439 0 FT941-14614 0
439 0 FT941-15661 0
439 0 FT941-15714 0
439 0 FT941-16334 0
439 0 FT941-16871 0
439 0 FT941-17534 0
439 0 FT941-1819 0
439 0 FT941-1820 0
439 0 FT941-1822 0
439 0 FT941-2933 0
439 0 FT941-3464 0
439 0 FT941-3899 0
439 0 FT941-4029 0
439 0 FT941-4396 0
439 0 FT941-4673 0
439 0 FT941-5063 0
439 0 FT941-5283 0
439 0 FT941-5621 0
439 0 FT941-575 0
439 0 FT941-5843 0
439 0 FT941-5844 1
439 0 FT941-5845 1
439 0 FT941-5846 1
439 0 FT941-6374 0
439 0 FT941-6551 0
439 0 FT941-6767 0
439 0 FT941-7301 1
439 0 FT941-7491 0
439 0 FT941-764 0
439 0 FT941-8354 0
439 0 FT941-8389 0
439 0 FT941-8702 0
439 0 FT941-8703 1
439 0 FT941-8704 1
439 0 FT942-10816 0
439 0 FT942-10819 0
439 0 FT942-10938 0
439 0 FT942-11281 0
439 0 FT942-11411 0
439 0 FT942-11545 0
439 0 FT942-1178 0
439 0 FT942-12501 1
439 0 FT942-12502 0
439 0 FT942-12506 0
439 0 FT942-1252 0
439 0 FT942-12885 0
439 0 FT942-1384 1
439 0 FT942-13967 0
439 0 FT942-13969 0
439 0 FT942-1404 0
439 0 FT942-14069 0
439 0 FT942-14247 0
439 0 FT942-14289 0
439 0 FT942-15517 0
439 0 FT942-15642 0
439 0 FT942-16039 0
439 0 FT942-16661 0
439 0 FT942-16775 1
439 0 FT942-16776 0
439 0 FT942-16911 0
439 0 FT942-1994 0
439 0 FT942-2497 1
439 0 FT942-3884 0
439 0 FT942-3985 0
439 0 FT942-4319 0
439 0 FT942-5665 0
439 0 FT942-5666 1
439 0 FT942-5668 0
439 0 FT942-6052 0
439 0 FT942-6095 0
439 0 FT942-6986 0
439 0 FT942-7 0
439 0 FT942-8109 0
439 0 FT942-8823 0
439 0 FT942-8984 0
439 0 FT942-9152 0
439 0 FT942-9830 0
439 0 FT942-9882 0
439 0 FT942-9884 0
439 0 FT943-10378 0
439 0 FT943-10379 0
439 0 FT943-11615 0
439 0 FT943-11617 0
439 0 FT943-11618 1
439 0 FT943-12645 0
439 0 FT943-12881 0
439 0 FT943-13317 0
439 0 FT943-13935 1
439 0 FT943-14266 0
439 0 FT943-14510 0
439 0 FT943-14748 0
439 0 FT943-14865 0
439 0 FT943-15474 0
439 0 FT943-15874 0
439 0 FT943-16744 0
439 0 FT943-206 1
439 0 FT943-2955 0
439 0 FT943-3268 1
439 0 FT943-3302 0
439 0 FT943-360 0
439 0 FT943-3692 0
439 0 FT943-3904 0
439 0 FT943-4144 0
439 0 FT943-4352 0
439 0 FT943-4353 0
439 0 FT943-4507 1
439 0 FT943-4589 0
439 0 FT943-4597 0
439 0 FT943-4687 0
439 0 FT943-5054 0
439 0 FT943-5294 0
439 0 FT943-5305 0
439 0 FT943-5598 0
439 0 FT943-5730 0
439 0 FT943-5734 0
439 0 FT943-5947 0
439 0 FT943-5982 1
439 0 FT943-6893 0
439 0 FT943-6894 0
439 0 FT943-6896 0
439 0 FT943-6897 1
439 0 FT943-7180 0
439 0 FT943-7771 0
439 0 FT943-7778 0
439 0 FT943-7796 0
439 0 FT943-8064 1
439 0 FT943-8078 0
439 0 FT943-8554 0
439 0 FT943-8976 0
439 0 FT943-9461 0
439 0 FT944-10279 0
439 0 FT944-10281 0
439 0 FT944-10471 0
439 0 FT944-10934 0
439 0 FT944-12616 1
439 0 FT944-12833 0
439 0 FT944-12947 0
439 0 FT944-13122 0
439 0 FT944-1332 0
439 0 FT944-14284 0
439 0 FT944-14642 0
439 0 FT944-1465 0
439 0 FT944-14790 0
439 0 FT944-14791 0
439 0 FT944-1490 0
439 0 FT944-15416 0
439 0 FT944-15801 1
439 0 FT944-15804 0
439 0 FT944-16100 1
439 0 FT944-16218 0
439 0 FT944-16456 0
439 0 FT944-16464 1
439 0 FT944-16973 0
439 0 FT944-17165 0
439 0 FT944-1719 0
439 0 FT944-17268 0
439 0 FT944-17374 0
439 0 FT944-17586 1
439 0 FT944-17967 0
439 0 FT944-18221 0
439 0 FT944-18245 0
439 0 FT944-1852 0
439 0 FT944-2256 0
439 0 FT944-261 0
439 0 FT944-2697 0
439 0 FT944-3170 0
439 0 FT944-4050 0
439 0 FT944-4206 0
439 0 FT944-473 0
439 0 FT944-5672 0
439 0 FT944-5675 1
439 0 FT944-6102 0
439 0 FT944-6322 0
439 0 FT944-6607 0
439 0 FT944-6682 0
439 0 FT944-7154 0
439 0 FT944-7278 1
439 0 FT944-762 0
439 0 FT944-8000 0
439 0 FT944-864 0
439 0 FT944-8750 1
439 0 FT944-901 0
439 0 FT944-908 0
439 0 FT944-9848 0
439 0 LA010189-0039 0
439 0 LA010189-0082 0
439 0 LA010189-0101 0
439 0 LA010189-0136 0
439 0 LA010189-0174 0
439 0 LA010190-0081 0
439 0 LA010390-0081 0
439 0 LA010390-0085 0
439 0 LA010489-0075 0
439 0 LA010489-0088 0
439 0 LA010589-0116 0
439 0 LA010589-0160 0
439 0 LA010590-0082 0
439 0 LA010689-0123 0
439 0 LA010690-0142 0
439 0 LA010789-0050 0
439 0 LA010790-0014 0
439 0 LA010889-0197 0
439 0 LA010890-0026 0
439 0 LA010990-0068 0
439 0 LA011190-0079 0
439 0 LA011490-0071 0
439 0 LA011589-0044 0
439 0 LA011589-0061 0
439 0 LA011590-0081 0
439 0 LA011590-0090 0
439 0 LA011690-0092 0
439 0 LA011790-0034 0
439 0 LA011890-0083 0
439 0 LA011990-0173 0
439 0 LA012090-0007 0
439 0 LA012090-0105 0
439 0 LA012290-0087 0
439 0 LA012789-0131 0
439 0 LA012890-0005 0
439 0 LA012890-0190 0
439 0 LA012989-0007 0
439 0 LA013090-0037 0
439 0 LA020190-0031 0
439 0 LA020289-0135 0
439 0 LA020289-0180 0
439 0 LA020390-0126 0
439 0 LA020390-0127 0
439 0 LA020390-0152 1
439 0 LA020490-0068 0
439 0 LA020590-0081 0
439 0 LA020689-0018 0
439 0 LA020989-0195 0
439 0 LA021289-0051 0
439 0 LA021289-0054 0
439 0 LA021289-0204 0
439 0 LA021290-0061 0
439 0 LA021890-0161 0
439 0 LA022090-0110 0
439 0 LA022190-0087 0
439 0 LA022590-0110 0
439 0 LA022590-0196 0
439 0 LA022689-0233 0
439 0 LA030190-0065 0
439 0 LA030290-0166 1
439 0 LA030489-0032 0
439 0 LA030489-0115 0
439 0 LA030490-0061 0
439 0 LA030789-0086 0
439 0 LA030790-0045 0
439 0 LA031089-0039 0
439 0 LA031190-0200 0
439 0 LA031389-0094 0
439 0 LA031389-0107 0
439 0 LA031390-0095 0
439 0 LA031489-0119 0
439 0 LA031490-0065 0
439 0 LA031589-0130 0
439 0 LA031689-0206 0
439 0 LA031690-0087 0
439 0 LA031789-0039 0
439 0 LA031789-0152 0
439 0 LA031989-0181 0
439 0 LA032089-0046 0
439 0 LA032089-0054 0
439 0 LA032390-0023 0
439 0 LA032489-0053 0
439 0 LA032589-0085 0
439 0 LA032790-0023 0
439 0 LA033089-0148 0
439 0 LA033089-0150 0
439 0 LA033089-0203 0
439 0 LA033090-0082 0
439 0 LA033090-0132 0
439 0 LA040189-0001 0
439 0 LA040190-0174 0
439 0 LA040190-0178 0
439 0 LA040190-0219 0
439 0 LA040289-0029 0
439 0 LA040389-0041 0
439 0 LA040590-0035 0
439 0 LA040590-0220 0
439 0 LA041190-0003 0
439 0 LA041389-0041 1
439 0 LA041490-0064 0
439 0 LA041589-0033 0
439 0 LA041590-0161 0
439 0 LA041689-0021 0
439 0 LA041690-0035 0
439 0 LA041989-0077 0
439 0 LA041990-0151 0
439 0 LA042089-0164 0
439 0 LA042090-0012 0
439 0 LA042290-0160 0
439 0 LA042390-0041 0
439 0 LA042390-0060 0
439 0 LA042590-0135 0
439 0 LA042789-0016 0
439 0 LA042790-0070 0
439 0 LA042890-0169 0
439 0 LA042990-0226 1
439 0 LA050290-0186 0
439 0 LA050390-0139 0
439 0 LA050390-0167 0
439 0 LA050589-0106 0
439 0 LA050589-0107 0
439 0 LA050690-0067 0
439 0 LA050690-0206 0
439 0 LA050789-0108 0
439 0 LA050889-0068 0
439 0 LA050890-0073 0
439 0 LA050989-0103 0
439 0 LA051089-0021 0
439 0 LA051389-0037 0
439 0 LA051589-0052 0
439 0 LA051790-0114 0
439 0 LA051889-0176 1
439 0 LA052089-0089 0
439 0 LA052090-0060 0
439 0 LA052090-0244 0
439 0 LA052290-0010 0
439 0 LA052490-0116 0
439 0 LA052590-0090 0
439 0 LA052789-0110 0
439 0 LA052790-0024 0
439 0 LA052890-0021 0
439 0 LA052890-0039 0
439 0 LA053089-0058 0
439 0 LA053089-0059 0
439 0 LA053090-0104 0
439 0 LA053190-0084 0
439 0 LA060289-0055 0
439 0 LA060290-0131 0
439 0 LA060390-0127 0
439 0 LA060489-0170 0
439 0 LA060689-0035 0
439 0 LA060790-0100 0
439 0 LA060989-0036 0
439 0 LA061090-0086 0
439 0 LA061189-0145 0
439 0 LA061490-0074 0
439 0 LA061589-0050 0
439 0 LA061689-0034 0
439 0 LA061889-0190 0
439 0 LA061990-0160 0
439 0 LA062190-0051 0
439 0 LA062290-0128 0
439 0 LA062389-0066 1
439 0 LA062389-0120 0
439 0 LA062589-0183 0
439 0 LA062589-0187 0
439 0 LA062690-0147 0
439 0 LA062790-0044 0
439 0 LA062889-0049 0
439 0 LA062990-0180 0
439 0 LA070190-0119 0
439 0 LA070290-0043 0
439 0 LA070390-0005 0
439 0 LA070390-0084 0
439 0 LA070489-0089 0
439 0 LA070990-0048 0
439 0 LA071090-0093 0
439 0 LA071090-0116 1
439 0 LA071290-0096 0
439 0 LA071490-0091 0
439 0 LA071589-0099 0
439 0 LA071590-0110 0
439 0 LA071689-0164 0
439 0 LA071789-0059 0
439 0 LA071789-0085 0
439 0 LA071889-0013 0
439 0 LA071889-0068 0
439 0 LA072289-0042 0
439 0 LA072289-0108 0
439 0 LA072290-0075 0
439 0 LA072789-0005 0
439 0 LA080190-0022 0
439 0 LA080289-0039 0
439 0 LA080290-0034 0
439 0 LA080290-0073 0
439 0 LA080489-0151 0
439 0 LA080689-0082 0
439 0 LA080790-0065 0
439 0 LA080889-0024 0
439 0 LA081090-0079 0
439 0 LA081189-0047 0
439 0 LA081489-0007 0
439 0 LA081489-0062 0
439 0 LA081690-0173 0
439 0 LA081889-0030 0
439 0 LA081989-0069 0
439 0 LA081990-0223 0
439 0 LA082090-0138 0
439 0 LA082390-0134 0
439 0 LA082789-0096 0
439 0 LA082890-0167 0
439 0 LA082990-0116 0
439 0 LA090189-0004 0
439 0 LA090190-0042 0
439 0 LA090289-0107 0
439 0 LA090390-0035 0
439 0 LA090390-0103 0
439 0 LA090490-0012 0
439 0 LA090889-0121 0
439 0 LA090990-0224 0
439 0 LA091190-0042 0
439 0 LA091190-0144 0
439 0 LA091389-0098 0
439 0 LA091390-0199 0
439 0 LA091489-0175 0
439 0 LA091589-0085 0
439 0 LA091690-0131 0
439 0 LA091690-0166 0
439 0 LA091790-0107 0
439 0 LA091990-0020 0
439 0 LA092090-0059 0
439 0 LA092390-0098 0
439 0 LA092489-0006 0
439 0 LA092690-0092 0
439 0 LA100189-0181 0
439 0 LA100190-0044 0
439 0 LA100490-0238 1
439 0 LA100689-0082 0
439 0 LA100790-0133 0
439 0 LA100790-0135 0
439 0 LA100990-0068 0
439 0 LA101290-0099 0
439 0 LA101290-0164 0
439 0 LA101489-0078 0
439 0 LA101490-0145 0
439 0 LA101789-0027 0
439 0 LA101790-0153 0
439 0 LA101889-0009 0
439 0 LA102089-0096 0
439 0 LA102189-0071 0
439 0 LA102189-0172 0
439 0 LA102289-0098 0
439 0 LA102489-0011 0
439 0 LA102489-0012 0
439 0 LA102590-0031 0
439 0 LA102590-0105 0
439 0 LA102590-0153 0
439 0 LA102590-0189 0
439 0 LA102690-0179 0
439 0 LA102889-0108 0
439 0 LA102890-0037 0
439 0 LA110290-0127 0
439 0 LA110489-0043 0
439 0 LA110489-0084 0
439 0 LA110889-0128 0
439 0 LA110990-0017 0
439 0 LA111190-0024 0
439 0 LA111789-0130 0
439 0 LA111789-0151 0
439 0 LA111790-0148 0
439 0 LA111989-0118 0
439 0 LA112089-0048 0
439 0 LA112290-0142 0
439 0 LA112389-0114 0
439 0 LA112390-0070 0
439 0 LA112490-0107 0
439 0 LA112589-0004 0
439 0 LA112589-0072 1
439 0 LA112789-0028 0
439 0 LA112790-0135 0
439 0 LA112989-0146 0
439 0 LA113090-0156 0
439 0 LA120190-0116 0
439 0 LA120190-0125 0
439 0 LA120289-0130 0
439 0 LA120390-0065 0
439 0 LA120390-0126 0
439 0 LA120590-0110 0
439 0 LA120689-0063 0
439 0 LA120690-0200 0
439 0 LA120790-0036 0
439 0 LA120890-0048 0
439 0 LA120990-0163 0
439 0 LA121189-0070 0
439 0 LA121190-0008 0
439 0 LA121190-0079 0
439 0 LA121190-0089 0
439 0 LA121190-0111 0
439 0 LA121190-0160 0
439 0 LA121289-0055 1
439 0 LA121289-0088 0
439 0 LA121489-0046 0
439 0 LA121789-0056 0
439 0 LA121789-0075 0
439 0 LA121789-0116 1
439 0 LA121789-0145 0
439 0 LA121890-0121 0
439 0 LA122090-0107 0
439 0 LA122389-0048 0
439 0 LA122389-0054 0
439 0 LA122489-0058 0
439 0 LA122489-0212 0
439 0 LA122589-0102 0
439 0 LA122590-0002 0
439 0 LA122590-0113 0
439 0 LA122689-0045 0
439 0 LA122690-0072 0
439 0 LA122790-0033 0
439 0 LA123090-0011 0
439 0 LA123090-0066 0
439 0 LA123189-0046 0
439 0 LA123189-0048 0
439 0 LA123189-0049 0
439 0 LA123189-0051 0
439 0 LA123189-0053 0
439 0 LA123189-0056 0
439 0 LA123189-0126 0
439 0 LA123189-0178 0
439 0 LA123190-0057 0
439 0 LA123190-0123 0
