442 0 FBIS3-10505 0
442 0 FBIS3-11256 0
442 0 FBIS3-11565 0
442 0 FBIS3-11867 0
442 0 FBIS3-12197 0
442 0 FBIS3-12199 0
442 0 FBIS3-12276 0
442 0 FBIS3-12280 0
442 0 FBIS3-12281 0
442 0 FBIS3-12282 0
442 0 FBIS3-12288 0
442 0 FBIS3-12294 0
442 0 FBIS3-12299 0
442 0 FBIS3-12407 0
442 0 FBIS3-12410 0
442 0 FBIS3-12480 0
442 0 FBIS3-12483 0
442 0 FBIS3-12516 0
442 0 FBIS3-12638 0
442 0 FBIS3-12657 0
442 0 FBIS3-12678 0
442 0 FBIS3-12720 0
442 0 FBIS3-12799 0
442 0 FBIS3-12820 0
442 0 FBIS3-12851 0
442 0 FBIS3-12890 0
442 0 FBIS3-12891 0
442 0 FBIS3-12942 1
442 0 FBIS3-13068 0
442 0 FBIS3-13087 0
442 0 FBIS3-13115 0
442 0 FBIS3-13138 0
442 0 FBIS3-13222 0
442 0 FBIS3-1325 0
442 0 FBIS3-13357 0
442 0 FBIS3-13403 0
442 0 FBIS3-13428 0
442 0 FBIS3-13442 0
442 0 FBIS3-13541 0
442 0 FBIS3-13712 0
442 0 FBIS3-13713 0
442 0 FBIS3-13794 0
442 0 FBIS3-13909 0
442 0 FBIS3-1408 0
442 0 FBIS3-14168 0
442 0 FBIS3-14270 0
442 0 FBIS3-14390 0
442 0 FBIS3-14498 0
442 0 FBIS3-14538 0
442 0 FBIS3-14832 0
442 0 FBIS3-15280 0
442 0 FBIS3-15751 0
442 0 FBIS3-15850 0
442 0 FBIS3-17460 0
442 0 FBIS3-1771 0
442 0 FBIS3-19759 0
442 0 FBIS3-2059 0
442 0 FBIS3-20796 0
442 0 FBIS3-20797 0
442 0 FBIS3-20885 0
442 0 FBIS3-21356 0
442 0 FBIS3-2241 0
442 0 FBIS3-22906 0
442 0 FBIS3-22914 0
442 0 FBIS3-23 0
442 0 FBIS3-23122 0
442 0 FBIS3-23136 0
442 0 FBIS3-23140 0
442 0 FBIS3-23145 0
442 0 FBIS3-23237 0
442 0 FBIS3-2324 0
442 0 FBIS3-23278 0
442 0 FBIS3-23374 0
442 0 FBIS3-23389 0
442 0 FBIS3-23435 0
442 0 FBIS3-23534 0
442 0 FBIS3-23561 0
442 0 FBIS3-23811 0
442 0 FBIS3-23945 0
442 0 FBIS3-24053 0
442 0 FBIS3-24137 0
442 0 FBIS3-24250 0
442 0 FBIS3-24317 0
442 0 FBIS3-24327 0
442 0 FBIS3-24619 0
442 0 FBIS3-24653 0
442 0 FBIS3-24656 0
442 0 FBIS3-24678 0
442 0 FBIS3-24679 0
442 0 FBIS3-24948 0
442 0 FBIS3-24957 0
442 0 FBIS3-24990 0
442 0 FBIS3-25360 0
442 0 FBIS3-25902 0
442 0 FBIS3-26 0
442 0 FBIS3-26006 0
442 0 FBIS3-26134 0
442 0 FBIS3-26145 0
442 0 FBIS3-26270 0
442 0 FBIS3-26429 0
442 0 FBIS3-26482 0
442 0 FBIS3-26547 0
442 0 FBIS3-26649 0
442 0 FBIS3-26725 0
442 0 FBIS3-26835 0
442 0 FBIS3-26959 0
442 0 FBIS3-2750 0
442 0 FBIS3-27520 0
442 0 FBIS3-27575 0
442 0 FBIS3-27637 0
442 0 FBIS3-2765 0
442 0 FBIS3-27826 0
442 0 FBIS3-2810 0
442 0 FBIS3-2811 0
442 0 FBIS3-28140 0
442 0 FBIS3-28356 0
442 0 FBIS3-2881 0
442 0 FBIS3-2888 0
442 0 FBIS3-29 0
442 0 FBIS3-2914 0
442 0 FBIS3-29180 0
442 0 FBIS3-29190 0
442 0 FBIS3-29430 0
442 0 FBIS3-29947 0
442 0 FBIS3-30080 0
442 0 FBIS3-3015 0
442 0 FBIS3-30417 0
442 0 FBIS3-30748 0
442 0 FBIS3-30784 0
442 0 FBIS3-30897 0
442 0 FBIS3-31040 0
442 0 FBIS3-31054 0
442 0 FBIS3-3127 0
442 0 FBIS3-31398 0
442 0 FBIS3-31419 0
442 0 FBIS3-31478 0
442 0 FBIS3-31504 0
442 0 FBIS3-31731 0
442 0 FBIS3-3177 0
442 0 FBIS3-31933 0
442 0 FBIS3-32012 0
442 0 FBIS3-32417 0
442 0 FBIS3-3307 0
442 0 FBIS3-33183 0
442 0 FBIS3-33189 0
442 0 FBIS3-3335 0
442 0 FBIS3-33406 0
442 0 FBIS3-33991 0
442 0 FBIS3-34111 0
442 0 FBIS3-34166 0
442 0 FBIS3-34236 0
442 0 FBIS3-34322 0
442 0 FBIS3-34344 0
442 0 FBIS3-34404 0
442 0 FBIS3-34409 0
442 0 FBIS3-34434 0
442 0 FBIS3-34492 0
442 0 FBIS3-34563 0
442 0 FBIS3-34575 0
442 0 FBIS3-34594 0
442 0 FBIS3-34687 0
442 0 FBIS3-34735 0
442 0 FBIS3-34774 0
442 0 FBIS3-34936 0
442 0 FBIS3-34995 0
442 0 FBIS3-35 0
442 0 FBIS3-35462 0
442 0 FBIS3-35534 0
442 0 FBIS3-36273 0
442 0 FBIS3-36527 0
442 0 FBIS3-37871 0
442 0 FBIS3-37923 0
442 0 FBIS3-38733 0
442 0 FBIS3-39113 0
442 0 FBIS3-3970 0
442 0 FBIS3-3972 0
442 0 FBIS3-39786 0
442 0 FBIS3-40087 0
442 0 FBIS3-40129 0
442 0 FBIS3-40265 0
442 0 FBIS3-40450 0
442 0 FBIS3-40562 0
442 0 FBIS3-40682 0
442 0 FBIS3-40759 0
442 0 FBIS3-40870 0
442 0 FBIS3-41714 0
442 0 FBIS3-42296 0
442 0 FBIS3-42388 0
442 0 FBIS3-42393 0
442 0 FBIS3-42399 0
442 0 FBIS3-42487 0
442 0 FBIS3-42578 0
442 0 FBIS3-42766 0
442 0 FBIS3-42816 0
442 0 FBIS3-42897 0
442 0 FBIS3-42940 0
442 0 FBIS3-43012 0
442 0 FBIS3-43072 0
442 0 FBIS3-43118 0
442 0 FBIS3-43120 0
442 0 FBIS3-43132 0
442 0 FBIS3-43136 0
442 0 FBIS3-43142 0
442 0 FBIS3-43160 0
442 0 FBIS3-43166 0
442 0 FBIS3-43172 0
442 0 FBIS3-43174 0
442 0 FBIS3-43186 0
442 0 FBIS3-43190 0
442 0 FBIS3-43196 0
442 0 FBIS3-43214 0
442 0 FBIS3-43220 0
442 0 FBIS3-43505 0
442 0 FBIS3-43514 0
442 0 FBIS3-43597 0
442 0 FBIS3-4404 0
442 0 FBIS3-44486 0
442 0 FBIS3-44625 0
442 0 FBIS3-4466 0
442 0 FBIS3-44751 0
442 0 FBIS3-44767 0
442 0 FBIS3-44768 0
442 0 FBIS3-44979 0
442 0 FBIS3-4503 0
442 0 FBIS3-45154 0
442 0 FBIS3-45174 0
442 0 FBIS3-45207 0
442 0 FBIS3-45427 0
442 0 FBIS3-45496 0
442 0 FBIS3-45528 0
442 0 FBIS3-45592 0
442 0 FBIS3-45955 0
442 0 FBIS3-45996 0
442 0 FBIS3-46078 0
442 0 FBIS3-46142 0
442 0 FBIS3-46166 0
442 0 FBIS3-46243 0
442 0 FBIS3-46420 0
442 0 FBIS3-46495 0
442 0 FBIS3-46593 0
442 0 FBIS3-46594 0
442 0 FBIS3-46665 0
442 0 FBIS3-46886 0
442 0 FBIS3-46947 0
442 0 FBIS3-47270 0
442 0 FBIS3-47346 0
442 0 FBIS3-47527 0
442 0 FBIS3-47699 0
442 0 FBIS3-48296 0
442 0 FBIS3-48856 0
442 0 FBIS3-48916 0
442 0 FBIS3-49035 0
442 0 FBIS3-4931 0
442 0 FBIS3-49313 0
442 0 FBIS3-49349 0
442 0 FBIS3-50014 0
442 0 FBIS3-50432 0
442 0 FBIS3-50533 0
442 0 FBIS3-50538 0
442 0 FBIS3-50553 0
442 0 FBIS3-50564 0
442 0 FBIS3-50597 0
442 0 FBIS3-50719 0
442 0 FBIS3-50911 0
442 0 FBIS3-51537 0
442 0 FBIS3-52075 0
442 0 FBIS3-52105 0
442 0 FBIS3-52109 0
442 0 FBIS3-52686 0
442 0 FBIS3-53046 0
442 0 FBIS3-53213 0
442 0 FBIS3-53302 0
442 0 FBIS3-53378 0
442 0 FBIS3-535 0
442 0 FBIS3-53627 0
442 0 FBIS3-53876 0
442 0 FBIS3-54036 0
442 0 FBIS3-54212 0
442 0 FBIS3-54217 0
442 0 FBIS3-54336 0
442 0 FBIS3-54347 0
442 0 FBIS3-54374 0
442 0 FBIS3-54380 0
442 0 FBIS3-54396 0
442 0 FBIS3-54409 0
442 0 FBIS3-54460 0
442 0 FBIS3-54497 0
442 0 FBIS3-54500 0
442 0 FBIS3-54694 0
442 0 FBIS3-5471 0
442 0 FBIS3-54799 0
442 0 FBIS3-54951 0
442 0 FBIS3-54987 0
442 0 FBIS3-55079 0
442 0 FBIS3-55319 0
442 0 FBIS3-55345 0
442 0 FBIS3-55402 1
442 0 FBIS3-55862 0
442 0 FBIS3-5606 0
442 0 FBIS3-56173 0
442 0 FBIS3-56319 0
442 0 FBIS3-5642 0
442 0 FBIS3-56603 0
442 0 FBIS3-56882 0
442 0 FBIS3-57025 0
442 0 FBIS3-5721 0
442 0 FBIS3-57688 0
442 0 FBIS3-57809 0
442 0 FBIS3-57914 0
442 0 FBIS3-58 0
442 0 FBIS3-58483 0
442 0 FBIS3-58759 0
442 0 FBIS3-59032 0
442 0 FBIS3-59033 0
442 0 FBIS3-59353 0
442 0 FBIS3-59457 1
442 0 FBIS3-59955 0
442 0 FBIS3-60589 0
442 0 FBIS3-60871 1
442 0 FBIS3-60941 0
442 0 FBIS3-61044 0
442 0 FBIS3-61074 0
442 0 FBIS3-61101 0
442 0 FBIS3-61139 0
442 0 FBIS3-61156 0
442 0 FBIS3-61184 0
442 0 FBIS3-61193 0
442 0 FBIS3-61268 0
442 0 FBIS3-61301 0
442 0 FBIS3-61335 0
442 0 FBIS3-61336 0
442 0 FBIS3-61374 0
442 0 FBIS3-61562 0
442 0 FBIS3-6482 0
442 0 FBIS3-656 0
442 0 FBIS3-6936 0
442 0 FBIS3-7 0
442 0 FBIS3-7037 0
442 0 FBIS3-7335 0
442 0 FBIS3-7608 0
442 0 FBIS3-7690 0
442 0 FBIS3-7838 0
442 0 FBIS3-7859 0
442 0 FBIS3-8177 0
442 0 FBIS3-8239 0
442 0 FBIS3-8249 0
442 0 FBIS3-8607 0
442 0 FBIS3-8806 0
442 0 FBIS3-9604 0
442 0 FBIS3-9824 0
442 0 FBIS4-10178 0
442 0 FBIS4-10323 0
442 0 FBIS4-10433 0
442 0 FBIS4-10440 0
442 0 FBIS4-10993 0
442 0 FBIS4-1120 0
442 0 FBIS4-11284 0
442 0 FBIS4-1141 0
442 0 FBIS4-11675 0
442 0 FBIS4-11692 0
442 0 FBIS4-11727 0
442 0 FBIS4-11761 0
442 0 FBIS4-11908 0
442 0 FBIS4-12221 0
442 0 FBIS4-12252 0
442 0 FBIS4-12335 0
442 0 FBIS4-12403 0
442 0 FBIS4-12407 0
442 0 FBIS4-12500 0
442 0 FBIS4-12509 0
442 0 FBIS4-12620 0
442 0 FBIS4-12754 0
442 0 FBIS4-12910 0
442 0 FBIS4-12915 0
442 0 FBIS4-12918 0
442 0 FBIS4-12919 0
442 0 FBIS4-12928 0
442 0 FBIS4-12982 0
442 0 FBIS4-13029 0
442 0 FBIS4-13036 0
442 0 FBIS4-13061 0
442 0 FBIS4-13063 0
442 0 FBIS4-13064 0
442 0 FBIS4-13160 0
442 0 FBIS4-13172 0
442 0 FBIS4-13292 0
442 0 FBIS4-13343 0
442 0 FBIS4-13406 0
442 0 FBIS4-14078 0
442 0 FBIS4-14270 0
442 0 FBIS4-14314 0
442 0 FBIS4-14384 0
442 0 FBIS4-14483 0
442 0 FBIS4-14593 0
442 0 FBIS4-14849 0
442 0 FBIS4-15002 0
442 0 FBIS4-15242 0
442 0 FBIS4-1533 0
442 0 FBIS4-15498 0
442 0 FBIS4-16217 0
442 0 FBIS4-16406 0
442 0 FBIS4-1659 0
442 0 FBIS4-16605 0
442 0 FBIS4-16663 0
442 0 FBIS4-1667 0
442 0 FBIS4-16696 0
442 0 FBIS4-17137 0
442 0 FBIS4-17151 0
442 0 FBIS4-17565 0
442 0 FBIS4-17711 0
442 0 FBIS4-17759 0
442 0 FBIS4-17764 0
442 0 FBIS4-17876 0
442 0 FBIS4-1794 0
442 0 FBIS4-1802 0
442 0 FBIS4-18061 0
442 0 FBIS4-1843 0
442 0 FBIS4-1844 0
442 0 FBIS4-1855 0
442 0 FBIS4-19 0
442 0 FBIS4-19049 0
442 0 FBIS4-19164 0
442 0 FBIS4-19710 0
442 0 FBIS4-2042 0
442 0 FBIS4-2043 0
442 0 FBIS4-20472 0
442 0 FBIS4-21 0
442 0 FBIS4-2128 0
442 0 FBIS4-21877 0
442 0 FBIS4-21911 0
442 0 FBIS4-21923 0
442 0 FBIS4-21976 0
442 0 FBIS4-21997 0
442 0 FBIS4-2203 0
442 0 FBIS4-2204 0
442 0 FBIS4-22079 0
442 0 FBIS4-22111 0
442 0 FBIS4-22152 0
442 0 FBIS4-22232 0
442 0 FBIS4-22261 0
442 0 FBIS4-22293 0
442 0 FBIS4-22629 0
442 0 FBIS4-22656 0
442 0 FBIS4-22659 0
442 0 FBIS4-22670 1
442 0 FBIS4-22685 0
442 0 FBIS4-22690 0
442 0 FBIS4-23084 0
442 0 FBIS4-23114 0
442 0 FBIS4-23576 0
442 0 FBIS4-2439 0
442 0 FBIS4-24398 1
442 0 FBIS4-24639 0
442 0 FBIS4-24802 0
442 0 FBIS4-24952 0
442 0 FBIS4-2517 0
442 0 FBIS4-25247 0
442 0 FBIS4-25261 0
442 0 FBIS4-25450 0
442 0 FBIS4-25453 0
442 0 FBIS4-25553 0
442 0 FBIS4-25564 0
442 0 FBIS4-25566 0
442 0 FBIS4-25576 0
442 0 FBIS4-25730 0
442 0 FBIS4-25951 0
442 0 FBIS4-26103 0
442 0 FBIS4-26116 0
442 0 FBIS4-26176 0
442 0 FBIS4-26329 0
442 0 FBIS4-26528 0
442 0 FBIS4-26610 0
442 0 FBIS4-26652 0
442 0 FBIS4-26772 0
442 0 FBIS4-26906 0
442 0 FBIS4-26991 0
442 0 FBIS4-27085 0
442 0 FBIS4-27331 0
442 0 FBIS4-27707 0
442 0 FBIS4-28151 0
442 0 FBIS4-28464 0
442 0 FBIS4-28726 0
442 0 FBIS4-28732 0
442 0 FBIS4-28777 0
442 0 FBIS4-29 0
442 0 FBIS4-29003 0
442 0 FBIS4-29282 0
442 0 FBIS4-29410 0
442 0 FBIS4-29442 0
442 0 FBIS4-2954 0
442 0 FBIS4-30835 0
442 0 FBIS4-30972 0
442 0 FBIS4-30973 0
442 0 FBIS4-32114 0
442 0 FBIS4-32328 1
442 0 FBIS4-32356 0
442 0 FBIS4-32371 0
442 0 FBIS4-32473 0
442 0 FBIS4-32477 0
442 0 FBIS4-32811 0
442 0 FBIS4-32828 0
442 0 FBIS4-3334 0
442 0 FBIS4-33691 0
442 0 FBIS4-33797 0
442 0 FBIS4-33918 0
442 0 FBIS4-34022 0
442 0 FBIS4-34179 0
442 0 FBIS4-34248 0
442 0 FBIS4-34546 0
442 0 FBIS4-34858 0
442 0 FBIS4-35289 0
442 0 FBIS4-35324 0
442 0 FBIS4-35338 0
442 0 FBIS4-35354 0
442 0 FBIS4-35357 0
442 0 FBIS4-35358 0
442 0 FBIS4-35395 0
442 0 FBIS4-35396 0
442 0 FBIS4-35604 0
442 0 FBIS4-35623 0
442 0 FBIS4-35625 0
442 0 FBIS4-35762 0
442 0 FBIS4-35923 0
442 0 FBIS4-35924 0
442 0 FBIS4-35925 0
442 0 FBIS4-35927 0
442 0 FBIS4-3594 0
442 0 FBIS4-35942 0
442 0 FBIS4-36009 0
442 0 FBIS4-36039 0
442 0 FBIS4-36068 0
442 0 FBIS4-36072 0
442 0 FBIS4-3631 0
442 0 FBIS4-36423 0
442 0 FBIS4-36426 0
442 0 FBIS4-36498 0
442 0 FBIS4-36576 0
442 0 FBIS4-36604 0
442 0 FBIS4-36640 0
442 0 FBIS4-36670 0
442 0 FBIS4-37238 0
442 0 FBIS4-37248 0
442 0 FBIS4-37267 0
442 0 FBIS4-37379 0
442 0 FBIS4-37420 0
442 0 FBIS4-37425 0
442 0 FBIS4-3751 0
442 0 FBIS4-3755 0
442 0 FBIS4-37650 0
442 0 FBIS4-37681 0
442 0 FBIS4-37709 0
442 0 FBIS4-37759 0
442 0 FBIS4-38007 0
442 0 FBIS4-38009 0
442 0 FBIS4-38023 0
442 0 FBIS4-38135 0
442 0 FBIS4-38311 0
442 0 FBIS4-38428 0
442 0 FBIS4-38439 0
442 0 FBIS4-388 0
442 0 FBIS4-38928 0
442 0 FBIS4-39394 0
442 0 FBIS4-40182 0
442 0 FBIS4-40370 0
442 0 FBIS4-40426 0
442 0 FBIS4-40539 0
442 0 FBIS4-40625 0
442 0 FBIS4-40656 0
442 0 FBIS4-40881 0
442 0 FBIS4-41215 0
442 0 FBIS4-41803 0
442 0 FBIS4-42 0
442 0 FBIS4-42868 0
442 0 FBIS4-42874 0
442 0 FBIS4-42878 0
442 0 FBIS4-42880 0
442 0 FBIS4-42895 0
442 0 FBIS4-43007 0
442 0 FBIS4-43027 0
442 0 FBIS4-43034 0
442 0 FBIS4-43060 0
442 0 FBIS4-43146 0
442 0 FBIS4-43196 0
442 0 FBIS4-43233 0
442 0 FBIS4-43282 0
442 0 FBIS4-43318 0
442 0 FBIS4-43327 0
442 0 FBIS4-43340 0
442 0 FBIS4-43466 0
442 0 FBIS4-43472 0
442 0 FBIS4-43690 0
442 0 FBIS4-43697 0
442 0 FBIS4-4371 0
442 0 FBIS4-43714 0
442 0 FBIS4-4372 0
442 0 FBIS4-43790 0
442 0 FBIS4-43813 0
442 0 FBIS4-44356 0
442 0 FBIS4-444 0
442 0 FBIS4-44912 0
442 0 FBIS4-44913 0
442 0 FBIS4-45041 0
442 0 FBIS4-45522 0
442 0 FBIS4-46410 0
442 0 FBIS4-46420 0
442 0 FBIS4-46471 0
442 0 FBIS4-46766 0
442 0 FBIS4-46780 0
442 0 FBIS4-46864 0
442 0 FBIS4-47014 0
442 0 FBIS4-4757 0
442 0 FBIS4-47602 0
442 0 FBIS4-47609 0
442 0 FBIS4-47613 0
442 0 FBIS4-47629 0
442 0 FBIS4-47634 0
442 0 FBIS4-4822 0
442 0 FBIS4-48542 0
442 0 FBIS4-48914 0
442 0 FBIS4-49021 0
442 0 FBIS4-49040 0
442 0 FBIS4-49081 0
442 0 FBIS4-49156 0
442 0 FBIS4-49205 0
442 0 FBIS4-49245 0
442 0 FBIS4-49438 0
442 0 FBIS4-49601 0
442 0 FBIS4-49832 0
442 0 FBIS4-49852 0
442 0 FBIS4-50026 0
442 0 FBIS4-50083 0
442 0 FBIS4-50164 0
442 0 FBIS4-50195 0
442 0 FBIS4-50214 0
442 0 FBIS4-50244 0
442 0 FBIS4-50471 0
442 0 FBIS4-50706 0
442 0 FBIS4-50993 0
442 0 FBIS4-51183 0
442 0 FBIS4-51184 0
442 0 FBIS4-51363 0
442 0 FBIS4-51731 0
442 0 FBIS4-51737 0
442 0 FBIS4-51932 0
442 0 FBIS4-51991 0
442 0 FBIS4-52037 0
442 0 FBIS4-52038 0
442 0 FBIS4-52039 0
442 0 FBIS4-52043 0
442 0 FBIS4-52045 0
442 0 FBIS4-52096 0
442 0 FBIS4-52156 0
442 0 FBIS4-52158 0
442 0 FBIS4-52319 0
442 0 FBIS4-52754 0
442 0 FBIS4-52944 0
442 0 FBIS4-53237 0
442 0 FBIS4-5338 0
442 0 FBIS4-53409 0
442 0 FBIS4-5351 0
442 0 FBIS4-53541 1
442 0 FBIS4-53595 0
442 0 FBIS4-53900 0
442 0 FBIS4-54007 0
442 0 FBIS4-54070 0
442 0 FBIS4-54227 0
442 0 FBIS4-54677 0
442 0 FBIS4-55316 0
442 0 FBIS4-55492 0
442 0 FBIS4-55493 0
442 0 FBIS4-55498 0
442 0 FBIS4-55516 0
442 0 FBIS4-55532 0
442 0 FBIS4-55546 0
442 0 FBIS4-55548 0
442 0 FBIS4-55615 0
442 0 FBIS4-55620 0
442 0 FBIS4-55639 0
442 0 FBIS4-55695 0
442 0 FBIS4-55696 0
442 0 FBIS4-55771 0
442 0 FBIS4-56022 0
442 0 FBIS4-56389 0
442 0 FBIS4-56898 0
442 0 FBIS4-57043 0
442 0 FBIS4-57220 0
442 0 FBIS4-57286 0
442 0 FBIS4-5755 1
442 0 FBIS4-57622 0
442 0 FBIS4-57817 0
442 0 FBIS4-57890 0
442 0 FBIS4-58061 0
442 0 FBIS4-58121 0
442 0 FBIS4-58199 0
442 0 FBIS4-58367 0
442 0 FBIS4-58397 0
442 0 FBIS4-58418 0
442 0 FBIS4-58558 0
442 0 FBIS4-58596 0
442 0 FBIS4-58685 0
442 0 FBIS4-58795 0
442 0 FBIS4-58827 0
442 0 FBIS4-58832 0
442 0 FBIS4-58836 0
442 0 FBIS4-58838 0
442 0 FBIS4-58840 0
442 0 FBIS4-58848 0
442 0 FBIS4-58957 0
442 0 FBIS4-58959 0
442 0 FBIS4-59046 0
442 0 FBIS4-59066 0
442 0 FBIS4-59071 0
442 0 FBIS4-59100 0
442 0 FBIS4-59129 0
442 0 FBIS4-59130 0
442 0 FBIS4-59393 0
442 0 FBIS4-59445 0
442 0 FBIS4-59494 0
442 0 FBIS4-59496 0
442 0 FBIS4-59521 0
442 0 FBIS4-59534 0
442 0 FBIS4-5954 0
442 0 FBIS4-59545 0
442 0 FBIS4-5955 0
442 0 FBIS4-59582 0
442 0 FBIS4-59607 0
442 0 FBIS4-59665 0
442 0 FBIS4-59667 0
442 0 FBIS4-59670 0
442 0 FBIS4-59686 0
442 0 FBIS4-59754 0
442 0 FBIS4-59756 0
442 0 FBIS4-59767 0
442 0 FBIS4-5984 0
442 0 FBIS4-59866 0
442 0 FBIS4-59896 0
442 0 FBIS4-59987 0
442 0 FBIS4-59988 0
442 0 FBIS4-60003 0
442 0 FBIS4-6001 0
442 0 FBIS4-60097 0
442 0 FBIS4-60125 0
442 0 FBIS4-60176 0
442 0 FBIS4-60190 0
442 0 FBIS4-60204 0
442 0 FBIS4-60207 0
442 0 FBIS4-60223 0
442 0 FBIS4-60303 0
442 0 FBIS4-60309 0
442 0 FBIS4-60318 0
442 0 FBIS4-60324 0
442 0 FBIS4-60439 0
442 0 FBIS4-60557 0
442 0 FBIS4-60569 0
442 0 FBIS4-60578 0
442 0 FBIS4-60651 0
442 0 FBIS4-60658 0
442 0 FBIS4-60735 0
442 0 FBIS4-60748 0
442 0 FBIS4-60750 0
442 0 FBIS4-6084 0
442 0 FBIS4-60861 0
442 0 FBIS4-61165 0
442 0 FBIS4-61229 0
442 0 FBIS4-61677 0
442 0 FBIS4-61725 0
442 0 FBIS4-61734 0
442 0 FBIS4-61769 0
442 0 FBIS4-62200 0
442 0 FBIS4-62328 0
442 0 FBIS4-6243 0
442 0 FBIS4-63100 0
442 0 FBIS4-633 0
442 0 FBIS4-63640 0
442 0 FBIS4-63744 0
442 0 FBIS4-63859 0
442 0 FBIS4-641 0
442 0 FBIS4-64364 0
442 0 FBIS4-64582 0
442 0 FBIS4-64886 0
442 0 FBIS4-65400 0
442 0 FBIS4-65468 0
442 0 FBIS4-65499 0
442 0 FBIS4-65612 0
442 0 FBIS4-65651 0
442 0 FBIS4-65991 0
442 0 FBIS4-66161 0
442 0 FBIS4-66183 0
442 0 FBIS4-66265 0
442 0 FBIS4-66308 0
442 0 FBIS4-66311 0
442 0 FBIS4-66382 0
442 0 FBIS4-66604 0
442 0 FBIS4-67780 0
442 0 FBIS4-67877 0
442 0 FBIS4-6788 0
442 0 FBIS4-6789 0
442 0 FBIS4-6792 0
442 0 FBIS4-68110 0
442 0 FBIS4-68160 0
442 0 FBIS4-68173 0
442 0 FBIS4-68290 0
442 0 FBIS4-68310 0
442 0 FBIS4-68334 0
442 0 FBIS4-68347 0
442 0 FBIS4-68582 0
442 0 FBIS4-68831 0
442 0 FBIS4-68865 0
442 0 FBIS4-68893 0
442 0 FBIS4-7039 0
442 0 FBIS4-7149 0
442 0 FBIS4-7150 0
442 0 FBIS4-7378 0
442 0 FBIS4-7379 1
442 0 FBIS4-754 0
442 0 FBIS4-7615 0
442 0 FBIS4-769 0
442 0 FBIS4-7857 0
442 0 FBIS4-8222 0
442 0 FBIS4-8284 0
442 0 FBIS4-8531 0
442 0 FBIS4-8685 0
442 0 FBIS4-8984 0
442 0 FBIS4-9067 0
442 0 FBIS4-9272 0
442 0 FBIS4-9354 0
442 0 FBIS4-9497 0
442 0 FBIS4-9759 0
442 0 FBIS4-9832 0
442 0 FR940104-0-00019 0
442 0 FR940104-0-00032 0
442 0 FR940104-0-00033 0
442 0 FR940105-2-00009 0
442 0 FR940105-2-00011 0
442 0 FR940105-2-00064 0
442 0 FR940106-0-00020 0
442 0 FR940106-0-00055 0
442 0 FR940106-0-00125 0
442 0 FR940106-0-00126 0
442 0 FR940106-0-00128 0
442 0 FR940106-0-00129 0
442 0 FR940106-0-00149 0
442 0 FR940106-0-00157 0
442 0 FR940106-0-00158 0
442 0 FR940106-0-00161 0
442 0 FR940106-0-00167 0
442 0 FR940106-0-00168 0
442 0 FR940106-0-00171 0
442 0 FR940106-0-00174 0
442 0 FR940106-2-00062 0
442 0 FR940106-2-00068 0
442 0 FR940106-2-00070 0
442 0 FR940110-0-00034 0
442 0 FR940110-1-00042 0
442 0 FR940110-1-00111 0
442 0 FR940110-1-00113 0
442 0 FR940110-1-00114 0
442 0 FR940110-2-00087 0
442 0 FR940111-0-00022 0
442 0 FR940111-2-00075 0
442 0 FR940112-0-00024 0
442 0 FR940112-0-00032 0
442 0 FR940112-0-00033 0
442 0 FR940112-0-00035 0
442 0 FR940112-0-00036 0
442 0 FR940112-0-00039 0
442 0 FR940112-0-00040 0
442 0 FR940112-0-00042 0
442 0 FR940112-0-00071 0
442 0 FR940112-0-00076 0
442 0 FR940112-0-00096 0
442 0 FR940112-1-00035 0
442 0 FR940112-2-00080 0
442 0 FR940112-2-00084 0
442 0 FR940112-2-00085 0
442 0 FR940112-2-00087 0
442 0 FR940112-2-00127 0
442 0 FR940114-2-00169 0
442 0 FR940118-0-00058 0
442 0 FR940118-0-00076 0
442 0 FR940118-1-00026 0
442 0 FR940119-2-00059 0
442 0 FR940125-2-00005 0
442 0 FR940126-0-00005 0
442 0 FR940126-2-00009 0
442 0 FR940126-2-00087 0
442 0 FR940127-0-00011 0
442 0 FR940127-1-00037 0
442 0 FR940127-1-00091 0
442 0 FR940127-2-00012 0
442 0 FR940127-2-00018 0
442 0 FR940127-2-00034 0
442 0 FR940127-2-00087 0
442 0 FR940127-2-00107 0
442 0 FR940127-2-00110 0
442 0 FR940128-0-00024 0
442 0 FR940128-0-00030 0
442 0 FR940128-0-00031 0
442 0 FR940128-1-00080 0
442 0 FR940128-2-00190 0
442 0 FR940202-0-00031 0
442 0 FR940202-0-00032 0
442 0 FR940202-0-00091 0
442 0 FR940202-0-00093 0
442 0 FR940202-1-00045 0
442 0 FR940202-2-00018 0
442 0 FR940202-2-00054 0
442 0 FR940203-0-00084 0
442 0 FR940203-1-00008 0
442 0 FR940203-1-00069 0
442 0 FR940204-0-00046 0
442 0 FR940204-0-00047 0
442 0 FR940204-1-00023 0
442 0 FR940204-2-00039 0
442 0 FR940204-2-00093 0
442 0 FR940207-0-00014 0
442 0 FR940207-1-00011 0
442 0 FR940207-1-00019 0
442 0 FR940207-1-00030 0
442 0 FR940207-2-00083 0
442 0 FR940207-2-00092 0
442 0 FR940208-0-00003 0
442 0 FR940208-0-00005 0
442 0 FR940208-0-00019 0
442 0 FR940208-0-00105 0
442 0 FR940208-2-00074 0
442 0 FR940208-2-00133 0
442 0 FR940208-2-00187 0
442 0 FR940214-1-00039 0
442 0 FR940214-2-00057 0
442 0 FR940214-2-00086 0
442 0 FR940214-2-00097 0
442 0 FR940216-0-00241 0
442 0 FR940216-2-00014 0
442 0 FR940216-2-00021 0
442 0 FR940216-2-00036 0
442 0 FR940217-1-00012 0
442 0 FR940217-1-00016 0
442 0 FR940217-1-00028 0
442 0 FR940217-2-00015 0
442 0 FR940217-2-00101 0
442 0 FR940217-2-00127 0
442 0 FR940222-1-00016 0
442 0 FR940222-1-00018 0
442 0 FR940223-0-00022 0
442 0 FR940223-0-00023 0
442 0 FR940223-0-00024 0
442 0 FR940223-0-00027 0
442 0 FR940223-0-00028 0
442 0 FR940223-1-00050 0
442 0 FR940223-2-00059 0
442 0 FR940223-2-00142 0
442 0 FR940223-2-00227 0
442 0 FR940224-0-00056 0
442 0 FR940224-2-00099 0
442 0 FR940224-2-00118 0
442 0 FR940228-0-00035 0
442 0 FR940228-0-00048 0
442 0 FR940228-1-00046 0
442 0 FR940228-2-00064 0
442 0 FR940302-2-00082 0
442 0 FR940303-0-00012 0
442 0 FR940303-0-00027 0
442 0 FR940303-0-00028 0
442 0 FR940303-0-00053 0
442 0 FR940303-2-00097 0
442 0 FR940303-2-00098 0
442 0 FR940303-2-00201 0
442 0 FR940304-1-00130 0
442 0 FR940304-1-00143 0
442 0 FR940304-1-00148 0
442 0 FR940304-1-00153 0
442 0 FR940304-1-00156 0
442 0 FR940304-1-00165 0
442 0 FR940304-2-00068 0
442 0 FR940304-2-00095 0
442 0 FR940304-2-00100 0
442 0 FR940304-2-00101 0
442 0 FR940304-2-00102 0
442 0 FR940314-1-00040 0
442 0 FR940314-1-00049 0
442 0 FR940314-2-00103 0
442 0 FR940314-2-00106 0
442 0 FR940314-2-00111 0
442 0 FR940317-0-00037 0
442 0 FR940317-0-00045 0
442 0 FR940317-0-00057 0
442 0 FR940317-0-00061 0
442 0 FR940317-1-00167 0
442 0 FR940317-2-00051 0
442 0 FR940318-0-00105 0
442 0 FR940318-0-00106 0
442 0 FR940318-2-00058 0
442 0 FR940318-2-00162 0
442 0 FR940323-0-00110 0
442 0 FR940323-1-00014 0
442 0 FR940323-1-00019 0
442 0 FR940323-1-00020 0
442 0 FR940323-1-00021 0
442 0 FR940323-1-00030 0
442 0 FR940323-1-00031 0
442 0 FR940323-1-00052 0
442 0 FR940323-2-00103 0
442 0 FR940324-1-00023 0
442 0 FR940325-0-00011 0
442 0 FR940325-1-00091 0
442 0 FR940325-2-00043 0
442 0 FR940325-2-00050 0
442 0 FR940325-2-00054 0
442 0 FR940325-2-00073 0
442 0 FR940325-2-00108 0
442 0 FR940328-1-00016 0
442 0 FR940328-2-00031 0
442 0 FR940328-2-00051 0
442 0 FR940328-2-00119 0
442 0 FR940404-2-00066 0
442 0 FR940405-1-00004 0
442 0 FR940405-1-00128 0
442 0 FR940406-0-00004 0
442 0 FR940406-0-00006 0
442 0 FR940406-0-00010 0
442 0 FR940406-0-00047 0
442 0 FR940406-0-00048 0
442 0 FR940406-0-00084 0
442 0 FR940406-0-00190 0
442 0 FR940406-1-00003 0
442 0 FR940406-1-00004 0
442 0 FR940406-2-00081 0
442 0 FR940406-2-00167 0
442 0 FR940407-0-00012 0
442 0 FR940407-0-00032 0
442 0 FR940407-0-00090 0
442 0 FR940407-2-00005 0
442 0 FR940407-2-00043 0
442 0 FR940407-2-00072 0
442 0 FR940412-0-00005 0
442 0 FR940412-0-00011 0
442 0 FR940412-1-00004 0
442 0 FR940412-1-00037 0
442 0 FR940412-1-00042 0
442 0 FR940413-0-00064 0
442 0 FR940413-2-00015 0
442 0 FR940413-2-00041 0
442 0 FR940413-2-00047 0
442 0 FR940413-2-00079 0
442 0 FR940413-2-00130 0
442 0 FR940413-2-00136 0
442 0 FR940414-0-00011 0
442 0 FR940414-1-00022 0
442 0 FR940414-2-00025 0
442 0 FR940414-2-00117 0
442 0 FR940414-2-00118 0
442 0 FR940418-1-00038 0
442 0 FR940418-2-00026 0
442 0 FR940419-0-00050 0
442 0 FR940419-2-00037 0
442 0 FR940419-2-00049 0
442 0 FR940419-2-00138 0
442 0 FR940425-2-00083 0
442 0 FR940425-2-00100 0
442 0 FR940426-1-00015 0
442 0 FR940426-1-00055 0
442 0 FR940426-1-00073 0
442 0 FR940426-1-00086 0
442 0 FR940426-1-00139 0
442 0 FR940426-2-00133 0
442 0 FR940428-0-00016 0
442 0 FR940428-0-00038 0
442 0 FR940428-1-00039 0
442 0 FR940428-2-00145 0
442 0 FR940429-0-00299 0
442 0 FR940429-2-00071 0
442 0 FR940503-1-00035 0
442 0 FR940503-1-00041 0
442 0 FR940503-1-00054 0
442 0 FR940503-2-00155 0
442 0 FR940504-2-00002 0
442 0 FR940506-2-00088 0
442 0 FR940511-2-00094 0
442 0 FR940511-2-00215 0
442 0 FR940512-1-00005 0
442 0 FR940512-1-00007 0
442 0 FR940512-1-00008 0
442 0 FR940512-1-00037 0
442 0 FR940512-1-00038 0
442 0 FR940512-1-00058 0
442 0 FR940512-1-00061 0
442 0 FR940512-2-00012 0
442 0 FR940512-2-00132 0
442 0 FR940512-2-00172 0
442 0 FR940512-2-00181 0
442 0 FR940513-2-00089 0
442 0 FR940516-0-00065 0
442 0 FR940516-0-00077 0
442 0 FR940516-1-00003 0
442 0 FR940516-1-00007 0
442 0 FR940516-1-00023 0
442 0 FR940516-1-00025 0
442 0 FR940516-1-00035 0
442 0 FR940516-2-00143 0
442 0 FR940516-2-00149 0
442 0 FR940516-2-00150 0
442 0 FR940523-0-00058 0
442 0 FR940523-2-00128 0
442 0 FR940524-1-00004 0
442 0 FR940524-1-00089 0
442 0 FR940524-2-00016 0
442 0 FR940524-2-00055 0
442 0 FR940525-0-00010 0
442 0 FR940525-0-00033 0
442 0 FR940525-1-00060 0
442 0 FR940525-1-00062 0
442 0 FR940525-1-00078 0
442 0 FR940525-2-00010 0
442 0 FR940525-2-00085 0
442 0 FR940525-2-00089 0
442 0 FR940525-2-00215 0
442 0 FR940526-2-00079 0
442 0 FR940526-2-00189 0
442 0 FR940527-0-00052 0
442 0 FR940527-1-00082 0
442 0 FR940527-2-00068 0
442 0 FR940527-2-00090 0
442 0 FR940527-2-00110 0
442 0 FR940527-2-00114 0
442 0 FR940527-2-00152 0
442 0 FR940602-1-00097 0
442 0 FR940603-2-00052 0
442 0 FR940606-0-00013 0
442 0 FR940606-0-00014 0
442 0 FR940606-2-00088 0
442 0 FR940607-0-00085 0
442 0 FR940607-2-00036 0
442 0 FR940607-2-00043 0
442 0 FR940607-2-00104 0
442 0 FR940607-2-00115 0
442 0 FR940610-0-00036 0
442 0 FR940610-0-00042 0
442 0 FR940610-2-00206 0
442 0 FR940613-0-00144 0
442 0 FR940613-1-00019 0
442 0 FR940613-1-00026 0
442 0 FR940613-1-00040 0
442 0 FR940613-1-00049 0
442 0 FR940616-0-00098 0
442 0 FR940616-0-00103 0
442 0 FR940617-0-00077 0
442 0 FR940617-2-00087 0
442 0 FR940617-2-00129 0
442 0 FR940617-2-00164 0
442 0 FR940620-0-00069 0
442 0 FR940620-1-00014 0
442 0 FR940620-1-00023 0
442 0 FR940620-1-00024 0
442 0 FR940620-2-00078 0
442 0 FR940621-0-00031 0
442 0 FR940621-1-00011 0
442 0 FR940621-1-00012 0
442 0 FR940621-2-00089 0
442 0 FR940621-2-00094 0
442 0 FR940622-0-00007 0
442 0 FR940622-0-00024 0
442 0 FR940622-0-00025 0
442 0 FR940622-0-00026 0
442 0 FR940622-0-00027 0
442 0 FR940622-0-00037 0
442 0 FR940622-0-00042 0
442 0 FR940622-0-00065 0
442 0 FR940622-0-00066 0
442 0 FR940622-0-00067 0
442 0 FR940622-2-00075 0
442 0 FR940627-0-00056 0
442 0 FR940627-0-00057 0
442 0 FR940627-0-00062 0
442 0 FR940627-0-00171 0
442 0 FR940627-0-00245 0
442 0 FR940627-2-00002 0
442 0 FR940627-2-00011 0
442 0 FR940627-2-00035 0
442 0 FR940627-2-00046 0
442 0 FR940627-2-00087 0
442 0 FR940628-0-00005 0
442 0 FR940628-1-00049 0
442 0 FR940628-2-00012 0
442 0 FR940630-0-00071 0
442 0 FR940630-0-00079 0
442 0 FR940630-2-00177 0
442 0 FR940705-0-00069 0
442 0 FR940705-2-00043 0
442 0 FR940706-2-00033 0
442 0 FR940706-2-00046 0
442 0 FR940706-2-00097 0
442 0 FR940707-2-00077 0
442 0 FR940707-2-00143 0
442 0 FR940707-2-00172 0
442 0 FR940711-0-00002 0
442 0 FR940711-1-00045 0
442 0 FR940711-1-00046 0
442 0 FR940711-2-00061 0
442 0 FR940711-2-00087 0
442 0 FR940711-2-00108 0
442 0 FR940711-2-00113 0
442 0 FR940713-2-00053 0
442 0 FR940719-0-00039 0
442 0 FR940719-0-00042 0
442 0 FR940719-0-00061 0
442 0 FR940719-0-00062 0
442 0 FR940719-2-00082 0
442 0 FR940719-2-00083 0
442 0 FR940720-1-00009 0
442 0 FR940720-1-00010 0
442 0 FR940720-1-00012 0
442 0 FR940721-1-00092 0
442 0 FR940721-2-00035 0
442 0 FR940721-2-00049 0
442 0 FR940721-2-00054 0
442 0 FR940721-2-00062 0
442 0 FR940721-2-00069 0
442 0 FR940721-2-00070 0
442 0 FR940721-2-00071 0
442 0 FR940721-2-00072 0
442 0 FR940721-2-00122 0
442 0 FR940721-2-00158 0
442 0 FR940721-2-00167 0
442 0 FR940722-1-00030 0
442 0 FR940722-2-00085 0
442 0 FR940725-0-00087 0
442 0 FR940725-0-00088 0
442 0 FR940725-1-00013 0
442 0 FR940727-0-00066 0
442 0 FR940727-0-00072 0
442 0 FR940728-1-00023 0
442 0 FR940728-1-00024 0
442 0 FR940728-2-00050 0
442 0 FR940802-0-00069 0
442 0 FR940803-0-00010 0
442 0 FR940803-0-00063 0
442 0 FR940803-2-00061 0
442 0 FR940804-0-00048 0
442 0 FR940804-0-00052 0
442 0 FR940804-0-00090 0
442 0 FR940804-0-00097 0
442 0 FR940804-1-00034 0
442 0 FR940804-1-00057 0
442 0 FR940804-2-00062 0
442 0 FR940805-2-00144 0
442 0 FR940810-0-00186 0
442 0 FR940810-1-00066 0
442 0 FR940810-2-00111 0
442 0 FR940810-2-00114 0
442 0 FR940811-2-00077 0
442 0 FR940811-2-00078 0
442 0 FR940812-0-00036 0
442 0 FR940812-0-00038 0
442 0 FR940812-0-00039 0
442 0 FR940812-0-00040 0
442 0 FR940812-0-00041 0
442 0 FR940812-0-00042 0
442 0 FR940812-0-00043 0
442 0 FR940812-0-00045 0
442 0 FR940812-1-00015 0
442 0 FR940812-2-00170 0
442 0 FR940812-2-00229 0
442 0 FR940816-0-00003 0
442 0 FR940817-0-00008 0
442 0 FR940817-0-00023 0
442 0 FR940817-2-00004 0
442 0 FR940817-2-00154 0
442 0 FR940817-2-00165 0
442 0 FR940819-1-00028 0
442 0 FR940822-0-00041 0
442 0 FR940822-0-00067 0
442 0 FR940822-0-00077 0
442 0 FR940822-2-00063 0
442 0 FR940822-2-00065 0
442 0 FR940822-2-00067 0
442 0 FR940822-2-00071 0
442 0 FR940822-2-00128 0
442 0 FR940825-0-00040 0
442 0 FR940825-0-00105 0
442 0 FR940825-1-00028 0
442 0 FR940825-1-00037 0
442 0 FR940825-1-00038 0
442 0 FR940825-1-00137 0
442 0 FR940826-0-00148 0
442 0 FR940826-1-00032 0
442 0 FR940826-2-00115 0
442 0 FR940826-2-00161 0
442 0 FR940830-1-00040 0
442 0 FR940830-1-00043 0
442 0 FR940830-1-00044 0
442 0 FR940830-1-00045 0
442 0 FR940830-2-00036 0
442 0 FR940831-0-00040 0
442 0 FR940831-0-00043 0
442 0 FR940831-0-00046 0
442 0 FR940831-0-00047 0
442 0 FR940831-0-00048 0
442 0 FR940831-1-00024 0
442 0 FR940831-2-00107 0
442 0 FR940902-0-00028 0
442 0 FR940902-0-00042 0
442 0 FR940902-0-00044 0
442 0 FR940902-0-00053 0
442 0 FR940902-0-00068 0
442 0 FR940902-0-00069 0
442 0 FR940902-0-00077 0
442 0 FR940902-0-00090 0
442 0 FR940902-0-00120 0
442 0 FR940902-2-00106 0
442 0 FR940902-2-00110 0
442 0 FR940906-0-00005 0
442 0 FR940906-1-00016 0
442 0 FR940912-0-00026 0
442 0 FR940912-0-00027 0
442 0 FR940912-0-00028 0
442 0 FR940912-1-00051 0
442 0 FR940912-2-00053 0
442 0 FR940913-2-00011 0
442 0 FR940919-0-00029 0
442 0 FR940919-0-00114 0
442 0 FR940919-2-00012 0
442 0 FR940919-2-00074 0
442 0 FR940919-2-00075 0
442 0 FR940919-2-00078 0
442 0 FR940919-2-00083 0
442 0 FR940919-2-00084 0
442 0 FR940919-2-00090 0
442 0 FR940919-2-00091 0
442 0 FR940919-2-00093 0
442 0 FR940919-2-00094 0
442 0 FR940919-2-00095 0
442 0 FR940919-2-00104 0
442 0 FR940920-1-00009 0
442 0 FR940920-1-00012 0
442 0 FR940920-1-00016 0
442 0 FR940920-1-00116 0
442 0 FR940920-2-00156 0
442 0 FR940921-0-00012 0
442 0 FR940922-2-00126 0
442 0 FR940927-2-00072 0
442 0 FR940928-1-00051 0
442 0 FR940928-2-00055 0
442 0 FR940930-0-00095 0
442 0 FR940930-2-00172 0
442 0 FR940930-2-00187 0
442 0 FR941003-1-00090 0
442 0 FR941004-0-00007 0
442 0 FR941006-1-00128 0
442 0 FR941006-2-00189 0
442 0 FR941007-0-00060 0
442 0 FR941007-0-00062 0
442 0 FR941007-2-00099 0
442 0 FR941011-0-00033 0
442 0 FR941011-0-00036 0
442 0 FR941011-0-00037 0
442 0 FR941011-2-00007 0
442 0 FR941012-0-00030 0
442 0 FR941012-2-00106 0
442 0 FR941013-1-00033 0
442 0 FR941013-1-00088 0
442 0 FR941013-1-00089 0
442 0 FR941017-1-00039 0
442 0 FR941017-1-00040 0
442 0 FR941017-1-00042 0
442 0 FR941017-2-00056 0
442 0 FR941017-2-00080 0
442 0 FR941019-0-00079 0
442 0 FR941019-2-00006 0
442 0 FR941019-2-00028 0
442 0 FR941020-2-00060 0
442 0 FR941020-2-00065 0
442 0 FR941020-2-00130 0
442 0 FR941021-2-00128 0
442 0 FR941026-0-00053 0
442 0 FR941026-0-00054 0
442 0 FR941026-0-00063 0
442 0 FR941026-0-00064 0
442 0 FR941026-0-00066 0
442 0 FR941026-1-00012 0
442 0 FR941026-1-00027 0
442 0 FR941026-1-00032 0
442 0 FR941026-2-00044 0
442 0 FR941026-2-00061 0
442 0 FR941027-0-00017 0
442 0 FR941027-1-00012 0
442 0 FR941027-1-00030 0
442 0 FR941027-2-00040 0
442 0 FR941027-2-00051 0
442 0 FR941027-2-00081 0
442 0 FR941027-2-00082 0
442 0 FR941027-2-00083 0
442 0 FR941027-2-00084 0
442 0 FR941027-2-00085 0
442 0 FR941031-2-00085 0
442 0 FR941031-2-00086 0
442 0 FR941102-0-00017 0
442 0 FR941102-0-00026 0
442 0 FR941102-1-00029 0
442 0 FR941102-1-00035 0
442 0 FR941103-2-00045 0
442 0 FR941104-2-00103 0
442 0 FR941107-2-00067 0
442 0 FR941110-0-00230 0
442 0 FR941110-0-00253 0
442 0 FR941110-1-00022 0
442 0 FR941116-2-00048 0
442 0 FR941117-0-00030 0
442 0 FR941117-0-00036 0
442 0 FR941117-0-00037 0
442 0 FR941117-0-00210 0
442 0 FR941117-1-00009 0
442 0 FR941117-2-00158 0
442 0 FR941121-0-00020 0
442 0 FR941121-0-00021 0
442 0 FR941121-0-00025 0
442 0 FR941121-0-00026 0
442 0 FR941122-2-00068 0
442 0 FR941128-2-00101 0
442 0 FR941128-2-00129 0
442 0 FR941128-2-00131 0
442 0 FR941128-2-00132 0
442 0 FR941128-2-00137 0
442 0 FR941130-0-00015 0
442 0 FR941130-0-00123 0
442 0 FR941202-0-00102 0
442 0 FR941202-0-00177 0
442 0 FR941202-2-00073 0
442 0 FR941202-2-00139 0
442 0 FR941202-2-00173 0
442 0 FR941202-2-00179 0
442 0 FR941202-2-00219 0
442 0 FR941205-0-00061 0
442 0 FR941205-1-00069 0
442 0 FR941205-2-00035 0
442 0 FR941205-2-00036 0
442 0 FR941205-2-00037 0
442 0 FR941205-2-00038 0
442 0 FR941205-2-00039 0
442 0 FR941205-2-00040 0
442 0 FR941205-2-00041 0
442 0 FR941205-2-00138 0
442 0 FR941205-2-00170 0
442 0 FR941206-2-00062 0
442 0 FR941207-0-00126 0
442 0 FR941207-2-00068 0
442 0 FR941212-0-00020 0
442 0 FR941212-0-00117 0
442 0 FR941213-0-00084 0
442 0 FR941216-2-00138 0
442 0 FR941219-0-00062 0
442 0 FR941220-0-00039 0
442 0 FR941221-2-00021 0
442 0 FR941222-0-00041 0
442 0 FR941222-2-00037 0
442 0 FR941227-0-00116 0
442 0 FR941227-0-00117 0
442 0 FR941227-2-00084 0
442 0 FR941227-2-00085 0
442 0 FR941227-2-00147 0
442 0 FR941230-0-00106 0
442 0 FR941230-0-00123 0
442 0 FT911-1308 0
442 0 FT911-1352 0
442 0 FT911-1974 0
442 0 FT911-2278 0
442 0 FT911-2517 0
442 0 FT911-2784 0
442 0 FT911-2913 0
442 0 FT911-3133 0
442 0 FT911-3357 0
442 0 FT911-3529 0
442 0 FT911-4167 0
442 0 FT911-428 0
442 0 FT911-4474 0
442 0 FT911-5255 0
442 0 FT921-11214 0
442 0 FT921-11648 0
442 0 FT921-12555 0
442 0 FT921-14304 0
442 0 FT921-14441 0
442 0 FT921-14522 0
442 0 FT921-15457 0
442 0 FT921-1619 0
442 0 FT921-16622 0
442 0 FT921-1759 0
442 0 FT921-1892 0
442 0 FT921-2350 0
442 0 FT921-2656 0
442 0 FT921-2795 0
442 0 FT921-3337 0
442 0 FT921-3343 0
442 0 FT921-3670 0
442 0 FT921-4035 0
442 0 FT921-498 0
442 0 FT921-5017 0
442 0 FT921-5984 0
442 0 FT921-5987 0
442 0 FT921-6443 0
442 0 FT921-6445 0
442 0 FT921-6850 0
442 0 FT921-8323 0
442 0 FT921-9114 0
442 0 FT921-9779 0
442 0 FT922-1002 0
442 0 FT922-10144 0
442 0 FT922-11047 0
442 0 FT922-12613 0
442 0 FT922-13057 0
442 0 FT922-13394 0
442 0 FT922-13403 0
442 0 FT922-14719 0
442 0 FT922-14725 0
442 0 FT922-14925 0
442 0 FT922-15267 0
442 0 FT922-2703 0
442 0 FT922-3299 0
442 0 FT922-3713 0
442 0 FT922-3928 0
442 0 FT922-4076 0
442 0 FT922-477 0
442 0 FT922-5182 0
442 0 FT922-5452 0
442 0 FT922-577 0
442 0 FT922-6089 0
442 0 FT922-6157 0
442 0 FT922-6844 0
442 0 FT922-6990 0
442 0 FT922-7694 0
442 0 FT922-7713 0
442 0 FT922-7914 0
442 0 FT922-8374 0
442 0 FT922-8787 0
442 0 FT922-8914 0
442 0 FT923-10540 0
442 0 FT923-12326 0
442 0 FT923-12530 0
442 0 FT923-12867 0
442 0 FT923-14775 0
442 0 FT923-15471 0
442 0 FT923-15570 0
442 0 FT923-1573 0
442 0 FT923-1793 0
442 0 FT923-1958 0
442 0 FT923-2451 0
442 0 FT923-4364 0
442 0 FT923-4405 0
442 0 FT923-4593 0
442 0 FT923-4963 0
442 0 FT923-5183 0
442 0 FT923-5386 0
442 0 FT923-5534 0
442 0 FT923-6162 0
442 0 FT923-6468 0
442 0 FT923-7544 0
442 0 FT923-811 0
442 0 FT923-8452 0
442 0 FT923-8848 0
442 0 FT923-9330 0
442 0 FT923-9513 0
442 0 FT923-9987 0
442 0 FT924-10204 0
442 0 FT924-10364 1
442 0 FT924-10420 0
442 0 FT924-10981 0
442 0 FT924-11467 0
442 0 FT924-11629 0
442 0 FT924-11670 0
442 0 FT924-11987 0
442 0 FT924-12529 0
442 0 FT924-13845 0
442 0 FT924-1395 0
442 0 FT924-14148 0
442 0 FT924-14515 0
442 0 FT924-14763 0
442 0 FT924-14765 0
442 0 FT924-15589 0
442 0 FT924-15706 0
442 0 FT924-15813 0
442 0 FT924-15974 0
442 0 FT924-1617 0
442 0 FT924-2346 0
442 0 FT924-2848 0
442 0 FT924-4251 0
442 0 FT924-5202 0
442 0 FT924-5534 0
442 0 FT924-6319 0
442 0 FT924-652 0
442 0 FT924-6850 0
442 0 FT924-928 0
442 0 FT924-9289 0
442 0 FT924-9441 0
442 0 FT931-11327 0
442 0 FT931-12049 0
442 0 FT931-13225 0
442 0 FT931-13890 0
442 0 FT931-13952 0
442 0 FT931-1516 0
442 0 FT931-15786 0
442 0 FT931-15787 0
442 0 FT931-16379 0
442 0 FT931-1944 0
442 0 FT931-2728 0
442 0 FT931-3048 0
442 0 FT931-3052 0
442 0 FT931-3815 0
442 0 FT931-4427 0
442 0 FT931-6672 0
442 0 FT931-8063 0
442 0 FT931-9428 0
442 0 FT932-10387 0
442 0 FT932-1170 0
442 0 FT932-13707 0
442 0 FT932-13951 0
442 0 FT932-14513 0
442 0 FT932-14567 0
442 0 FT932-15097 0
442 0 FT932-15115 0
442 0 FT932-15956 0
442 0 FT932-16412 0
442 0 FT932-17358 0
442 0 FT932-2173 0
442 0 FT932-3201 0
442 0 FT932-3292 0
442 0 FT932-3633 0
442 0 FT932-3767 0
442 0 FT932-3975 0
442 0 FT932-4745 0
442 0 FT932-5027 0
442 0 FT932-5299 0
442 0 FT932-6122 0
442 0 FT932-7469 0
442 0 FT932-7507 1
442 0 FT932-8947 0
442 0 FT933-10005 0
442 0 FT933-10459 0
442 0 FT933-11237 0
442 0 FT933-1137 0
442 0 FT933-11489 0
442 0 FT933-12256 0
442 0 FT933-13069 0
442 0 FT933-13083 0
442 0 FT933-13106 0
442 0 FT933-13327 0
442 0 FT933-14274 0
442 0 FT933-14562 0
442 0 FT933-14889 0
442 0 FT933-15331 0
442 0 FT933-16124 0
442 0 FT933-175 0
442 0 FT933-2776 0
442 0 FT933-3439 0
442 0 FT933-3840 0
442 0 FT933-423 0
442 0 FT933-4417 0
442 0 FT933-4579 0
442 0 FT933-4680 0
442 0 FT933-5127 0
442 0 FT933-5135 0
442 0 FT933-559 0
442 0 FT933-5750 0
442 0 FT933-6270 0
442 0 FT933-6689 0
442 0 FT933-8028 0
442 0 FT933-8408 0
442 0 FT933-9273 0
442 0 FT933-9711 0
442 0 FT934-10308 0
442 0 FT934-11387 0
442 0 FT934-11512 0
442 0 FT934-11565 0
442 0 FT934-11785 0
442 0 FT934-12144 0
442 0 FT934-12753 0
442 0 FT934-12933 0
442 0 FT934-1398 0
442 0 FT934-14283 0
442 0 FT934-14677 0
442 0 FT934-15717 0
442 0 FT934-17022 0
442 0 FT934-220 0
442 0 FT934-2513 0
442 0 FT934-3479 0
442 0 FT934-3699 0
442 0 FT934-4215 0
442 0 FT934-4299 0
442 0 FT934-4770 0
442 0 FT934-4775 0
442 0 FT934-5048 0
442 0 FT934-5058 0
442 0 FT934-5064 0
442 0 FT934-5306 0
442 0 FT934-5812 0
442 0 FT934-6597 0
442 0 FT934-7039 0
442 0 FT934-704 0
442 0 FT934-7860 0
442 0 FT934-825 0
442 0 FT934-8381 0
442 0 FT934-8587 0
442 0 FT934-8680 0
442 0 FT934-8687 0
442 0 FT941-1019 0
442 0 FT941-10271 0
442 0 FT941-1039 0
442 0 FT941-11121 0
442 0 FT941-1176 0
442 0 FT941-12783 0
442 0 FT941-12805 0
442 0 FT941-13887 0
442 0 FT941-14372 0
442 0 FT941-15248 0
442 0 FT941-15926 0
442 0 FT941-16078 0
442 0 FT941-16124 0
442 0 FT941-16311 0
442 0 FT941-16644 0
442 0 FT941-17092 0
442 0 FT941-17664 0
442 0 FT941-4036 0
442 0 FT941-4764 0
442 0 FT941-5017 0
442 0 FT941-5039 0
442 0 FT941-5283 0
442 0 FT941-6767 0
442 0 FT941-7167 0
442 0 FT941-7551 0
442 0 FT941-8363 0
442 0 FT941-8926 0
442 0 FT942-10587 0
442 0 FT942-1059 0
442 0 FT942-11553 0
442 0 FT942-11614 0
442 0 FT942-1175 0
442 0 FT942-12013 0
442 0 FT942-12018 0
442 0 FT942-12127 0
442 0 FT942-13606 0
442 0 FT942-1404 0
442 0 FT942-1423 0
442 0 FT942-14363 0
442 0 FT942-15077 0
442 0 FT942-1514 0
442 0 FT942-15517 0
442 0 FT942-15720 0
442 0 FT942-15737 0
442 0 FT942-16503 0
442 0 FT942-16661 0
442 0 FT942-16881 0
442 0 FT942-16911 0
442 0 FT942-184 0
442 0 FT942-1994 0
442 0 FT942-2375 0
442 0 FT942-2384 0
442 0 FT942-2483 0
442 0 FT942-2550 0
442 0 FT942-2826 0
442 0 FT942-3243 0
442 0 FT942-3594 0
442 0 FT942-3841 0
442 0 FT942-4041 0
442 0 FT942-4311 0
442 0 FT942-4806 0
442 0 FT942-4885 0
442 0 FT942-5013 0
442 0 FT942-5417 0
442 0 FT942-7428 0
442 0 FT942-7648 0
442 0 FT942-8107 0
442 0 FT943-111 0
442 0 FT943-11172 0
442 0 FT943-11442 0
442 0 FT943-11555 0
442 0 FT943-11619 0
442 0 FT943-11864 0
442 0 FT943-12496 0
442 0 FT943-12875 0
442 0 FT943-12918 0
442 0 FT943-13335 0
442 0 FT943-13573 0
442 0 FT943-13612 0
442 0 FT943-13937 0
442 0 FT943-14714 0
442 0 FT943-15305 0
442 0 FT943-2664 0
442 0 FT943-2723 0
442 0 FT943-3183 0
442 0 FT943-4043 0
442 0 FT943-5405 0
442 0 FT943-5841 0
442 0 FT943-6033 0
442 0 FT943-6181 0
442 0 FT943-8674 0
442 0 FT943-8981 0
442 0 FT944-10275 0
442 0 FT944-1058 0
442 0 FT944-10934 0
442 0 FT944-12035 0
442 0 FT944-12136 0
442 0 FT944-12381 0
442 0 FT944-12930 0
442 0 FT944-13107 0
442 0 FT944-13686 0
442 0 FT944-13917 0
442 0 FT944-14089 0
442 0 FT944-14388 0
442 0 FT944-14964 0
442 0 FT944-15030 0
442 0 FT944-15755 0
442 0 FT944-15804 0
442 0 FT944-16024 0
442 0 FT944-16701 0
442 0 FT944-17176 0
442 0 FT944-18221 0
442 0 FT944-18750 0
442 0 FT944-2254 0
442 0 FT944-2261 0
442 0 FT944-2266 0
442 0 FT944-26 0
442 0 FT944-2702 0
442 0 FT944-2707 0
442 0 FT944-2987 0
442 0 FT944-3497 0
442 0 FT944-4897 0
442 0 FT944-5407 0
442 0 FT944-5931 0
442 0 FT944-6207 0
442 0 FT944-6219 0
442 0 FT944-6228 0
442 0 FT944-637 0
442 0 FT944-6682 0
442 0 FT944-6942 0
442 0 FT944-7624 0
442 0 FT944-7834 0
442 0 FT944-846 0
442 0 FT944-8896 0
442 0 FT944-9005 0
442 0 FT944-9154 0
442 0 FT944-9943 0
442 0 LA010290-0004 0
442 0 LA010390-0048 0
442 0 LA010490-0199 0
442 0 LA010589-0084 1
442 0 LA010590-0193 0
442 0 LA010689-0155 0
442 0 LA011089-0002 0
442 0 LA011189-0086 0
442 0 LA011190-0043 0
442 0 LA011289-0009 0
442 0 LA011390-0058 0
442 0 LA011490-0016 0
442 0 LA011589-0002 0
442 0 LA011589-0005 0
442 0 LA011589-0161 0
442 0 LA011590-0032 0
442 0 LA011990-0040 0
442 0 LA012089-0026 0
442 0 LA012090-0130 0
442 0 LA012190-0012 0
442 0 LA012190-0075 0
442 0 LA012289-0047 0
442 0 LA012289-0088 0
442 0 LA012390-0058 0
442 0 LA012489-0011 0
442 0 LA012490-0018 0
442 0 LA012590-0020 1
442 0 LA012689-0098 0
442 0 LA012789-0065 0
442 0 LA012789-0141 0
442 0 LA012889-0051 0
442 0 LA012889-0132 0
442 0 LA012990-0128 0
442 0 LA020190-0181 0
442 0 LA020389-0013 0
442 0 LA020390-0077 0
442 0 LA020489-0108 0
442 0 LA020489-0134 0
442 0 LA020490-0073 0
442 0 LA020490-0237 0
442 0 LA020589-0007 0
442 0 LA020890-0076 0
442 0 LA021089-0009 0
442 0 LA021089-0011 0
442 0 LA021090-0035 0
442 0 LA021289-0027 0
442 0 LA021289-0051 0
442 0 LA021389-0085 0
442 0 LA021489-0121 0
442 0 LA021790-0008 0
442 0 LA022190-0014 1
442 0 LA022290-0136 1
442 0 LA022390-0043 1
442 0 LA022390-0054 1
442 0 LA022390-0069 1
442 0 LA022390-0109 0
442 0 LA022590-0017 0
442 0 LA022590-0088 0
442 0 LA022689-0006 0
442 0 LA022689-0106 0
442 0 LA022689-0107 0
442 0 LA022690-0117 0
442 0 LA022889-0145 0
442 0 LA030190-0117 0
442 0 LA030289-0013 0
442 0 LA030289-0087 0
442 0 LA030390-0016 0
442 0 LA030989-0006 0
442 0 LA031190-0108 0
442 0 LA031190-0183 0
442 0 LA031289-0051 0
442 0 LA031289-0128 0
442 0 LA031290-0005 0
442 0 LA031489-0059 0
442 0 LA031590-0056 0
442 0 LA031889-0096 0
442 0 LA031989-0179 0
442 0 LA032190-0009 0
442 0 LA032190-0153 0
442 0 LA032290-0211 1
442 0 LA032390-0019 0
442 0 LA032590-0067 0
442 0 LA032990-0080 0
442 0 LA032990-0132 0
442 0 LA033090-0070 0
442 0 LA033090-0135 0
442 0 LA033189-0025 0
442 0 LA033189-0090 0
442 0 LA040190-0018 0
442 0 LA040190-0217 0
442 0 LA040289-0066 0
442 0 LA040289-0158 0
442 0 LA040390-0146 0
442 0 LA040489-0026 0
442 0 LA040489-0028 0
442 0 LA040590-0166 0
442 0 LA040789-0138 1
442 0 LA040889-0027 0
442 0 LA040889-0028 0
442 0 LA040889-0053 0
442 0 LA040989-0085 0
442 0 LA040990-0026 0
442 0 LA040990-0037 0
442 0 LA041089-0010 0
442 0 LA041190-0174 0
442 0 LA041290-0164 0
442 0 LA041290-0247 0
442 0 LA041389-0016 0
442 0 LA041389-0097 0
442 0 LA041390-0210 0
442 0 LA041490-0063 0
442 0 LA041490-0066 0
442 0 LA041490-0130 0
442 0 LA041590-0157 0
442 0 LA041689-0019 0
442 0 LA041689-0127 0
442 0 LA041889-0009 0
442 0 LA041889-0042 1
442 0 LA041889-0058 0
442 0 LA041890-0072 0
442 0 LA041989-0053 0
442 0 LA041990-0164 0
442 0 LA042089-0125 0
442 0 LA042190-0024 0
442 0 LA042289-0075 1
442 0 LA042290-0001 0
442 0 LA042290-0203 0
442 0 LA042490-0147 0
442 0 LA042689-0088 0
442 0 LA042690-0175 0
442 0 LA042890-0079 1
442 0 LA042890-0104 0
442 0 LA042890-0157 0
442 0 LA042990-0180 0
442 0 LA043090-0002 0
442 0 LA043090-0107 0
442 0 LA050189-0025 1
442 0 LA050190-0067 0
442 0 LA050190-0198 0
442 0 LA050289-0058 0
442 0 LA050389-0001 1
442 0 LA050389-0011 1
442 0 LA050389-0054 0
442 0 LA050389-0126 0
442 0 LA050489-0159 1
442 0 LA050489-0200 0
442 0 LA050490-0183 0
442 0 LA050590-0063 0
442 0 LA050689-0050 0
442 0 LA050689-0107 0
442 0 LA050789-0150 0
442 0 LA050890-0030 0
442 0 LA050890-0094 0
442 0 LA050890-0125 0
442 0 LA050990-0148 0
442 0 LA050990-0168 0
442 0 LA050990-0175 0
442 0 LA051089-0019 0
442 0 LA051089-0044 0
442 0 LA051190-0126 1
442 0 LA051289-0004 0
442 0 LA051290-0002 1
442 0 LA051389-0101 0
442 0 LA051390-0007 0
442 0 LA051390-0034 0
442 0 LA051390-0129 0
442 0 LA051490-0029 0
442 0 LA051490-0032 0
442 0 LA051790-0168 0
442 0 LA051989-0013 0
442 0 LA051990-0143 1
442 0 LA052089-0073 0
442 0 LA052090-0065 1
442 0 LA052090-0099 0
442 0 LA052189-0093 1
442 0 LA052189-0154 0
442 0 LA052289-0029 0
442 0 LA052290-0102 0
442 0 LA052490-0162 0
442 0 LA052589-0194 0
442 0 LA052690-0127 0
442 0 LA052690-0139 0
442 0 LA052789-0104 0
442 0 LA052889-0082 0
442 0 LA052889-0097 0
442 0 LA052990-0158 0
442 0 LA053089-0057 0
442 0 LA053089-0090 0
442 0 LA060289-0129 0
442 0 LA060290-0004 1
442 0 LA060290-0147 0
442 0 LA060389-0124 0
442 0 LA060690-0005 0
442 0 LA060790-0010 0
442 0 LA060989-0007 1
442 0 LA060989-0101 0
442 0 LA060989-0106 0
442 0 LA061090-0001 0
442 0 LA061090-0153 0
442 0 LA061090-0242 0
442 0 LA061189-0080 0
442 0 LA061389-0023 0
442 0 LA061589-0084 0
442 0 LA061790-0118 0
442 0 LA061790-0176 0
442 0 LA061990-0169 1
442 0 LA062290-0153 0
442 0 LA062489-0031 0
442 0 LA062490-0206 0
442 0 LA062490-0232 0
442 0 LA062589-0045 0
442 0 LA062589-0098 0
442 0 LA062589-0139 0
442 0 LA062790-0021 0
442 0 LA062889-0049 0
442 0 LA062989-0094 0
442 0 LA063089-0057 0
442 0 LA063090-0043 0
442 0 LA070189-0063 0
442 0 LA070190-0115 0
442 0 LA070389-0002 0
442 0 LA070390-0131 0
442 0 LA070689-0080 0
442 0 LA070690-0010 0
442 0 LA070690-0145 0
442 0 LA070789-0146 0
442 0 LA071089-0049 0
442 0 LA071090-0019 0
442 0 LA071090-0141 0
442 0 LA071090-0172 0
442 0 LA071289-0037 0
442 0 LA071389-0061 0
442 0 LA071490-0011 0
442 0 LA071590-0110 0
442 0 LA071590-0115 0
442 0 LA071689-0131 1
442 0 LA071689-0185 0
442 0 LA071989-0044 0
442 0 LA072089-0136 1
442 0 LA072089-0137 0
442 0 LA072089-0140 0
442 0 LA072189-0152 0
442 0 LA072289-0086 0
442 0 LA072389-0006 0
442 0 LA072389-0059 0
442 0 LA072390-0134 0
442 0 LA072489-0047 0
442 0 LA072489-0080 0
442 0 LA072589-0032 0
442 0 LA072589-0135 0
442 0 LA072590-0017 1
442 0 LA072590-0163 0
442 0 LA072690-0254 0
442 0 LA072789-0150 0
442 0 LA072790-0069 1
442 0 LA072990-0037 0
442 0 LA072990-0062 0
442 0 LA073089-0142 0
442 0 LA080189-0133 0
442 0 LA080289-0014 1
442 0 LA080290-0086 0
442 0 LA080389-0091 0
442 0 LA080590-0187 0
442 0 LA080689-0163 0
442 0 LA080890-0055 0
442 0 LA080990-0068 0
442 0 LA081290-0003 0
442 0 LA081290-0031 0
442 0 LA081390-0124 0
442 0 LA081490-0047 0
442 0 LA081889-0029 0
442 0 LA081990-0199 0
442 0 LA082089-0005 1
442 0 LA082089-0074 1
442 0 LA082089-0135 0
442 0 LA082089-0193 0
442 0 LA082390-0070 0
442 0 LA082390-0121 0
442 0 LA082390-0147 0
442 0 LA082789-0017 0
442 0 LA082789-0039 1
442 0 LA082789-0046 0
442 0 LA082789-0088 1
442 0 LA082789-0106 1
442 0 LA082889-0050 0
442 0 LA090289-0005 0
442 0 LA090289-0006 0
442 0 LA090289-0011 0
442 0 LA090289-0012 0
442 0 LA090289-0058 0
442 0 LA090290-0022 0
442 0 LA090290-0118 0
442 0 LA090389-0167 0
442 0 LA090589-0081 0
442 0 LA090689-0006 0
442 0 LA090790-0053 0
442 0 LA090989-0006 0
442 0 LA090989-0094 0
442 0 LA090990-0193 0
442 0 LA091189-0041 0
442 0 LA091489-0089 0
442 0 LA091589-0077 0
442 0 LA091789-0160 0
442 0 LA091889-0099 0
442 0 LA092189-0146 1
442 0 LA092190-0153 0
442 0 LA092390-0163 0
442 0 LA092390-0202 0
442 0 LA092390-0244 0
442 0 LA092489-0123 0
442 0 LA092589-0074 0
442 0 LA092789-0053 0
442 0 LA093089-0054 0
442 0 LA093089-0057 0
442 0 LA093090-0056 0
442 0 LA100189-0022 0
442 0 LA100190-0043 0
442 0 LA100490-0033 0
442 0 LA100490-0036 0
442 0 LA100490-0071 0
442 0 LA100490-0073 0
442 0 LA100490-0075 0
442 0 LA100490-0113 0
442 0 LA100490-0136 0
442 0 LA100490-0179 0
442 0 LA100490-0214 0
442 0 LA100589-0014 0
442 0 LA100589-0068 0
442 0 LA100589-0134 0
442 0 LA100589-0145 0
442 0 LA100590-0022 0
442 0 LA100590-0048 0
442 0 LA100590-0113 0
442 0 LA100590-0145 0
442 0 LA100689-0014 0
442 0 LA100689-0016 0
442 0 LA100689-0018 0
442 0 LA100790-0028 0
442 0 LA100790-0092 0
442 0 LA100889-0057 0
442 0 LA100990-0118 0
442 0 LA101189-0021 0
442 0 LA101189-0087 0
442 0 LA101189-0098 0
442 0 LA101190-0043 0
442 0 LA101190-0125 0
442 0 LA101289-0002 1
442 0 LA101289-0175 0
442 0 LA101290-0145 0
442 0 LA101389-0037 0
442 0 LA101390-0028 0
442 0 LA101489-0049 0
442 0 LA101490-0144 0
442 0 LA101589-0004 0
442 0 LA101590-0058 0
442 0 LA101590-0070 1
442 0 LA101689-0036 0
442 0 LA101790-0105 1
442 0 LA101889-0031 0
442 0 LA101989-0053 0
442 0 LA101989-0134 0
442 0 LA101989-0135 0
442 0 LA101989-0217 0
442 0 LA101990-0107 0
442 0 LA102089-0153 0
442 0 LA102089-0167 0
442 0 LA102089-0170 1
442 0 LA102090-0141 0
442 0 LA102090-0145 0
442 0 LA102189-0116 0
442 0 LA102189-0117 0
442 0 LA102289-0020 0
442 0 LA102390-0071 1
442 0 LA102390-0102 0
442 0 LA102489-0058 1
442 0 LA102489-0118 0
442 0 LA102490-0024 0
442 0 LA102789-0009 0
442 0 LA103189-0131 0
442 0 LA110189-0098 1
442 0 LA110190-0036 0
442 0 LA110290-0086 0
442 0 LA110290-0120 1
442 0 LA110389-0022 0
442 0 LA110389-0025 0
442 0 LA110389-0054 0
442 0 LA110389-0060 0
442 0 LA110389-0072 0
442 0 LA110490-0001 0
442 0 LA110589-0003 0
442 0 LA110589-0189 0
442 0 LA110590-0026 0
442 0 LA110890-0122 0
442 0 LA110989-0071 1
442 0 LA110990-0013 0
442 0 LA110990-0167 0
442 0 LA111089-0199 0
442 0 LA111190-0056 0
442 0 LA111190-0226 0
442 0 LA111390-0013 0
442 0 LA111689-0204 1
442 0 LA111790-0162 0
442 0 LA112290-0058 1
442 0 LA112290-0080 0
442 0 LA112489-0027 0
442 0 LA112590-0157 0
442 0 LA112989-0113 0
442 0 LA113089-0076 1
442 0 LA113089-0090 0
442 0 LA120190-0114 0
442 0 LA120290-0250 0
442 0 LA120290-0251 0
442 0 LA120590-0020 0
442 0 LA120790-0003 0
442 0 LA120889-0128 0
442 0 LA120990-0012 0
442 0 LA120990-0074 1
442 0 LA121089-0110 0
442 0 LA121489-0171 0
442 0 LA121489-0204 0
442 0 LA121589-0104 0
442 0 LA121789-0023 0
442 0 LA121789-0059 0
442 0 LA121790-0091 0
442 0 LA122090-0110 0
442 0 LA122090-0203 0
442 0 LA122289-0084 0
442 0 LA122389-0074 0
442 0 LA122589-0049 0
442 0 LA122589-0104 0
442 0 LA122590-0039 0
442 0 LA122590-0115 0
442 0 LA122690-0029 0
442 0 LA122690-0052 0
442 0 LA122690-0119 0
442 0 LA122989-0059 0
442 0 LA122989-0108 0
442 0 LA122990-0001 0
442 0 LA122990-0042 0
442 0 LA122990-0133 0
442 0 LA123090-0013 0
442 0 LA123090-0046 0
