414 0 FBIS3-10029 0
414 0 FBIS3-10033 0
414 0 FBIS3-10034 0
414 0 FBIS3-10102 0
414 0 FBIS3-10113 0
414 0 FBIS3-10244 0
414 0 FBIS3-10248 0
414 0 FBIS3-10254 0
414 0 FBIS3-10306 0
414 0 FBIS3-10412 0
414 0 FBIS3-10443 0
414 0 FBIS3-10460 0
414 0 FBIS3-10474 0
414 0 FBIS3-10600 0
414 0 FBIS3-10669 0
414 0 FBIS3-10779 0
414 0 FBIS3-10978 0
414 0 FBIS3-11090 0
414 0 FBIS3-11119 0
414 0 FBIS3-11136 0
414 0 FBIS3-11142 0
414 0 FBIS3-11262 0
414 0 FBIS3-11332 0
414 0 FBIS3-11415 0
414 0 FBIS3-11446 0
414 0 FBIS3-11530 0
414 0 FBIS3-11654 0
414 0 FBIS3-11702 0
414 0 FBIS3-11763 0
414 0 FBIS3-11775 0
414 0 FBIS3-11777 0
414 0 FBIS3-11780 0
414 0 FBIS3-11850 0
414 0 FBIS3-11916 0
414 0 FBIS3-12021 0
414 0 FBIS3-12050 0
414 0 FBIS3-12053 0
414 0 FBIS3-12056 0
414 0 FBIS3-12115 0
414 0 FBIS3-14832 0
414 0 FBIS3-15604 0
414 0 FBIS3-16173 0
414 0 FBIS3-17425 0
414 0 FBIS3-1780 0
414 0 FBIS3-18304 0
414 0 FBIS3-1996 0
414 0 FBIS3-20395 0
414 0 FBIS3-20414 0
414 0 FBIS3-20544 0
414 0 FBIS3-21474 0
414 0 FBIS3-22628 0
414 0 FBIS3-23561 0
414 0 FBIS3-23676 0
414 0 FBIS3-23892 0
414 0 FBIS3-23995 0
414 0 FBIS3-24133 0
414 0 FBIS3-24217 0
414 0 FBIS3-24678 0
414 0 FBIS3-25003 0
414 0 FBIS3-25914 0
414 0 FBIS3-26027 0
414 0 FBIS3-26229 0
414 0 FBIS3-26239 0
414 0 FBIS3-26359 0
414 0 FBIS3-26461 0
414 0 FBIS3-26577 0
414 0 FBIS3-26818 0
414 0 FBIS3-26849 0
414 0 FBIS3-27049 0
414 0 FBIS3-29008 0
414 0 FBIS3-29619 0
414 0 FBIS3-29777 0
414 0 FBIS3-29889 0
414 0 FBIS3-31905 0
414 0 FBIS3-32081 0
414 0 FBIS3-32140 0
414 0 FBIS3-32150 0
414 0 FBIS3-32199 0
414 0 FBIS3-32202 0
414 0 FBIS3-32211 0
414 0 FBIS3-32262 0
414 0 FBIS3-32314 0
414 0 FBIS3-32383 0
414 0 FBIS3-32405 0
414 0 FBIS3-32408 0
414 0 FBIS3-32419 0
414 0 FBIS3-32421 0
414 0 FBIS3-32472 0
414 0 FBIS3-32475 0
414 0 FBIS3-32479 0
414 0 FBIS3-32480 0
414 0 FBIS3-32487 0
414 0 FBIS3-32505 0
414 0 FBIS3-32506 0
414 0 FBIS3-32507 0
414 0 FBIS3-32536 0
414 0 FBIS3-32576 0
414 0 FBIS3-32580 0
414 0 FBIS3-32641 0
414 0 FBIS3-32757 0
414 0 FBIS3-32778 0
414 0 FBIS3-32786 0
414 0 FBIS3-32787 0
414 0 FBIS3-32879 0
414 0 FBIS3-32881 0
414 0 FBIS3-32884 0
414 0 FBIS3-32890 0
414 0 FBIS3-32908 0
414 0 FBIS3-32987 0
414 0 FBIS3-32993 0
414 0 FBIS3-32994 0
414 0 FBIS3-32995 0
414 0 FBIS3-33094 0
414 0 FBIS3-33099 0
414 0 FBIS3-33310 0
414 0 FBIS3-33314 0
414 0 FBIS3-33324 0
414 0 FBIS3-33534 0
414 0 FBIS3-33541 0
414 0 FBIS3-33574 0
414 0 FBIS3-37751 0
414 0 FBIS3-37947 0
414 0 FBIS3-38337 0
414 0 FBIS3-40148 0
414 0 FBIS3-40149 0
414 0 FBIS3-40185 0
414 0 FBIS3-40450 0
414 0 FBIS3-40497 0
414 0 FBIS3-40616 0
414 0 FBIS3-4093 0
414 0 FBIS3-41961 0
414 0 FBIS3-42399 0
414 0 FBIS3-42459 0
414 0 FBIS3-42663 0
414 0 FBIS3-42726 0
414 0 FBIS3-42769 0
414 0 FBIS3-42810 0
414 0 FBIS3-42812 0
414 0 FBIS3-42869 0
414 0 FBIS3-42924 0
414 0 FBIS3-42972 0
414 0 FBIS3-43010 0
414 0 FBIS3-43115 0
414 0 FBIS3-43116 0
414 0 FBIS3-43120 0
414 0 FBIS3-43132 0
414 0 FBIS3-43142 0
414 0 FBIS3-43160 0
414 0 FBIS3-43166 0
414 0 FBIS3-43169 0
414 0 FBIS3-43170 0
414 0 FBIS3-43174 0
414 0 FBIS3-43186 0
414 0 FBIS3-43196 0
414 0 FBIS3-43214 0
414 0 FBIS3-43220 0
414 0 FBIS3-44366 0
414 0 FBIS3-44493 0
414 0 FBIS3-44793 0
414 0 FBIS3-45369 0
414 0 FBIS3-45516 0
414 0 FBIS3-45518 0
414 0 FBIS3-45645 0
414 0 FBIS3-45820 0
414 0 FBIS3-46269 0
414 0 FBIS3-46499 0
414 0 FBIS3-46614 0
414 0 FBIS3-46844 0
414 0 FBIS3-46933 0
414 0 FBIS3-47328 0
414 0 FBIS3-47330 0
414 0 FBIS3-47331 0
414 0 FBIS3-48017 0
414 0 FBIS3-50080 0
414 0 FBIS3-50510 0
414 0 FBIS3-50533 0
414 0 FBIS3-50564 0
414 0 FBIS3-50610 0
414 0 FBIS3-50612 0
414 0 FBIS3-50740 0
414 0 FBIS3-50817 0
414 0 FBIS3-51017 0
414 0 FBIS3-51061 0
414 0 FBIS3-51097 0
414 0 FBIS3-51112 0
414 0 FBIS3-51134 0
414 0 FBIS3-51139 0
414 0 FBIS3-51398 0
414 0 FBIS3-51400 1
414 0 FBIS3-51402 0
414 0 FBIS3-51456 0
414 0 FBIS3-51471 0
414 0 FBIS3-51616 0
414 0 FBIS3-51621 0
414 0 FBIS3-51747 0
414 0 FBIS3-51801 0
414 0 FBIS3-51919 0
414 0 FBIS3-51974 0
414 0 FBIS3-51980 0
414 0 FBIS3-52054 0
414 0 FBIS3-52075 0
414 0 FBIS3-53328 0
414 0 FBIS3-53361 0
414 0 FBIS3-5490 0
414 0 FBIS3-57178 0
414 0 FBIS3-59394 0
414 0 FBIS3-59491 0
414 0 FBIS3-5978 0
414 0 FBIS3-60 0
414 0 FBIS3-6026 0
414 0 FBIS3-61175 0
414 0 FBIS3-61236 0
414 0 FBIS3-6148 0
414 0 FBIS3-7185 0
414 0 FBIS3-7199 0
414 0 FBIS3-79 0
414 0 FBIS3-9899 0
414 0 FBIS4-10022 0
414 0 FBIS4-10024 1
414 0 FBIS4-10025 1
414 0 FBIS4-10026 0
414 0 FBIS4-10033 0
414 0 FBIS4-10034 0
414 0 FBIS4-10096 0
414 0 FBIS4-10113 0
414 0 FBIS4-10147 0
414 0 FBIS4-10229 0
414 0 FBIS4-10325 0
414 0 FBIS4-10326 0
414 0 FBIS4-10427 0
414 0 FBIS4-10428 0
414 0 FBIS4-10442 0
414 0 FBIS4-10523 0
414 0 FBIS4-10662 0
414 0 FBIS4-10666 0
414 0 FBIS4-10668 0
414 0 FBIS4-10691 0
414 0 FBIS4-10692 0
414 0 FBIS4-10693 0
414 0 FBIS4-10752 0
414 0 FBIS4-10823 0
414 0 FBIS4-10829 0
414 0 FBIS4-10834 0
414 0 FBIS4-10962 0
414 0 FBIS4-10983 0
414 0 FBIS4-10984 0
414 0 FBIS4-11124 0
414 0 FBIS4-11128 0
414 0 FBIS4-11129 0
414 0 FBIS4-11165 0
414 0 FBIS4-11166 0
414 0 FBIS4-11279 0
414 0 FBIS4-11283 0
414 0 FBIS4-11298 0
414 0 FBIS4-11304 0
414 0 FBIS4-11312 0
414 0 FBIS4-11316 0
414 0 FBIS4-11317 0
414 0 FBIS4-11318 0
414 0 FBIS4-11325 0
414 0 FBIS4-11328 0
414 0 FBIS4-11329 0
414 0 FBIS4-11339 0
414 0 FBIS4-11379 0
414 0 FBIS4-11417 0
414 0 FBIS4-11423 0
414 0 FBIS4-11427 0
414 0 FBIS4-11530 0
414 0 FBIS4-11541 0
414 0 FBIS4-11548 0
414 0 FBIS4-11589 0
414 0 FBIS4-12734 0
414 0 FBIS4-13271 0
414 0 FBIS4-13435 0
414 0 FBIS4-14140 0
414 0 FBIS4-15272 0
414 0 FBIS4-1627 0
414 0 FBIS4-1650 0
414 0 FBIS4-16670 0
414 0 FBIS4-16674 0
414 0 FBIS4-1669 0
414 0 FBIS4-1749 0
414 0 FBIS4-1844 0
414 0 FBIS4-1861 0
414 0 FBIS4-19509 0
414 0 FBIS4-20326 0
414 0 FBIS4-20355 0
414 0 FBIS4-20368 0
414 0 FBIS4-20373 0
414 0 FBIS4-20375 0
414 0 FBIS4-20414 0
414 0 FBIS4-20473 0
414 0 FBIS4-20741 0
414 0 FBIS4-21 0
414 0 FBIS4-2220 0
414 0 FBIS4-22209 0
414 0 FBIS4-22280 0
414 0 FBIS4-22283 0
414 0 FBIS4-22420 0
414 0 FBIS4-2258 0
414 0 FBIS4-22629 0
414 0 FBIS4-22763 0
414 0 FBIS4-22779 0
414 0 FBIS4-23084 0
414 0 FBIS4-23089 0
414 0 FBIS4-2321 0
414 0 FBIS4-2324 0
414 0 FBIS4-2439 0
414 0 FBIS4-24670 0
414 0 FBIS4-25469 0
414 0 FBIS4-25596 0
414 0 FBIS4-25979 0
414 0 FBIS4-26409 0
414 0 FBIS4-26641 0
414 0 FBIS4-26678 0
414 0 FBIS4-2713 0
414 0 FBIS4-27687 0
414 0 FBIS4-2869 0
414 0 FBIS4-28767 0
414 0 FBIS4-2880 0
414 0 FBIS4-29396 0
414 0 FBIS4-29591 0
414 0 FBIS4-29980 0
414 0 FBIS4-30015 0
414 0 FBIS4-30242 0
414 0 FBIS4-30626 0
414 0 FBIS4-30654 0
414 0 FBIS4-30972 0
414 0 FBIS4-31028 0
414 0 FBIS4-31029 0
414 0 FBIS4-31031 0
414 0 FBIS4-31032 0
414 0 FBIS4-31787 0
414 0 FBIS4-32782 0
414 0 FBIS4-32790 0
414 0 FBIS4-32795 0
414 0 FBIS4-32938 0
414 0 FBIS4-32943 0
414 0 FBIS4-32945 0
414 0 FBIS4-33025 0
414 0 FBIS4-33076 0
414 0 FBIS4-33167 0
414 0 FBIS4-33182 0
414 0 FBIS4-33279 0
414 0 FBIS4-33291 0
414 0 FBIS4-33400 1
414 0 FBIS4-33437 0
414 0 FBIS4-33690 0
414 0 FBIS4-33755 0
414 0 FBIS4-33757 0
414 0 FBIS4-33759 0
414 0 FBIS4-33901 0
414 0 FBIS4-33962 0
414 0 FBIS4-33974 0
414 0 FBIS4-33984 0
414 0 FBIS4-34021 0
414 0 FBIS4-34031 0
414 0 FBIS4-34130 0
414 0 FBIS4-34233 0
414 0 FBIS4-34241 0
414 0 FBIS4-34315 0
414 0 FBIS4-34317 0
414 0 FBIS4-34323 0
414 0 FBIS4-34324 1
414 0 FBIS4-34326 0
414 0 FBIS4-34332 0
414 0 FBIS4-34460 0
414 0 FBIS4-34475 0
414 0 FBIS4-34642 0
414 0 FBIS4-34663 0
414 0 FBIS4-34744 0
414 0 FBIS4-34757 0
414 0 FBIS4-34866 0
414 0 FBIS4-34960 0
414 0 FBIS4-34962 0
414 0 FBIS4-34971 0
414 0 FBIS4-35033 0
414 0 FBIS4-35073 0
414 0 FBIS4-35105 0
414 0 FBIS4-35168 0
414 0 FBIS4-35172 0
414 0 FBIS4-3596 0
414 0 FBIS4-36336 0
414 0 FBIS4-36600 0
414 0 FBIS4-38628 1
414 0 FBIS4-3907 0
414 0 FBIS4-3968 0
414 0 FBIS4-39764 0
414 0 FBIS4-40066 0
414 0 FBIS4-42 0
414 0 FBIS4-42701 0
414 0 FBIS4-43621 0
414 0 FBIS4-4386 0
414 0 FBIS4-44249 0
414 0 FBIS4-44480 0
414 0 FBIS4-44913 0
414 0 FBIS4-45095 0
414 0 FBIS4-46649 0
414 0 FBIS4-46683 0
414 0 FBIS4-46883 0
414 0 FBIS4-47059 0
414 0 FBIS4-47156 1
414 0 FBIS4-47609 0
414 0 FBIS4-4860 0
414 0 FBIS4-49245 0
414 0 FBIS4-49752 0
414 0 FBIS4-49832 0
414 0 FBIS4-49930 0
414 0 FBIS4-49954 0
414 0 FBIS4-4997 0
414 0 FBIS4-50195 0
414 0 FBIS4-50452 0
414 0 FBIS4-50641 0
414 0 FBIS4-50654 0
414 0 FBIS4-50655 0
414 0 FBIS4-50661 0
414 0 FBIS4-50667 0
414 0 FBIS4-50670 0
414 0 FBIS4-50671 0
414 0 FBIS4-50690 0
414 0 FBIS4-50696 0
414 0 FBIS4-50697 0
414 0 FBIS4-50706 0
414 0 FBIS4-50732 0
414 0 FBIS4-50733 0
414 0 FBIS4-50735 0
414 0 FBIS4-50738 0
414 0 FBIS4-50743 0
414 0 FBIS4-50758 0
414 0 FBIS4-50760 0
414 0 FBIS4-50761 0
414 0 FBIS4-50768 0
414 0 FBIS4-50792 0
414 0 FBIS4-50810 0
414 0 FBIS4-50833 0
414 0 FBIS4-50856 0
414 0 FBIS4-50866 0
414 0 FBIS4-50867 0
414 0 FBIS4-50869 0
414 0 FBIS4-50871 0
414 0 FBIS4-50894 0
414 0 FBIS4-50905 0
414 0 FBIS4-50912 0
414 0 FBIS4-50918 0
414 0 FBIS4-50921 0
414 0 FBIS4-50926 0
414 0 FBIS4-50961 0
414 0 FBIS4-50974 0
414 0 FBIS4-50976 0
414 0 FBIS4-50977 0
414 0 FBIS4-50978 0
414 0 FBIS4-51000 0
414 0 FBIS4-51004 0
414 0 FBIS4-51005 0
414 0 FBIS4-51007 0
414 0 FBIS4-51008 0
414 0 FBIS4-51015 0
414 0 FBIS4-51017 0
414 0 FBIS4-51030 0
414 0 FBIS4-51031 0
414 0 FBIS4-51036 0
414 0 FBIS4-51040 0
414 0 FBIS4-51044 0
414 0 FBIS4-51045 0
414 0 FBIS4-51046 0
414 0 FBIS4-51067 0
414 0 FBIS4-51072 0
414 0 FBIS4-51113 0
414 0 FBIS4-51147 0
414 0 FBIS4-51154 0
414 0 FBIS4-51155 0
414 0 FBIS4-51193 0
414 0 FBIS4-51194 0
414 0 FBIS4-51195 0
414 0 FBIS4-51230 0
414 0 FBIS4-51233 0
414 0 FBIS4-51238 0
414 0 FBIS4-51248 0
414 0 FBIS4-52020 0
414 0 FBIS4-52037 0
414 0 FBIS4-52041 0
414 0 FBIS4-52952 0
414 0 FBIS4-53750 0
414 0 FBIS4-53877 0
414 0 FBIS4-54127 0
414 0 FBIS4-54425 0
414 0 FBIS4-5453 0
414 0 FBIS4-54622 0
414 0 FBIS4-54623 0
414 0 FBIS4-54625 0
414 0 FBIS4-54626 0
414 0 FBIS4-54638 0
414 0 FBIS4-54889 0
414 0 FBIS4-56178 0
414 0 FBIS4-56180 0
414 0 FBIS4-56205 0
414 0 FBIS4-56355 0
414 0 FBIS4-56362 0
414 0 FBIS4-56413 0
414 0 FBIS4-56418 0
414 0 FBIS4-56569 0
414 0 FBIS4-56763 0
414 0 FBIS4-56770 0
414 0 FBIS4-56778 0
414 0 FBIS4-56788 0
414 0 FBIS4-57089 0
414 0 FBIS4-57091 0
414 0 FBIS4-57095 0
414 0 FBIS4-57175 0
414 0 FBIS4-57176 0
414 0 FBIS4-57323 0
414 0 FBIS4-57369 0
414 0 FBIS4-57396 0
414 0 FBIS4-57404 0
414 0 FBIS4-57446 0
414 0 FBIS4-57498 0
414 0 FBIS4-57500 0
414 0 FBIS4-57503 0
414 0 FBIS4-57597 0
414 0 FBIS4-57598 0
414 0 FBIS4-57683 0
414 0 FBIS4-57723 0
414 0 FBIS4-57814 0
414 0 FBIS4-57907 0
414 0 FBIS4-57915 0
414 0 FBIS4-57919 0
414 0 FBIS4-57920 0
414 0 FBIS4-57921 0
414 0 FBIS4-58121 0
414 0 FBIS4-58615 0
414 0 FBIS4-588 0
414 0 FBIS4-60254 0
414 0 FBIS4-60769 0
414 0 FBIS4-62803 0
414 0 FBIS4-62804 1
414 0 FBIS4-64175 0
414 0 FBIS4-64187 0
414 0 FBIS4-64465 0
414 0 FBIS4-65762 0
414 0 FBIS4-65763 0
414 0 FBIS4-66185 0
414 0 FBIS4-66209 0
414 0 FBIS4-66210 0
414 0 FBIS4-66218 0
414 0 FBIS4-66382 0
414 0 FBIS4-66662 0
414 0 FBIS4-66663 0
414 0 FBIS4-67533 0
414 0 FBIS4-67538 0
414 0 FBIS4-67765 0
414 0 FBIS4-67877 0
414 0 FBIS4-68216 0
414 0 FBIS4-68220 0
414 0 FBIS4-68397 0
414 0 FBIS4-684 0
414 0 FBIS4-68445 0
414 0 FBIS4-68495 0
414 0 FBIS4-68600 0
414 0 FBIS4-68701 0
414 0 FBIS4-68776 0
414 0 FBIS4-68783 0
414 0 FBIS4-68784 0
414 0 FBIS4-68823 0
414 0 FBIS4-697 0
414 0 FBIS4-7 0
414 0 FBIS4-723 0
414 0 FBIS4-7398 0
414 0 FBIS4-7756 0
414 0 FBIS4-8544 0
414 0 FBIS4-856 0
414 0 FBIS4-8947 0
414 0 FBIS4-899 0
414 0 FBIS4-9754 0
414 0 FBIS4-9776 1
414 0 FBIS4-9783 0
414 0 FBIS4-9785 1
414 0 FBIS4-9868 0
414 0 FBIS4-9881 0
414 0 FBIS4-9887 0
414 0 FR940104-0-00033 0
414 0 FR940105-2-00109 0
414 0 FR940106-0-00031 0
414 0 FR940114-0-00007 0
414 0 FR940128-2-00020 0
414 0 FR940128-2-00037 0
414 0 FR940208-2-00006 0
414 0 FR940214-2-00260 0
414 0 FR940216-2-00036 0
414 0 FR940224-2-00007 0
414 0 FR940302-1-00006 0
414 0 FR940302-1-00007 0
414 0 FR940302-1-00011 0
414 0 FR940302-2-00082 0
414 0 FR940314-2-00033 0
414 0 FR940314-2-00035 0
414 0 FR940314-2-00037 0
414 0 FR940317-1-00214 0
414 0 FR940324-2-00042 0
414 0 FR940328-2-00020 0
414 0 FR940404-0-00017 0
414 0 FR940404-0-00024 0
414 0 FR940405-2-00013 0
414 0 FR940405-2-00190 0
414 0 FR940406-2-00026 0
414 0 FR940412-2-00164 0
414 0 FR940413-2-00130 0
414 0 FR940414-2-00140 0
414 0 FR940418-2-00079 0
414 0 FR940419-1-00044 0
414 0 FR940419-1-00049 0
414 0 FR940426-0-00094 0
414 0 FR940505-2-00035 0
414 0 FR940506-2-00020 0
414 0 FR940512-2-00038 0
414 0 FR940516-0-00037 0
414 0 FR940526-2-00004 0
414 0 FR940527-2-00053 0
414 0 FR940602-2-00038 0
414 0 FR940603-0-00156 0
414 0 FR940606-2-00024 0
414 0 FR940607-2-00014 0
414 0 FR940620-0-00164 0
414 0 FR940621-2-00011 0
414 0 FR940622-2-00055 0
414 0 FR940622-2-00075 0
414 0 FR940627-2-00006 0
414 0 FR940630-2-00031 0
414 0 FR940705-2-00059 0
414 0 FR940706-2-00126 0
414 0 FR940707-1-00036 0
414 0 FR940713-2-00015 0
414 0 FR940721-2-00009 0
414 0 FR940721-2-00010 0
414 0 FR940803-2-00061 0
414 0 FR940804-2-00009 0
414 0 FR940804-2-00011 0
414 0 FR940810-2-00019 0
414 0 FR940811-0-00007 0
414 0 FR940817-0-00010 0
414 0 FR940817-2-00213 0
414 0 FR940819-0-00028 0
414 0 FR940822-2-00012 0
414 0 FR940830-0-00004 0
414 0 FR940830-0-00133 0
414 0 FR940831-2-00107 0
414 0 FR940919-0-00124 0
414 0 FR940926-1-00019 0
414 0 FR940926-1-00021 0
414 0 FR940926-1-00022 0
414 0 FR940928-0-00065 0
414 0 FR941003-0-00103 0
414 0 FR941003-2-00015 0
414 0 FR941007-0-00069 0
414 0 FR941007-1-00017 0
414 0 FR941012-2-00193 0
414 0 FR941013-1-00031 0
414 0 FR941013-2-00007 0
414 0 FR941017-0-00010 0
414 0 FR941017-2-00002 0
414 0 FR941017-2-00003 0
414 0 FR941017-2-00004 0
414 0 FR941017-2-00006 0
414 0 FR941026-2-00082 0
414 0 FR941102-2-00033 0
414 0 FR941103-0-00142 0
414 0 FR941110-2-00027 0
414 0 FR941130-0-00122 0
414 0 FR941202-2-00022 0
414 0 FR941202-2-00028 0
414 0 FR941202-2-00139 0
414 0 FR941207-2-00068 0
414 0 FR941212-0-00018 0
414 0 FR941216-0-00064 0
414 0 FR941220-2-00007 0
414 0 FR941221-2-00104 0
414 0 FR941222-2-00017 0
414 0 FT911-1664 0
414 0 FT911-1721 0
414 0 FT911-1992 0
414 0 FT911-2215 0
414 0 FT911-4672 0
414 0 FT911-827 0
414 0 FT921-10709 0
414 0 FT921-12244 0
414 0 FT921-1229 0
414 0 FT921-1287 0
414 0 FT921-13997 0
414 0 FT921-15613 0
414 0 FT921-15776 0
414 0 FT921-15800 0
414 0 FT921-16296 0
414 0 FT921-16392 0
414 0 FT921-517 0
414 0 FT921-5873 0
414 0 FT921-5998 0
414 0 FT921-6615 0
414 0 FT921-6637 0
414 0 FT921-6639 0
414 0 FT921-7666 0
414 0 FT921-7881 0
414 0 FT921-8127 0
414 0 FT921-8454 0
414 0 FT921-9000 0
414 0 FT921-9422 0
414 0 FT922-10355 0
414 0 FT922-10715 0
414 0 FT922-11073 0
414 0 FT922-12351 0
414 0 FT922-13104 0
414 0 FT922-14632 0
414 0 FT922-15452 0
414 0 FT922-3470 0
414 0 FT922-3999 0
414 0 FT922-449 0
414 0 FT922-5968 0
414 0 FT922-6675 0
414 0 FT922-7827 0
414 0 FT922-7964 0
414 0 FT922-8180 0
414 0 FT922-8668 0
414 0 FT922-9562 0
414 0 FT922-9656 0
414 0 FT923-10495 0
414 0 FT923-10711 0
414 0 FT923-10781 0
414 0 FT923-11481 0
414 0 FT923-13351 0
414 0 FT923-1353 0
414 0 FT923-13564 0
414 0 FT923-14029 0
414 0 FT923-1714 0
414 0 FT923-2023 0
414 0 FT923-243 0
414 0 FT923-3218 0
414 0 FT923-3219 0
414 0 FT923-3229 0
414 0 FT923-4195 0
414 0 FT923-4201 0
414 0 FT923-4413 0
414 0 FT923-4656 0
414 0 FT923-4970 0
414 0 FT923-6191 0
414 0 FT923-6715 0
414 0 FT923-6759 0
414 0 FT923-7099 0
414 0 FT923-7437 0
414 0 FT923-7802 0
414 0 FT923-8862 0
414 0 FT924-10922 0
414 0 FT924-12290 0
414 0 FT924-13271 0
414 0 FT924-13787 0
414 0 FT924-14238 0
414 0 FT924-14913 0
414 0 FT924-15266 0
414 0 FT924-3110 0
414 0 FT924-325 0
414 0 FT924-3805 0
414 0 FT924-5450 0
414 0 FT924-5829 0
414 0 FT924-7087 0
414 0 FT924-7089 0
414 0 FT924-710 0
414 0 FT924-7110 0
414 0 FT924-7289 0
414 0 FT924-7955 0
414 0 FT924-8065 0
414 0 FT924-9409 0
414 0 FT924-9832 0
414 0 FT931-10421 0
414 0 FT931-1055 0
414 0 FT931-11223 0
414 0 FT931-1202 0
414 0 FT931-13245 0
414 0 FT931-15494 0
414 0 FT931-15583 0
414 0 FT931-15981 0
414 0 FT931-16507 0
414 0 FT931-2856 0
414 0 FT931-3116 0
414 0 FT931-3232 0
414 0 FT931-3394 0
414 0 FT931-4288 0
414 0 FT931-4320 0
414 0 FT931-4565 0
414 0 FT931-4584 0
414 0 FT931-5438 0
414 0 FT931-7635 0
414 0 FT931-8150 0
414 0 FT931-8205 0
414 0 FT931-8717 0
414 0 FT931-8840 0
414 0 FT931-9464 0
414 0 FT931-9957 0
414 0 FT932-10076 0
414 0 FT932-10111 0
414 0 FT932-10113 0
414 0 FT932-10132 0
414 0 FT932-10136 0
414 0 FT932-10137 0
414 0 FT932-10147 0
414 0 FT932-11480 0
414 0 FT932-11589 0
414 0 FT932-13315 0
414 0 FT932-13472 1
414 0 FT932-13497 0
414 0 FT932-14001 1
414 0 FT932-14435 0
414 0 FT932-14768 0
414 0 FT932-15094 0
414 0 FT932-15243 0
414 0 FT932-15711 0
414 0 FT932-15835 0
414 0 FT932-16090 0
414 0 FT932-17230 0
414 0 FT932-3270 0
414 0 FT932-3946 0
414 0 FT932-4130 0
414 0 FT932-4641 0
414 0 FT932-5104 1
414 0 FT932-5226 0
414 0 FT932-5708 0
414 0 FT932-5774 0
414 0 FT932-6334 0
414 0 FT932-7143 0
414 0 FT932-7462 0
414 0 FT932-780 0
414 0 FT932-7937 0
414 0 FT932-8308 0
414 0 FT932-8783 0
414 0 FT932-8961 0
414 0 FT932-9354 0
414 0 FT932-9378 0
414 0 FT932-9394 0
414 0 FT932-9425 0
414 0 FT932-9426 0
414 0 FT932-9428 0
414 0 FT932-9429 0
414 0 FT932-9434 0
414 0 FT932-9438 0
414 0 FT932-9444 0
414 0 FT932-9455 0
414 0 FT932-9587 0
414 0 FT932-9588 0
414 0 FT932-9641 0
414 0 FT932-9710 0
414 0 FT932-9711 0
414 0 FT932-9713 0
414 0 FT932-9718 0
414 0 FT932-9720 0
414 0 FT932-9723 0
414 0 FT932-9724 0
414 0 FT933-10069 0
414 0 FT933-10100 0
414 0 FT933-10280 0
414 0 FT933-10291 0
414 0 FT933-11732 0
414 0 FT933-11808 0
414 0 FT933-1187 0
414 0 FT933-12061 0
414 0 FT933-12676 0
414 0 FT933-13786 0
414 0 FT933-14123 0
414 0 FT933-14670 0
414 0 FT933-15200 0
414 0 FT933-15451 0
414 0 FT933-15953 0
414 0 FT933-16207 0
414 0 FT933-2825 0
414 0 FT933-284 0
414 0 FT933-3408 0
414 0 FT933-4976 0
414 0 FT933-5541 0
414 0 FT933-581 0
414 0 FT933-6374 0
414 0 FT933-6604 0
414 0 FT933-8084 0
414 0 FT933-8729 0
414 0 FT933-8835 0
414 0 FT933-9306 0
414 0 FT934-11381 0
414 0 FT934-14002 0
414 0 FT934-15656 0
414 0 FT934-15936 0
414 0 FT934-16241 0
414 0 FT934-16394 0
414 0 FT934-16467 0
414 0 FT934-16473 0
414 0 FT934-16878 0
414 0 FT934-17231 0
414 0 FT934-2259 0
414 0 FT934-2346 0
414 0 FT934-3407 0
414 0 FT934-3657 0
414 0 FT934-5555 0
414 0 FT934-6501 0
414 0 FT934-6739 0
414 0 FT934-7045 0
414 0 FT934-7384 0
414 0 FT934-7776 0
414 0 FT934-78 0
414 0 FT934-824 0
414 0 FT934-838 0
414 0 FT934-9549 0
414 0 FT934-9895 0
414 0 FT941-11669 0
414 0 FT941-13330 0
414 0 FT941-13408 0
414 0 FT941-14186 0
414 0 FT941-14375 0
414 0 FT941-16775 0
414 0 FT941-2275 0
414 0 FT941-4051 0
414 0 FT941-6239 0
414 0 FT941-6761 0
414 0 FT941-6763 0
414 0 FT941-6767 0
414 0 FT941-7037 0
414 0 FT941-9068 0
414 0 FT941-9908 0
414 0 FT942-10467 0
414 0 FT942-1089 0
414 0 FT942-11872 0
414 0 FT942-1291 0
414 0 FT942-13077 0
414 0 FT942-13162 0
414 0 FT942-13817 0
414 0 FT942-14306 0
414 0 FT942-15790 0
414 0 FT942-16670 0
414 0 FT942-16819 0
414 0 FT942-17521 0
414 0 FT942-2878 0
414 0 FT942-3162 0
414 0 FT942-327 0
414 0 FT942-3500 0
414 0 FT942-3759 0
414 0 FT942-4279 0
414 0 FT942-4373 0
414 0 FT942-4601 0
414 0 FT942-5018 0
414 0 FT942-5543 0
414 0 FT942-7035 0
414 0 FT942-8340 0
414 0 FT942-8540 0
414 0 FT942-9040 0
414 0 FT942-9892 0
414 0 FT943-12669 0
414 0 FT943-13231 0
414 0 FT943-15070 0
414 0 FT943-15719 0
414 0 FT943-16434 0
414 0 FT943-16917 0
414 0 FT943-1728 0
414 0 FT943-1905 0
414 0 FT943-2583 0
414 0 FT943-2855 0
414 0 FT943-32 0
414 0 FT943-334 0
414 0 FT943-589 0
414 0 FT943-6701 0
414 0 FT943-7211 0
414 0 FT943-800 0
414 0 FT943-8044 0
414 0 FT943-827 0
414 0 FT943-8990 0
414 0 FT943-9547 0
414 0 FT943-9880 0
414 0 FT944-10166 0
414 0 FT944-10333 0
414 0 FT944-10413 0
414 0 FT944-10694 1
414 0 FT944-10696 0
414 0 FT944-11176 0
414 0 FT944-1129 0
414 0 FT944-11831 0
414 0 FT944-11986 0
414 0 FT944-12279 0
414 0 FT944-12589 0
414 0 FT944-13116 0
414 0 FT944-13301 0
414 0 FT944-1333 0
414 0 FT944-15178 0
414 0 FT944-16639 0
414 0 FT944-17030 0
414 0 FT944-17080 0
414 0 FT944-17551 0
414 0 FT944-17963 0
414 0 FT944-17972 0
414 0 FT944-17978 0
414 0 FT944-17981 0
414 0 FT944-17987 0
414 0 FT944-18270 0
414 0 FT944-18515 0
414 0 FT944-18574 0
414 0 FT944-1865 0
414 0 FT944-23 0
414 0 FT944-2470 0
414 0 FT944-2481 0
414 0 FT944-2494 0
414 0 FT944-2584 0
414 0 FT944-2597 0
414 0 FT944-2677 0
414 0 FT944-3348 0
414 0 FT944-4091 0
414 0 FT944-589 0
414 0 FT944-7694 0
414 0 FT944-8002 0
414 0 FT944-8484 0
414 0 FT944-8889 0
414 0 LA010189-0047 0
414 0 LA010289-0050 0
414 0 LA010290-0014 0
414 0 LA010290-0054 0
414 0 LA010390-0079 0
414 0 LA010489-0023 0
414 0 LA010490-0046 0
414 0 LA010490-0166 0
414 0 LA010589-0059 0
414 0 LA010589-0060 0
414 0 LA010589-0102 0
414 0 LA010689-0077 0
414 0 LA010889-0041 0
414 0 LA011090-0153 0
414 0 LA011589-0133 0
414 0 LA012989-0149 0
414 0 LA020190-0164 0
414 0 LA020890-0082 0
414 0 LA020890-0088 0
414 0 LA020989-0064 0
414 0 LA021290-0064 0
414 0 LA021590-0066 0
414 0 LA021989-0055 0
414 0 LA021989-0154 0
414 0 LA022789-0091 0
414 0 LA022790-0098 0
414 0 LA030689-0030 0
414 0 LA030890-0159 0
414 0 LA031490-0104 0
414 0 LA031689-0009 0
414 0 LA032389-0171 0
414 0 LA032390-0051 0
414 0 LA032390-0073 0
414 0 LA032589-0076 0
414 0 LA041290-0076 0
414 0 LA041590-0035 0
414 0 LA042090-0161 1
414 0 LA042490-0203 0
414 0 LA042690-0001 0
414 0 LA050390-0118 0
414 0 LA050590-0072 0
414 0 LA051889-0001 0
414 0 LA052590-0187 0
414 0 LA052889-0034 0
414 0 LA060189-0104 0
414 0 LA060790-0018 0
414 0 LA060889-0032 0
414 0 LA060989-0109 0
414 0 LA070190-0181 0
414 0 LA070289-0171 0
414 0 LA070590-0005 0
414 0 LA070590-0167 0
414 0 LA070890-0014 0
414 0 LA070989-0051 0
414 0 LA070989-0148 0
414 0 LA070989-0162 0
414 0 LA070990-0011 0
414 0 LA070990-0106 0
414 0 LA071590-0122 0
414 0 LA071789-0088 0
414 0 LA071790-0125 0
414 0 LA071889-0109 0
414 0 LA071989-0025 0
414 0 LA071989-0127 0
414 0 LA072590-0044 0
414 0 LA072690-0069 0
414 0 LA072690-0239 0
414 0 LA072890-0075 0
414 0 LA072990-0056 0
414 0 LA080290-0241 0
414 0 LA080389-0041 0
414 0 LA080589-0049 0
414 0 LA080690-0036 0
414 0 LA080789-0035 0
414 0 LA081189-0119 0
414 0 LA090389-0110 0
414 0 LA090789-0017 0
414 0 LA091289-0156 0
414 0 LA091790-0119 0
414 0 LA100589-0074 0
414 0 LA100889-0042 0
414 0 LA102490-0117 0
414 0 LA102590-0201 0
414 0 LA110889-0101 0
414 0 LA110989-0059 0
414 0 LA110989-0063 0
414 0 LA111989-0077 0
414 0 LA112390-0014 0
414 0 LA113089-0055 0
414 0 LA120589-0031 0
414 0 LA120690-0088 0
414 0 LA120789-0071 0
414 0 LA121089-0051 0
414 0 LA121889-0114 0
414 0 LA122689-0076 0
