440 0 FBIS3-10025 0
440 0 FBIS3-10187 0
440 0 FBIS3-1021 0
440 0 FBIS3-10365 0
440 0 FBIS3-10460 0
440 0 FBIS3-10527 0
440 0 FBIS3-10540 0
440 0 FBIS3-10604 0
440 0 FBIS3-10651 0
440 0 FBIS3-1067 0
440 0 FBIS3-10689 0
440 0 FBIS3-10775 0
440 0 FBIS3-10888 0
440 0 FBIS3-10987 0
440 0 FBIS3-11033 0
440 0 FBIS3-11041 0
440 0 FBIS3-11109 0
440 0 FBIS3-11314 0
440 0 FBIS3-11342 0
440 0 FBIS3-11387 0
440 0 FBIS3-11393 0
440 0 FBIS3-11394 0
440 0 FBIS3-11460 0
440 0 FBIS3-11565 0
440 0 FBIS3-11653 0
440 0 FBIS3-11734 0
440 0 FBIS3-11840 0
440 0 FBIS3-11879 0
440 0 FBIS3-12004 0
440 0 FBIS3-12138 0
440 0 FBIS3-12430 0
440 0 FBIS3-12461 0
440 0 FBIS3-12590 0
440 0 FBIS3-13651 0
440 0 FBIS3-13955 1
440 0 FBIS3-14478 1
440 0 FBIS3-1548 0
440 0 FBIS3-1553 0
440 0 FBIS3-1611 0
440 0 FBIS3-16769 0
440 0 FBIS3-16832 0
440 0 FBIS3-17254 0
440 0 FBIS3-1737 0
440 0 FBIS3-17422 0
440 0 FBIS3-1747 0
440 0 FBIS3-1780 0
440 0 FBIS3-1790 0
440 0 FBIS3-18 0
440 0 FBIS3-18067 0
440 0 FBIS3-1824 0
440 0 FBIS3-1842 0
440 0 FBIS3-1847 0
440 0 FBIS3-1874 0
440 0 FBIS3-1876 0
440 0 FBIS3-18937 0
440 0 FBIS3-18988 0
440 0 FBIS3-1946 0
440 0 FBIS3-19527 0
440 0 FBIS3-19591 0
440 0 FBIS3-19685 0
440 0 FBIS3-19703 0
440 0 FBIS3-1989 0
440 0 FBIS3-19909 0
440 0 FBIS3-1991 0
440 0 FBIS3-20046 0
440 0 FBIS3-20330 0
440 0 FBIS3-20434 0
440 0 FBIS3-20435 0
440 0 FBIS3-2047 0
440 0 FBIS3-20539 0
440 0 FBIS3-20544 0
440 0 FBIS3-20547 0
440 0 FBIS3-2057 0
440 0 FBIS3-20570 0
440 0 FBIS3-20575 0
440 0 FBIS3-20704 0
440 0 FBIS3-2077 0
440 0 FBIS3-20796 0
440 0 FBIS3-2084 0
440 0 FBIS3-20873 0
440 0 FBIS3-2103 0
440 0 FBIS3-2106 0
440 0 FBIS3-21373 1
440 0 FBIS3-21680 0
440 0 FBIS3-21787 0
440 0 FBIS3-21997 0
440 0 FBIS3-2241 0
440 0 FBIS3-23 0
440 0 FBIS3-23339 0
440 0 FBIS3-2373 0
440 0 FBIS3-23751 0
440 0 FBIS3-23841 0
440 0 FBIS3-23842 0
440 0 FBIS3-23947 0
440 0 FBIS3-23966 0
440 0 FBIS3-2402 0
440 0 FBIS3-2412 0
440 0 FBIS3-24145 0
440 0 FBIS3-24280 0
440 0 FBIS3-24308 0
440 0 FBIS3-24363 0
440 0 FBIS3-24618 0
440 0 FBIS3-24619 0
440 0 FBIS3-2464 0
440 0 FBIS3-24678 0
440 0 FBIS3-24834 0
440 0 FBIS3-2527 0
440 0 FBIS3-2546 0
440 0 FBIS3-26036 0
440 0 FBIS3-26100 0
440 0 FBIS3-26257 0
440 0 FBIS3-26461 0
440 0 FBIS3-26581 0
440 0 FBIS3-26585 0
440 0 FBIS3-26618 0
440 0 FBIS3-26718 0
440 0 FBIS3-26735 0
440 0 FBIS3-26736 0
440 0 FBIS3-26742 0
440 0 FBIS3-2696 0
440 0 FBIS3-27048 0
440 0 FBIS3-27108 0
440 0 FBIS3-27407 0
440 0 FBIS3-2754 0
440 0 FBIS3-27589 0
440 0 FBIS3-27601 0
440 0 FBIS3-2784 0
440 0 FBIS3-2821 0
440 0 FBIS3-28287 0
440 0 FBIS3-29 0
440 0 FBIS3-2901 0
440 0 FBIS3-29113 0
440 0 FBIS3-29180 0
440 0 FBIS3-2919 0
440 0 FBIS3-2920 0
440 0 FBIS3-2921 0
440 0 FBIS3-2930 0
440 0 FBIS3-2934 0
440 0 FBIS3-29404 0
440 0 FBIS3-2941 0
440 0 FBIS3-29777 0
440 0 FBIS3-30041 0
440 0 FBIS3-3032 0
440 0 FBIS3-3039 0
440 0 FBIS3-3162 0
440 0 FBIS3-3164 0
440 0 FBIS3-3167 0
440 0 FBIS3-3179 0
440 0 FBIS3-3190 0
440 0 FBIS3-32132 0
440 0 FBIS3-32390 0
440 0 FBIS3-32624 0
440 0 FBIS3-3274 0
440 0 FBIS3-33135 0
440 0 FBIS3-33592 0
440 0 FBIS3-3401 0
440 0 FBIS3-3410 0
440 0 FBIS3-3475 0
440 0 FBIS3-34764 0
440 0 FBIS3-3484 0
440 0 FBIS3-3549 0
440 0 FBIS3-3563 0
440 0 FBIS3-36111 0
440 0 FBIS3-36931 0
440 0 FBIS3-3714 0
440 0 FBIS3-3715 0
440 0 FBIS3-3775 0
440 0 FBIS3-37947 0
440 0 FBIS3-3815 0
440 0 FBIS3-38775 0
440 0 FBIS3-3887 0
440 0 FBIS3-3938 0
440 0 FBIS3-39538 0
440 0 FBIS3-39627 0
440 0 FBIS3-3982 0
440 0 FBIS3-40014 0
440 0 FBIS3-4007 0
440 0 FBIS3-40180 0
440 0 FBIS3-40186 0
440 0 FBIS3-40190 0
440 0 FBIS3-4030 0
440 0 FBIS3-40388 0
440 0 FBIS3-40450 0
440 0 FBIS3-40527 0
440 0 FBIS3-40801 0
440 0 FBIS3-40893 0
440 0 FBIS3-4095 0
440 0 FBIS3-41005 0
440 0 FBIS3-4104 0
440 0 FBIS3-4152 0
440 0 FBIS3-41666 0
440 0 FBIS3-41724 0
440 0 FBIS3-41753 0
440 0 FBIS3-41934 0
440 0 FBIS3-41935 0
440 0 FBIS3-4207 0
440 0 FBIS3-42583 0
440 0 FBIS3-42616 0
440 0 FBIS3-42677 0
440 0 FBIS3-42726 0
440 0 FBIS3-42750 0
440 0 FBIS3-42811 0
440 0 FBIS3-43003 0
440 0 FBIS3-43041 0
440 0 FBIS3-43120 0
440 0 FBIS3-43132 0
440 0 FBIS3-43160 0
440 0 FBIS3-43166 0
440 0 FBIS3-43174 0
440 0 FBIS3-43214 0
440 0 FBIS3-43220 0
440 0 FBIS3-4390 0
440 0 FBIS3-44124 0
440 0 FBIS3-44496 0
440 0 FBIS3-44835 0
440 0 FBIS3-45427 0
440 0 FBIS3-45804 0
440 0 FBIS3-45855 0
440 0 FBIS3-46147 0
440 0 FBIS3-46381 0
440 0 FBIS3-46429 0
440 0 FBIS3-46488 0
440 0 FBIS3-46490 0
440 0 FBIS3-46554 0
440 0 FBIS3-4694 0
440 0 FBIS3-47127 0
440 0 FBIS3-47139 0
440 0 FBIS3-47583 0
440 0 FBIS3-4789 0
440 0 FBIS3-48209 0
440 0 FBIS3-48211 0
440 0 FBIS3-48296 0
440 0 FBIS3-48422 0
440 0 FBIS3-4858 0
440 0 FBIS3-48697 0
440 0 FBIS3-48751 0
440 0 FBIS3-4931 0
440 0 FBIS3-50731 0
440 0 FBIS3-50766 0
440 0 FBIS3-51320 0
440 0 FBIS3-51478 0
440 0 FBIS3-51496 0
440 0 FBIS3-51695 0
440 0 FBIS3-5179 0
440 0 FBIS3-51894 0
440 0 FBIS3-5192 0
440 0 FBIS3-53 0
440 0 FBIS3-5378 0
440 0 FBIS3-54460 0
440 0 FBIS3-548 0
440 0 FBIS3-5687 0
440 0 FBIS3-5708 0
440 0 FBIS3-5721 0
440 0 FBIS3-57281 0
440 0 FBIS3-57451 0
440 0 FBIS3-57839 0
440 0 FBIS3-58 0
440 0 FBIS3-5834 0
440 0 FBIS3-58511 0
440 0 FBIS3-58967 0
440 0 FBIS3-59309 0
440 0 FBIS3-59316 0
440 0 FBIS3-59334 0
440 0 FBIS3-59343 0
440 0 FBIS3-5948 0
440 0 FBIS3-59972 0
440 0 FBIS3-60458 0
440 0 FBIS3-60566 0
440 0 FBIS3-61092 0
440 0 FBIS3-61096 0
440 0 FBIS3-61122 0
440 0 FBIS3-61173 0
440 0 FBIS3-61175 0
440 0 FBIS3-6152 0
440 0 FBIS3-6179 0
440 0 FBIS3-6271 0
440 0 FBIS3-6283 0
440 0 FBIS3-6289 0
440 0 FBIS3-6418 0
440 0 FBIS3-6432 0
440 0 FBIS3-6453 0
440 0 FBIS3-6884 0
440 0 FBIS3-6995 0
440 0 FBIS3-7035 0
440 0 FBIS3-7057 0
440 0 FBIS3-7079 0
440 0 FBIS3-7194 0
440 0 FBIS3-7211 0
440 0 FBIS3-7321 0
440 0 FBIS3-7533 0
440 0 FBIS3-7577 0
440 0 FBIS3-7802 0
440 0 FBIS3-7869 0
440 0 FBIS3-8007 0
440 0 FBIS3-8152 0
440 0 FBIS3-8249 0
440 0 FBIS3-8321 0
440 0 FBIS3-8325 0
440 0 FBIS3-8744 0
440 0 FBIS3-8798 0
440 0 FBIS3-8803 0
440 0 FBIS3-9192 0
440 0 FBIS3-9332 0
440 0 FBIS3-9699 0
440 0 FBIS3-9810 0
440 0 FBIS3-9884 0
440 0 FBIS4-10475 0
440 0 FBIS4-10749 0
440 0 FBIS4-11145 0
440 0 FBIS4-1141 0
440 0 FBIS4-11439 0
440 0 FBIS4-11590 0
440 0 FBIS4-13086 0
440 0 FBIS4-13745 0
440 0 FBIS4-14042 0
440 0 FBIS4-14045 0
440 0 FBIS4-16406 0
440 0 FBIS4-17013 0
440 0 FBIS4-17391 0
440 0 FBIS4-18188 0
440 0 FBIS4-18373 1
440 0 FBIS4-18477 0
440 0 FBIS4-1861 0
440 0 FBIS4-18839 0
440 0 FBIS4-1898 0
440 0 FBIS4-19 0
440 0 FBIS4-19117 1
440 0 FBIS4-19564 0
440 0 FBIS4-19993 0
440 0 FBIS4-20152 0
440 0 FBIS4-20396 0
440 0 FBIS4-2042 0
440 0 FBIS4-20472 0
440 0 FBIS4-2049 0
440 0 FBIS4-20504 0
440 0 FBIS4-2114 0
440 0 FBIS4-21379 0
440 0 FBIS4-2142 0
440 0 FBIS4-2204 0
440 0 FBIS4-22317 0
440 0 FBIS4-22340 0
440 0 FBIS4-22555 0
440 0 FBIS4-22569 0
440 0 FBIS4-22592 0
440 0 FBIS4-22629 0
440 0 FBIS4-23089 0
440 0 FBIS4-23114 0
440 0 FBIS4-23131 0
440 0 FBIS4-2356 0
440 0 FBIS4-23922 0
440 0 FBIS4-2459 0
440 0 FBIS4-24785 0
440 0 FBIS4-24793 0
440 0 FBIS4-25062 0
440 0 FBIS4-25085 0
440 0 FBIS4-25338 0
440 0 FBIS4-2537 0
440 0 FBIS4-25578 0
440 0 FBIS4-25655 0
440 0 FBIS4-25736 0
440 0 FBIS4-25894 0
440 0 FBIS4-26000 0
440 0 FBIS4-26428 0
440 0 FBIS4-26454 0
440 0 FBIS4-26589 0
440 0 FBIS4-26610 0
440 0 FBIS4-26680 0
440 0 FBIS4-26788 0
440 0 FBIS4-26800 0
440 0 FBIS4-26954 0
440 0 FBIS4-28039 1
440 0 FBIS4-28123 0
440 0 FBIS4-28151 0
440 0 FBIS4-28190 0
440 0 FBIS4-28312 0
440 0 FBIS4-28604 0
440 0 FBIS4-28749 0
440 0 FBIS4-29396 0
440 0 FBIS4-29428 0
440 0 FBIS4-29806 0
440 0 FBIS4-30325 0
440 0 FBIS4-31384 0
440 0 FBIS4-31787 0
440 0 FBIS4-31971 0
440 0 FBIS4-32735 0
440 0 FBIS4-32952 0
440 0 FBIS4-33000 0
440 0 FBIS4-33220 0
440 0 FBIS4-3334 0
440 0 FBIS4-33343 0
440 0 FBIS4-33435 0
440 0 FBIS4-3354 0
440 0 FBIS4-33740 0
440 0 FBIS4-33830 0
440 0 FBIS4-34048 0
440 0 FBIS4-34088 0
440 0 FBIS4-34236 0
440 0 FBIS4-34934 0
440 0 FBIS4-35119 0
440 0 FBIS4-36088 0
440 0 FBIS4-3747 0
440 0 FBIS4-37601 0
440 0 FBIS4-38591 0
440 0 FBIS4-3883 0
440 0 FBIS4-3910 0
440 0 FBIS4-40221 0
440 0 FBIS4-40514 0
440 0 FBIS4-40961 0
440 0 FBIS4-41960 0
440 0 FBIS4-42 0
440 0 FBIS4-42493 0
440 0 FBIS4-4250 0
440 0 FBIS4-42516 0
440 0 FBIS4-42828 1
440 0 FBIS4-42880 1
440 0 FBIS4-42911 1
440 0 FBIS4-43035 1
440 0 FBIS4-43246 1
440 0 FBIS4-43321 0
440 0 FBIS4-43924 0
440 0 FBIS4-44396 0
440 0 FBIS4-44409 0
440 0 FBIS4-44420 0
440 0 FBIS4-44424 0
440 0 FBIS4-44458 0
440 0 FBIS4-44474 0
440 0 FBIS4-44475 0
440 0 FBIS4-44476 0
440 0 FBIS4-44477 0
440 0 FBIS4-44523 0
440 0 FBIS4-44526 0
440 0 FBIS4-44534 0
440 0 FBIS4-44915 0
440 0 FBIS4-45046 0
440 0 FBIS4-45630 0
440 0 FBIS4-45664 0
440 0 FBIS4-46469 0
440 0 FBIS4-46649 0
440 0 FBIS4-46763 0
440 0 FBIS4-46867 0
440 0 FBIS4-46898 0
440 0 FBIS4-47140 0
440 0 FBIS4-47609 0
440 0 FBIS4-47629 0
440 0 FBIS4-48204 0
440 0 FBIS4-49021 0
440 0 FBIS4-49245 0
440 0 FBIS4-49346 0
440 0 FBIS4-49402 0
440 0 FBIS4-49412 0
440 0 FBIS4-49652 0
440 0 FBIS4-49832 0
440 0 FBIS4-4997 1
440 0 FBIS4-50133 0
440 0 FBIS4-50193 0
440 0 FBIS4-50287 0
440 0 FBIS4-50570 0
440 0 FBIS4-50706 0
440 0 FBIS4-50874 0
440 0 FBIS4-50987 0
440 0 FBIS4-51054 0
440 0 FBIS4-51178 0
440 0 FBIS4-51328 0
440 0 FBIS4-51740 0
440 0 FBIS4-51809 0
440 0 FBIS4-51932 0
440 0 FBIS4-52030 0
440 0 FBIS4-52438 0
440 0 FBIS4-52681 1
440 0 FBIS4-52731 0
440 0 FBIS4-52825 0
440 0 FBIS4-52991 0
440 0 FBIS4-53303 0
440 0 FBIS4-53638 0
440 0 FBIS4-53671 0
440 0 FBIS4-54622 0
440 0 FBIS4-5607 0
440 0 FBIS4-56361 0
440 0 FBIS4-56436 0
440 0 FBIS4-56450 0
440 0 FBIS4-56463 0
440 0 FBIS4-56656 0
440 0 FBIS4-57220 0
440 0 FBIS4-57237 0
440 0 FBIS4-57338 0
440 0 FBIS4-57341 0
440 0 FBIS4-57370 0
440 0 FBIS4-57468 0
440 0 FBIS4-57573 0
440 0 FBIS4-57614 0
440 0 FBIS4-57817 0
440 0 FBIS4-57979 0
440 0 FBIS4-58121 0
440 0 FBIS4-5852 1
440 0 FBIS4-5860 0
440 0 FBIS4-58613 0
440 0 FBIS4-58616 0
440 0 FBIS4-6120 0
440 0 FBIS4-61213 0
440 0 FBIS4-61783 0
440 0 FBIS4-6291 0
440 0 FBIS4-6307 0
440 0 FBIS4-64333 0
440 0 FBIS4-64341 0
440 0 FBIS4-64900 0
440 0 FBIS4-64922 0
440 0 FBIS4-65725 0
440 0 FBIS4-65736 1
440 0 FBIS4-65867 1
440 0 FBIS4-65943 0
440 0 FBIS4-66161 0
440 0 FBIS4-66170 0
440 0 FBIS4-66194 0
440 0 FBIS4-66197 0
440 0 FBIS4-66203 0
440 0 FBIS4-66263 0
440 0 FBIS4-66264 0
440 0 FBIS4-66265 0
440 0 FBIS4-66278 0
440 0 FBIS4-66288 0
440 0 FBIS4-66291 0
440 0 FBIS4-66307 0
440 0 FBIS4-66308 0
440 0 FBIS4-66529 1
440 0 FBIS4-66586 0
440 0 FBIS4-66698 0
440 0 FBIS4-67004 0
440 0 FBIS4-67533 0
440 0 FBIS4-68430 0
440 0 FBIS4-68471 0
440 0 FBIS4-68481 0
440 0 FBIS4-68562 0
440 0 FBIS4-68611 0
440 0 FBIS4-68723 1
440 0 FBIS4-68893 0
440 0 FBIS4-7160 0
440 0 FBIS4-8548 0
440 0 FBIS4-8665 0
440 0 FBIS4-9354 0
440 0 FBIS4-9683 0
440 0 FR940106-0-00145 0
440 0 FR940111-2-00055 0
440 0 FR940111-2-00106 0
440 0 FR940112-0-00026 0
440 0 FR940114-1-00049 0
440 0 FR940114-1-00050 0
440 0 FR940114-2-00131 0
440 0 FR940118-0-00058 0
440 0 FR940118-0-00076 0
440 0 FR940118-0-00078 0
440 0 FR940126-2-00101 0
440 0 FR940126-2-00102 0
440 0 FR940127-2-00126 0
440 0 FR940128-1-00018 0
440 0 FR940128-2-00187 0
440 0 FR940202-2-00155 0
440 0 FR940202-2-00157 0
440 0 FR940203-2-00069 0
440 0 FR940203-2-00081 0
440 0 FR940203-2-00123 0
440 0 FR940204-1-00053 0
440 0 FR940216-0-00013 0
440 0 FR940228-2-00003 0
440 0 FR940302-1-00027 0
440 0 FR940302-2-00057 0
440 0 FR940302-2-00080 0
440 0 FR940303-2-00091 0
440 0 FR940303-2-00137 0
440 0 FR940304-1-00136 0
440 0 FR940304-1-00153 0
440 0 FR940304-1-00155 0
440 0 FR940314-2-00037 0
440 0 FR940317-1-00032 0
440 0 FR940318-0-00064 0
440 0 FR940318-2-00081 0
440 0 FR940323-0-00040 0
440 0 FR940323-0-00042 0
440 0 FR940323-0-00065 0
440 0 FR940323-0-00078 0
440 0 FR940323-1-00013 0
440 0 FR940323-1-00015 0
440 0 FR940324-2-00020 0
440 0 FR940324-2-00077 0
440 0 FR940324-2-00097 0
440 0 FR940325-2-00144 0
440 0 FR940328-2-00098 0
440 0 FR940405-0-00053 0
440 0 FR940405-0-00054 0
440 0 FR940405-0-00056 0
440 0 FR940405-0-00057 0
440 0 FR940406-0-00115 0
440 0 FR940406-0-00190 0
440 0 FR940406-2-00002 0
440 0 FR940406-2-00038 0
440 0 FR940406-2-00070 0
440 0 FR940406-2-00078 0
440 0 FR940407-0-00013 0
440 0 FR940412-2-00007 0
440 0 FR940412-2-00011 0
440 0 FR940412-2-00012 0
440 0 FR940412-2-00122 0
440 0 FR940412-2-00124 0
440 0 FR940413-0-00006 0
440 0 FR940414-1-00082 0
440 0 FR940418-2-00074 0
440 0 FR940419-1-00069 0
440 0 FR940419-1-00081 0
440 0 FR940419-2-00039 0
440 0 FR940419-2-00040 0
440 0 FR940419-2-00042 0
440 0 FR940419-2-00043 0
440 0 FR940419-2-00044 0
440 0 FR940419-2-00045 0
440 0 FR940419-2-00046 0
440 0 FR940425-1-00012 0
440 0 FR940425-2-00080 0
440 0 FR940426-0-00081 0
440 0 FR940426-2-00128 0
440 0 FR940428-0-00041 0
440 0 FR940503-0-00033 0
440 0 FR940503-0-00039 0
440 0 FR940503-0-00044 0
440 0 FR940505-2-00139 0
440 0 FR940506-2-00127 0
440 0 FR940511-1-00046 0
440 0 FR940511-1-00048 0
440 0 FR940511-1-00052 0
440 0 FR940511-1-00055 0
440 0 FR940511-1-00056 0
440 0 FR940511-1-00057 0
440 0 FR940511-1-00059 0
440 0 FR940511-1-00060 0
440 0 FR940511-1-00062 0
440 0 FR940511-1-00063 0
440 0 FR940511-1-00064 0
440 0 FR940511-1-00065 0
440 0 FR940512-0-00017 0
440 0 FR940512-2-00047 0
440 0 FR940512-2-00172 0
440 0 FR940512-2-00180 0
440 0 FR940513-0-00129 0
440 0 FR940513-1-00109 0
440 0 FR940513-1-00111 0
440 0 FR940516-2-00062 0
440 0 FR940524-2-00075 0
440 0 FR940526-2-00118 0
440 0 FR940526-2-00119 0
440 0 FR940527-0-00009 0
440 0 FR940527-0-00012 0
440 0 FR940527-0-00088 0
440 0 FR940527-1-00046 0
440 0 FR940527-2-00135 0
440 0 FR940603-1-00046 0
440 0 FR940603-1-00192 0
440 0 FR940603-2-00110 0
440 0 FR940610-2-00070 0
440 0 FR940610-2-00071 0
440 0 FR940610-2-00109 0
440 0 FR940613-0-00138 0
440 0 FR940613-2-00126 0
440 0 FR940616-1-00019 0
440 0 FR940617-0-00245 0
440 0 FR940617-2-00128 0
440 0 FR940617-2-00147 0
440 0 FR940617-2-00223 0
440 0 FR940620-1-00059 0
440 0 FR940620-1-00090 0
440 0 FR940620-2-00038 0
440 0 FR940620-2-00063 0
440 0 FR940620-2-00115 0
440 0 FR940620-2-00116 0
440 0 FR940620-2-00117 0
440 0 FR940620-2-00123 0
440 0 FR940621-2-00115 0
440 0 FR940621-2-00116 0
440 0 FR940622-0-00072 0
440 0 FR940622-0-00082 0
440 0 FR940627-2-00029 0
440 0 FR940627-2-00030 0
440 0 FR940627-2-00033 0
440 0 FR940627-2-00035 0
440 0 FR940627-2-00040 0
440 0 FR940627-2-00041 0
440 0 FR940627-2-00043 0
440 0 FR940706-2-00003 0
440 0 FR940706-2-00005 0
440 0 FR940707-2-00152 0
440 0 FR940711-2-00099 0
440 0 FR940713-1-00034 0
440 0 FR940719-0-00028 0
440 0 FR940719-0-00061 0
440 0 FR940719-2-00083 0
440 0 FR940719-2-00159 0
440 0 FR940721-0-00023 0
440 0 FR940721-0-00024 0
440 0 FR940721-0-00032 0
440 0 FR940721-0-00033 0
440 0 FR940721-2-00045 0
440 0 FR940721-2-00156 0
440 0 FR940725-0-00043 0
440 0 FR940725-0-00045 0
440 0 FR940725-0-00048 0
440 0 FR940725-0-00051 0
440 0 FR940725-0-00052 0
440 0 FR940725-0-00053 0
440 0 FR940725-0-00054 0
440 0 FR940725-0-00055 0
440 0 FR940725-0-00057 0
440 0 FR940725-0-00059 0
440 0 FR940725-0-00065 0
440 0 FR940725-0-00066 0
440 0 FR940725-0-00067 0
440 0 FR940725-2-00004 0
440 0 FR940725-2-00089 0
440 0 FR940727-0-00110 0
440 0 FR940728-2-00151 0
440 0 FR940803-2-00061 0
440 0 FR940805-1-00055 0
440 0 FR940805-1-00089 0
440 0 FR940805-1-00112 0
440 0 FR940805-2-00090 0
440 0 FR940810-0-00118 0
440 0 FR940810-0-00185 0
440 0 FR940810-2-00068 0
440 0 FR940810-2-00092 0
440 0 FR940812-0-00075 0
440 0 FR940817-2-00238 0
440 0 FR940819-2-00097 0
440 0 FR940822-0-00062 0
440 0 FR940822-2-00119 0
440 0 FR940822-2-00121 0
440 0 FR940830-1-00106 0
440 0 FR940831-2-00165 0
440 0 FR940831-2-00166 0
440 0 FR940902-0-00103 0
440 0 FR940902-0-00110 0
440 0 FR940902-0-00126 0
440 0 FR940902-2-00038 0
440 0 FR940907-2-00078 0
440 0 FR940912-1-00033 0
440 0 FR940912-1-00059 0
440 0 FR940912-2-00075 0
440 0 FR940916-2-00076 0
440 0 FR940919-2-00060 0
440 0 FR940919-2-00099 0
440 0 FR940919-2-00131 0
440 0 FR940922-2-00013 0
440 0 FR940927-2-00031 0
440 0 FR940928-1-00051 0
440 0 FR940930-0-00045 0
440 0 FR941003-2-00037 0
440 0 FR941004-1-00069 0
440 0 FR941004-1-00070 0
440 0 FR941004-1-00071 0
440 0 FR941004-1-00074 0
440 0 FR941004-1-00075 0
440 0 FR941004-1-00080 0
440 0 FR941004-1-00087 0
440 0 FR941004-1-00088 0
440 0 FR941004-1-00091 0
440 0 FR941004-1-00092 0
440 0 FR941004-1-00093 0
440 0 FR941004-1-00106 0
440 0 FR941004-1-00107 0
440 0 FR941004-1-00108 0
440 0 FR941004-1-00109 0
440 0 FR941004-1-00111 0
440 0 FR941004-1-00115 0
440 0 FR941004-2-00140 0
440 0 FR941006-1-00116 0
440 0 FR941006-2-00179 0
440 0 FR941006-2-00181 0
440 0 FR941007-1-00037 0
440 0 FR941007-1-00043 0
440 0 FR941011-0-00015 0
440 0 FR941011-1-00029 0
440 0 FR941012-2-00173 0
440 0 FR941012-2-00174 0
440 0 FR941012-2-00178 0
440 0 FR941012-2-00179 0
440 0 FR941012-2-00180 0
440 0 FR941012-2-00181 0
440 0 FR941020-1-00043 0
440 0 FR941021-2-00059 0
440 0 FR941025-2-00024 0
440 0 FR941025-2-00062 0
440 0 FR941025-2-00063 0
440 0 FR941025-2-00068 0
440 0 FR941028-2-00116 0
440 0 FR941031-1-00028 0
440 0 FR941104-2-00090 0
440 0 FR941110-0-00054 0
440 0 FR941110-2-00003 0
440 0 FR941117-1-00036 0
440 0 FR941117-2-00158 0
440 0 FR941122-1-00040 0
440 0 FR941125-2-00142 0
440 0 FR941202-1-00033 0
440 0 FR941202-2-00064 0
440 0 FR941202-2-00073 0
440 0 FR941202-2-00188 0
440 0 FR941207-0-00114 0
440 0 FR941207-2-00053 0
440 0 FR941213-0-00013 0
440 0 FR941216-2-00138 0
440 0 FR941220-0-00081 0
440 0 FR941220-0-00100 0
440 0 FR941220-0-00101 0
440 0 FR941220-0-00113 0
440 0 FR941220-0-00124 0
440 0 FR941221-0-00024 0
440 0 FR941221-0-00028 0
440 0 FR941222-0-00112 0
440 0 FR941227-0-00052 0
440 0 FR941227-0-00059 0
440 0 FR941227-0-00118 0
440 0 FR941230-0-00119 0
440 0 FR941230-1-00026 0
440 0 FR941230-2-00086 0
440 0 FR941230-2-00124 0
440 0 FR941230-2-00127 0
440 0 FR941230-2-00131 0
440 0 FR941230-2-00134 0
440 0 FR941230-2-00136 0
440 0 FR941230-2-00147 0
440 0 FT911-1456 0
440 0 FT911-1629 0
440 0 FT911-1924 0
440 0 FT911-2313 0
440 0 FT911-2430 0
440 0 FT911-3519 0
440 0 FT911-3759 0
440 0 FT911-38 0
440 0 FT911-4057 0
440 0 FT911-4118 0
440 0 FT911-4569 0
440 0 FT911-5061 0
440 0 FT911-5194 0
440 0 FT911-902 0
440 0 FT921-10576 0
440 0 FT921-10962 0
440 0 FT921-11656 0
440 0 FT921-1171 0
440 0 FT921-13078 0
440 0 FT921-13150 0
440 0 FT921-13152 0
440 0 FT921-13242 0
440 0 FT921-13253 0
440 0 FT921-13254 0
440 0 FT921-13788 0
440 0 FT921-13835 0
440 0 FT921-14239 0
440 0 FT921-14449 0
440 0 FT921-14537 0
440 0 FT921-15027 0
440 0 FT921-1573 0
440 0 FT921-16274 0
440 0 FT921-1645 0
440 0 FT921-2350 0
440 0 FT921-2369 0
440 0 FT921-2818 1
440 0 FT921-2895 0
440 0 FT921-2897 0
440 0 FT921-2899 0
440 0 FT921-2937 0
440 0 FT921-3314 0
440 0 FT921-3337 0
440 0 FT921-4016 0
440 0 FT921-4035 0
440 0 FT921-4181 0
440 0 FT921-4188 0
440 0 FT921-4748 0
440 0 FT921-49 0
440 0 FT921-5773 0
440 0 FT921-5926 0
440 0 FT921-598 0
440 0 FT921-6583 0
440 0 FT921-6637 0
440 0 FT921-738 0
440 0 FT921-7765 0
440 0 FT921-7824 0
440 0 FT921-8181 0
440 0 FT921-8328 0
440 0 FT921-90 0
440 0 FT921-9134 0
440 0 FT921-982 0
440 0 FT922-10748 0
440 0 FT922-10901 0
440 0 FT922-1130 0
440 0 FT922-12726 0
440 0 FT922-13310 0
440 0 FT922-13579 0
440 0 FT922-14516 0
440 0 FT922-14559 0
440 0 FT922-14674 0
440 0 FT922-14686 0
440 0 FT922-14766 0
440 0 FT922-14827 0
440 0 FT922-14907 0
440 0 FT922-14911 0
440 0 FT922-1679 0
440 0 FT922-2447 0
440 0 FT922-2751 0
440 0 FT922-3539 0
440 0 FT922-4311 0
440 0 FT922-608 0
440 0 FT922-6745 0
440 0 FT922-7438 0
440 0 FT922-770 1
440 0 FT922-789 0
440 0 FT922-7911 0
440 0 FT922-851 0
440 0 FT923-14531 0
440 0 FT923-2297 0
440 0 FT923-2631 0
440 0 FT923-3189 0
440 0 FT923-5310 0
440 0 FT923-5710 0
440 0 FT923-8618 0
440 0 FT924-10997 0
440 0 FT924-1203 0
440 0 FT924-1207 0
440 0 FT924-12237 0
440 0 FT924-12675 0
440 0 FT924-12824 0
440 0 FT924-13528 0
440 0 FT924-15428 0
440 0 FT924-15639 0
440 0 FT924-15640 0
440 0 FT924-1664 0
440 0 FT924-17 0
440 0 FT924-3177 0
440 0 FT924-3729 0
440 0 FT924-54 0
440 0 FT924-5593 0
440 0 FT924-6929 0
440 0 FT924-6978 0
440 0 FT924-7503 0
440 0 FT924-829 0
440 0 FT924-9436 0
440 0 FT931-10197 0
440 0 FT931-10302 0
440 0 FT931-10588 0
440 0 FT931-10998 0
440 0 FT931-11363 0
440 0 FT931-11532 0
440 0 FT931-1363 0
440 0 FT931-1366 0
440 0 FT931-14527 0
440 0 FT931-16090 0
440 0 FT931-1879 0
440 0 FT931-1883 0
440 0 FT931-1885 0
440 0 FT931-3321 0
440 0 FT931-3382 0
440 0 FT931-3665 0
440 0 FT931-3666 0
440 0 FT931-4377 0
440 0 FT931-6426 0
440 0 FT931-7346 0
440 0 FT931-7992 0
440 0 FT931-8729 0
440 0 FT931-8911 0
440 0 FT931-8949 0
440 0 FT931-9192 0
440 0 FT931-9339 0
440 0 FT932-10176 0
440 0 FT932-10292 0
440 0 FT932-12323 0
440 0 FT932-12996 0
440 0 FT932-14842 0
440 0 FT932-16563 0
440 0 FT932-16672 0
440 0 FT932-1835 0
440 0 FT932-1980 0
440 0 FT932-4216 0
440 0 FT932-4221 0
440 0 FT932-5583 0
440 0 FT932-5841 0
440 0 FT932-6544 0
440 0 FT932-708 0
440 0 FT932-7509 0
440 0 FT932-8760 0
440 0 FT933-10319 0
440 0 FT933-10979 0
440 0 FT933-11770 0
440 0 FT933-11977 0
440 0 FT933-15028 0
440 0 FT933-3216 0
440 0 FT933-3492 0
440 0 FT933-3714 0
440 0 FT933-6748 0
440 0 FT933-6982 0
440 0 FT933-706 0
440 0 FT933-8379 0
440 0 FT933-8448 0
440 0 FT933-8643 0
440 0 FT933-8677 1
440 0 FT933-8694 1
440 0 FT933-9007 1
440 0 FT934-10983 0
440 0 FT934-12831 0
440 0 FT934-15460 0
440 0 FT934-1548 0
440 0 FT934-2720 0
440 0 FT934-3445 0
440 0 FT934-3943 0
440 0 FT934-4215 0
440 0 FT934-789 0
440 0 FT934-8196 1
440 0 FT934-8650 0
440 0 FT934-9 0
440 0 FT934-9422 1
440 0 FT934-9706 0
440 0 FT941-10085 0
440 0 FT941-10575 0
440 0 FT941-10801 0
440 0 FT941-10995 0
440 0 FT941-12426 0
440 0 FT941-14322 0
440 0 FT941-14765 0
440 0 FT941-15516 0
440 0 FT941-16379 0
440 0 FT941-1740 1
440 0 FT941-1768 0
440 0 FT941-3535 1
440 0 FT941-4760 0
440 0 FT941-516 1
440 0 FT941-890 1
440 0 FT941-8961 0
440 0 FT942-10331 0
440 0 FT942-10383 0
440 0 FT942-10398 0
440 0 FT942-10717 0
440 0 FT942-1268 0
440 0 FT942-12835 0
440 0 FT942-13757 0
440 0 FT942-14495 0
440 0 FT942-14562 0
440 0 FT942-14996 0
440 0 FT942-15012 0
440 0 FT942-15731 0
440 0 FT942-15928 0
440 0 FT942-17293 1
440 0 FT942-17626 0
440 0 FT942-1963 0
440 0 FT942-3458 0
440 0 FT942-3972 0
440 0 FT942-5324 0
440 0 FT942-5490 0
440 0 FT942-5760 0
440 0 FT942-6230 0
440 0 FT942-6974 0
440 0 FT942-780 0
440 0 FT943-10006 0
440 0 FT943-10059 0
440 0 FT943-10140 0
440 0 FT943-10157 0
440 0 FT943-10167 0
440 0 FT943-10208 0
440 0 FT943-10230 0
440 0 FT943-10395 0
440 0 FT943-11106 0
440 0 FT943-11326 0
440 0 FT943-12073 0
440 0 FT943-12550 0
440 0 FT943-15936 0
440 0 FT943-16414 0
440 0 FT943-16503 0
440 0 FT943-16626 0
440 0 FT943-1902 0
440 0 FT943-2618 0
440 0 FT943-3011 0
440 0 FT943-4011 0
440 0 FT943-5120 0
440 0 FT943-6180 0
440 0 FT943-719 0
440 0 FT943-787 0
440 0 FT943-810 0
440 0 FT943-8522 0
440 0 FT943-8738 0
440 0 FT943-989 0
440 0 FT943-9933 0
440 0 FT944-10925 0
440 0 FT944-11065 0
440 0 FT944-12065 0
440 0 FT944-12284 0
440 0 FT944-14051 0
440 0 FT944-14141 0
440 0 FT944-16047 0
440 0 FT944-16265 0
440 0 FT944-17972 0
440 0 FT944-18134 0
440 0 FT944-18436 0
440 0 FT944-26 0
440 0 FT944-3545 0
440 0 FT944-4452 0
440 0 FT944-5257 0
440 0 FT944-5549 0
440 0 FT944-6228 0
440 0 FT944-6235 0
440 0 FT944-640 0
440 0 FT944-6659 0
440 0 FT944-6725 0
440 0 FT944-9086 0
440 0 FT944-9139 0
440 0 FT944-9427 0
440 0 LA010190-0025 0
440 0 LA010190-0081 0
440 0 LA010289-0021 0
440 0 LA010290-0066 0
440 0 LA010290-0098 0
440 0 LA010390-0047 0
440 0 LA010489-0002 0
440 0 LA010489-0034 0
440 0 LA010490-0195 0
440 0 LA010490-0215 0
440 0 LA010589-0199 0
440 0 LA010589-0204 0
440 0 LA010590-0127 0
440 0 LA010590-0149 0
440 0 LA010689-0011 0
440 0 LA010690-0071 0
440 0 LA010790-0046 0
440 0 LA010790-0123 0
440 0 LA010790-0216 0
440 0 LA010790-0226 0
440 0 LA011089-0061 0
440 0 LA011089-0120 0
440 0 LA011190-0142 0
440 0 LA011289-0159 0
440 0 LA011790-0007 0
440 0 LA011790-0020 0
440 0 LA011889-0112 0
440 0 LA011890-0156 0
440 0 LA011890-0218 0
440 0 LA011989-0107 0
440 0 LA011990-0093 0
440 0 LA012090-0148 0
440 0 LA012189-0011 0
440 0 LA012189-0132 0
440 0 LA012190-0063 0
440 0 LA012389-0038 0
440 0 LA012389-0073 0
440 0 LA012490-0129 0
440 0 LA012490-0138 0
440 0 LA012589-0081 0
440 0 LA012689-0087 0
440 0 LA012689-0106 0
440 0 LA012889-0129 0
440 0 LA012989-0167 0
440 0 LA012989-0170 0
440 0 LA020289-0071 0
440 0 LA020389-0042 0
440 0 LA020390-0019 0
440 0 LA020390-0146 0
440 0 LA020589-0007 0
440 0 LA020690-0082 0
440 0 LA020889-0063 0
440 0 LA020890-0218 0
440 0 LA021190-0069 0
440 0 LA021390-0035 0
440 0 LA021390-0125 0
440 0 LA021489-0138 0
440 0 LA021790-0120 0
440 0 LA021989-0004 0
440 0 LA021989-0045 0
440 0 LA021989-0073 0
440 0 LA021990-0035 0
440 0 LA021990-0097 0
440 0 LA022189-0017 0
440 0 LA022190-0001 0
440 0 LA022190-0118 0
440 0 LA022289-0129 0
440 0 LA022389-0200 0
440 0 LA022489-0108 0
440 0 LA022590-0003 0
440 0 LA022689-0060 0
440 0 LA022689-0179 0
440 0 LA022690-0011 0
440 0 LA022789-0012 0
440 0 LA030189-0061 0
440 0 LA030189-0098 0
440 0 LA030289-0088 0
440 0 LA030590-0067 0
440 0 LA030889-0040 0
440 0 LA030890-0156 0
440 0 LA030989-0089 0
440 0 LA030989-0118 0
440 0 LA031089-0159 0
440 0 LA031089-0160 0
440 0 LA031090-0108 0
440 0 LA031289-0119 0
440 0 LA031289-0210 0
440 0 LA031590-0118 0
440 0 LA031690-0112 1
440 0 LA031690-0157 0
440 0 LA031690-0203 0
440 0 LA031790-0088 0
440 0 LA031890-0125 0
440 0 LA031989-0049 0
440 0 LA032389-0112 0
440 0 LA032489-0020 0
440 0 LA032589-0114 0
440 0 LA032590-0097 0
440 0 LA032690-0002 0
440 0 LA032889-0053 0
440 0 LA032990-0123 0
440 0 LA032990-0174 0
440 0 LA032990-0206 0
440 0 LA032990-0208 0
440 0 LA033189-0012 0
440 0 LA040190-0222 0
440 0 LA040289-0131 0
440 0 LA040289-0159 0
440 0 LA040290-0068 0
440 0 LA040290-0137 0
440 0 LA040390-0030 0
440 0 LA040390-0202 0
440 0 LA040589-0067 0
440 0 LA040689-0096 0
440 0 LA040690-0084 0
440 0 LA040989-0087 0
440 0 LA040990-0001 0
440 0 LA040990-0065 0
440 0 LA041090-0008 0
440 0 LA041090-0010 0
440 0 LA041090-0011 0
440 0 LA041190-0111 0
440 0 LA041390-0058 0
440 0 LA041589-0062 0
440 0 LA041590-0039 0
440 0 LA041689-0061 0
440 0 LA041689-0173 0
440 0 LA041890-0008 0
440 0 LA041990-0098 0
440 0 LA041990-0237 0
440 0 LA042090-0107 0
440 0 LA042289-0063 0
440 0 LA042389-0005 0
440 0 LA042589-0113 0
440 0 LA042590-0137 0
440 0 LA042790-0024 0
440 0 LA042790-0115 0
440 0 LA042890-0003 0
440 0 LA042890-0134 0
440 0 LA042990-0183 0
440 0 LA043089-0068 0
440 0 LA050289-0061 0
440 0 LA050389-0054 0
440 0 LA050589-0135 0
440 0 LA050690-0056 0
440 0 LA050690-0217 0
440 0 LA050789-0068 0
440 0 LA050890-0094 0
440 0 LA050890-0155 0
440 0 LA051189-0025 0
440 0 LA051189-0052 0
440 0 LA051189-0163 0
440 0 LA051189-0190 0
440 0 LA051190-0070 0
440 0 LA051190-0082 0
440 0 LA051190-0104 0
440 0 LA051289-0104 0
440 0 LA051390-0161 0
440 0 LA051490-0079 0
440 0 LA051589-0011 0
440 0 LA051590-0085 0
440 0 LA051689-0072 0
440 0 LA051690-0005 0
440 0 LA051789-0053 0
440 0 LA051790-0058 0
440 0 LA051790-0158 0
440 0 LA051790-0172 0
440 0 LA051889-0151 0
440 0 LA051989-0142 0
440 0 LA051990-0122 0
440 0 LA052089-0069 0
440 0 LA052090-0153 0
440 0 LA052090-0236 0
440 0 LA052189-0062 0
440 0 LA052189-0089 0
440 0 LA052390-0081 0
440 0 LA052589-0174 0
440 0 LA052690-0131 0
440 0 LA052789-0102 0
440 0 LA052889-0206 0
440 0 LA052989-0074 0
440 0 LA053189-0056 0
440 0 LA053190-0137 0
440 0 LA060189-0068 0
440 0 LA060189-0090 0
440 0 LA060189-0162 0
440 0 LA060190-0093 0
440 0 LA060389-0127 0
440 0 LA060390-0087 0
440 0 LA060390-0125 0
440 0 LA060689-0077 0
440 0 LA060790-0182 0
440 0 LA060889-0071 0
440 0 LA060989-0126 0
440 0 LA060990-0137 0
440 0 LA061089-0071 0
440 0 LA061289-0083 0
440 0 LA061290-0135 0
440 0 LA061389-0147 0
440 0 LA061390-0059 0
440 0 LA061490-0167 0
440 0 LA061490-0182 0
440 0 LA061589-0039 0
440 0 LA061590-0042 0
440 0 LA061690-0005 0
440 0 LA061789-0139 0
440 0 LA061790-0081 0
440 0 LA061889-0060 0
440 0 LA061889-0111 0
440 0 LA062189-0052 0
440 0 LA062289-0183 0
440 0 LA062290-0166 0
440 0 LA062389-0145 0
440 0 LA062390-0075 0
440 0 LA062489-0009 0
440 0 LA062889-0013 0
440 0 LA070189-0018 0
440 0 LA070189-0078 0
440 0 LA070190-0096 0
440 0 LA070190-0126 0
440 0 LA070289-0006 0
440 0 LA070289-0039 0
440 0 LA070290-0004 0
440 0 LA070290-0107 0
440 0 LA070589-0084 0
440 0 LA070689-0073 0
440 0 LA070689-0140 0
440 0 LA070690-0028 0
440 0 LA070690-0034 0
440 0 LA070889-0100 0
440 0 LA070890-0017 0
440 0 LA070890-0048 0
440 0 LA070989-0148 0
440 0 LA071290-0003 0
440 0 LA071290-0102 0
440 0 LA071389-0062 0
440 0 LA071389-0141 0
440 0 LA071489-0059 0
440 0 LA071590-0064 0
440 0 LA071590-0170 0
440 0 LA071590-0180 0
440 0 LA071789-0062 0
440 0 LA071889-0128 0
440 0 LA071989-0036 0
440 0 LA071990-0168 0
440 0 LA072289-0133 0
440 0 LA072390-0036 0
440 0 LA072489-0003 0
440 0 LA072490-0183 0
440 0 LA072590-0102 0
440 0 LA072590-0104 0
440 0 LA072590-0108 0
440 0 LA072690-0009 0
440 0 LA072690-0072 0
440 0 LA072789-0107 0
440 0 LA072990-0223 0
440 0 LA073089-0119 0
440 0 LA073090-0040 0
440 0 LA073189-0059 0
440 0 LA073190-0019 0
440 0 LA073190-0125 0
440 0 LA080189-0011 0
440 0 LA080190-0027 0
440 0 LA080290-0179 0
440 0 LA080290-0225 0
440 0 LA080389-0124 0
440 0 LA080390-0051 0
440 0 LA080390-0141 0
440 0 LA080590-0027 0
440 0 LA080789-0077 0
440 0 LA080790-0150 0
440 0 LA080890-0126 0
440 0 LA081190-0029 0
440 0 LA081190-0059 0
440 0 LA081290-0031 0
440 0 LA081290-0032 0
440 0 LA081290-0150 0
440 0 LA081290-0193 0
440 0 LA081489-0066 0
440 0 LA081490-0032 0
440 0 LA081490-0123 0
440 0 LA081590-0057 0
440 0 LA081789-0173 0
440 0 LA081890-0126 0
440 0 LA081989-0030 0
440 0 LA082090-0076 0
440 0 LA082190-0020 0
440 0 LA082389-0072 0
440 0 LA082390-0031 0
440 0 LA082490-0058 0
440 0 LA082589-0083 0
440 0 LA082789-0086 0
440 0 LA083189-0119 0
440 0 LA083190-0040 0
440 0 LA090189-0141 0
440 0 LA090190-0095 0
440 0 LA090190-0100 0
440 0 LA090389-0004 0
440 0 LA090390-0002 0
440 0 LA090390-0007 0
440 0 LA090390-0047 0
440 0 LA090589-0109 0
440 0 LA090789-0078 0
440 0 LA090890-0005 0
440 0 LA090989-0087 0
440 0 LA091089-0075 0
440 0 LA091089-0160 0
440 0 LA091189-0044 0
440 0 LA091390-0231 0
440 0 LA091489-0007 0
440 0 LA091490-0061 0
440 0 LA091490-0138 0
440 0 LA091690-0062 0
440 0 LA091989-0101 0
440 0 LA092090-0096 0
440 0 LA092090-0234 0
440 0 LA092189-0172 0
440 0 LA092289-0127 0
440 0 LA092290-0178 0
440 0 LA092489-0010 0
440 0 LA092489-0035 0
440 0 LA092489-0044 0
440 0 LA092489-0092 0
440 0 LA092590-0067 0
440 0 LA092590-0201 0
440 0 LA092789-0107 0
440 0 LA092789-0117 0
440 0 LA092790-0032 0
440 0 LA092790-0237 0
440 0 LA092889-0002 0
440 0 LA092889-0084 0
440 0 LA093090-0068 0
440 0 LA093090-0199 0
440 0 LA093090-0213 0
440 0 LA100189-0049 0
440 0 LA100189-0182 0
440 0 LA100189-0201 0
440 0 LA100389-0030 0
440 0 LA100390-0019 0
440 0 LA100490-0064 0
440 0 LA100490-0075 0
440 0 LA100490-0104 0
440 0 LA100589-0183 0
440 0 LA100589-0211 0
440 0 LA100589-0218 0
440 0 LA100590-0008 0
440 0 LA100689-0050 0
440 0 LA100690-0050 0
440 0 LA100690-0139 0
440 0 LA100789-0092 0
440 0 LA100790-0009 0
440 0 LA100790-0049 0
440 0 LA100989-0084 0
440 0 LA101089-0079 0
440 0 LA101090-0030 0
440 0 LA101290-0131 0
440 0 LA101489-0006 0
440 0 LA101589-0124 0
440 0 LA101589-0187 0
440 0 LA101690-0046 0
440 0 LA101690-0121 0
440 0 LA101690-0131 0
440 0 LA101890-0055 0
440 0 LA101890-0143 0
440 0 LA101989-0164 0
440 0 LA101990-0078 0
440 0 LA101990-0080 0
440 0 LA102089-0084 0
440 0 LA102090-0062 0
440 0 LA102189-0050 0
440 0 LA102189-0149 0
440 0 LA102189-0174 0
440 0 LA102190-0094 0
440 0 LA102390-0050 0
440 0 LA102390-0066 0
440 0 LA102489-0045 0
440 0 LA102590-0193 0
440 0 LA102590-0217 0
440 0 LA102590-0226 0
440 0 LA102789-0140 0
440 0 LA102890-0059 0
440 0 LA102989-0055 0
440 0 LA102989-0189 0
440 0 LA103090-0131 0
440 0 LA103189-0111 0
440 0 LA110490-0020 0
440 0 LA110490-0220 0
440 0 LA110589-0095 0
440 0 LA110589-0258 0
440 0 LA110890-0160 0
440 0 LA110989-0138 0
440 0 LA110990-0084 0
440 0 LA111089-0018 0
440 0 LA111089-0079 0
440 0 LA111089-0086 0
440 0 LA111089-0143 0
440 0 LA111190-0197 0
440 0 LA111289-0072 0
440 0 LA111490-0084 0
440 0 LA111590-0232 0
440 0 LA111890-0098 0
440 0 LA111989-0100 0
440 0 LA112189-0033 0
440 0 LA112189-0089 0
440 0 LA112289-0037 0
440 0 LA112289-0058 0
440 0 LA112489-0089 0
440 0 LA112589-0138 0
440 0 LA112689-0080 0
440 0 LA112689-0199 0
440 0 LA112789-0064 0
440 0 LA112790-0002 0
440 0 LA112889-0108 0
440 0 LA112989-0019 0
440 0 LA113089-0119 0
440 0 LA120189-0044 0
440 0 LA120190-0116 0
440 0 LA120290-0042 0
440 0 LA120389-0223 0
440 0 LA120490-0007 0
440 0 LA120689-0012 0
440 0 LA120789-0115 0
440 0 LA120789-0174 0
440 0 LA120790-0115 0
440 0 LA120890-0148 0
440 0 LA120990-0068 0
440 0 LA121089-0224 0
440 0 LA121189-0036 0
440 0 LA121190-0097 0
440 0 LA121389-0163 0
440 0 LA121489-0221 0
440 0 LA121490-0142 0
440 0 LA121590-0017 0
440 0 LA121590-0053 0
440 0 LA121689-0029 0
440 0 LA121689-0078 0
440 0 LA121690-0072 0
440 0 LA121690-0177 0
440 0 LA121790-0005 0
440 0 LA121990-0055 0
440 0 LA121990-0067 0
440 0 LA122089-0085 0
440 0 LA122090-0261 0
440 0 LA122189-0040 0
440 0 LA122190-0097 0
440 0 LA122190-0099 0
440 0 LA122190-0115 0
440 0 LA122389-0057 0
440 0 LA122389-0115 0
440 0 LA122389-0140 0
440 0 LA122390-0218 0
440 0 LA122489-0017 0
440 0 LA122490-0037 0
440 0 LA122589-0076 0
440 0 LA122590-0045 0
440 0 LA122590-0063 0
440 0 LA122689-0139 0
440 0 LA122690-0010 0
440 0 LA122690-0068 0
440 0 LA122690-0092 0
440 0 LA122789-0015 0
440 0 LA122789-0039 0
440 0 LA122789-0042 0
440 0 LA122790-0069 0
440 0 LA122790-0161 0
440 0 LA122790-0201 0
440 0 LA123089-0127 0
440 0 LA123189-0192 0
440 0 LA123190-0042 0
