449 0 FBIS3-10033 0
449 0 FBIS3-10644 0
449 0 FBIS3-11007 0
449 0 FBIS3-11264 0
449 0 FBIS3-11279 0
449 0 FBIS3-11910 0
449 0 FBIS3-13549 0
449 0 FBIS3-14026 0
449 0 FBIS3-15267 0
449 0 FBIS3-16694 0
449 0 FBIS3-17172 0
449 0 FBIS3-1752 0
449 0 FBIS3-17552 0
449 0 FBIS3-1771 0
449 0 FBIS3-18232 0
449 0 FBIS3-1844 0
449 0 FBIS3-20050 0
449 0 FBIS3-20227 0
449 0 FBIS3-20423 0
449 0 FBIS3-20507 0
449 0 FBIS3-20838 0
449 0 FBIS3-20855 0
449 0 FBIS3-20890 0
449 0 FBIS3-21123 0
449 0 FBIS3-21268 0
449 0 FBIS3-21647 0
449 0 FBIS3-21656 0
449 0 FBIS3-22188 0
449 0 FBIS3-22489 0
449 0 FBIS3-22511 0
449 0 FBIS3-22524 0
449 0 FBIS3-22529 0
449 0 FBIS3-22546 0
449 0 FBIS3-22553 0
449 0 FBIS3-22575 0
449 0 FBIS3-22588 0
449 0 FBIS3-22658 0
449 0 FBIS3-22677 0
449 0 FBIS3-22680 0
449 0 FBIS3-22697 0
449 0 FBIS3-22759 0
449 0 FBIS3-22851 0
449 0 FBIS3-22852 0
449 0 FBIS3-23504 0
449 0 FBIS3-23742 0
449 0 FBIS3-23750 0
449 0 FBIS3-23824 0
449 0 FBIS3-23830 0
449 0 FBIS3-23945 0
449 0 FBIS3-23947 0
449 0 FBIS3-23963 0
449 0 FBIS3-23971 0
449 0 FBIS3-24145 0
449 0 FBIS3-24159 0
449 0 FBIS3-24179 0
449 0 FBIS3-24297 0
449 0 FBIS3-24304 0
449 0 FBIS3-24361 0
449 0 FBIS3-24458 0
449 0 FBIS3-24604 0
449 0 FBIS3-24617 0
449 0 FBIS3-24653 0
449 0 FBIS3-24718 0
449 0 FBIS3-24847 0
449 0 FBIS3-25271 0
449 0 FBIS3-25307 0
449 0 FBIS3-26 0
449 0 FBIS3-2614 0
449 0 FBIS3-26827 0
449 0 FBIS3-27520 0
449 0 FBIS3-28908 0
449 0 FBIS3-28909 0
449 0 FBIS3-29180 0
449 0 FBIS3-30726 0
449 0 FBIS3-31724 0
449 0 FBIS3-32408 0
449 0 FBIS3-33610 0
449 0 FBIS3-3368 0
449 0 FBIS3-33963 0
449 0 FBIS3-33985 0
449 0 FBIS3-33991 0
449 0 FBIS3-34497 0
449 0 FBIS3-3464 0
449 0 FBIS3-34860 0
449 0 FBIS3-35 0
449 0 FBIS3-35102 0
449 0 FBIS3-35387 0
449 0 FBIS3-36334 0
449 0 FBIS3-36444 0
449 0 FBIS3-3672 0
449 0 FBIS3-36946 0
449 0 FBIS3-37844 0
449 0 FBIS3-37888 0
449 0 FBIS3-37947 0
449 0 FBIS3-37950 0
449 0 FBIS3-38481 0
449 0 FBIS3-38867 0
449 0 FBIS3-3946 1
449 0 FBIS3-40176 0
449 0 FBIS3-40247 0
449 0 FBIS3-40343 1
449 0 FBIS3-40450 0
449 0 FBIS3-40527 0
449 0 FBIS3-40637 0
449 0 FBIS3-41130 0
449 0 FBIS3-41186 0
449 0 FBIS3-41250 0
449 0 FBIS3-41399 0
449 0 FBIS3-41576 0
449 0 FBIS3-41731 0
449 0 FBIS3-41732 0
449 0 FBIS3-41778 0
449 0 FBIS3-41793 0
449 0 FBIS3-41822 1
449 0 FBIS3-41831 0
449 0 FBIS3-4235 0
449 0 FBIS3-42647 0
449 0 FBIS3-42986 0
449 0 FBIS3-42997 0
449 0 FBIS3-43024 0
449 0 FBIS3-43035 0
449 0 FBIS3-43061 0
449 0 FBIS3-43068 0
449 0 FBIS3-43120 0
449 0 FBIS3-43160 0
449 0 FBIS3-43174 0
449 0 FBIS3-43214 0
449 0 FBIS3-44523 0
449 0 FBIS3-46142 0
449 0 FBIS3-46348 0
449 0 FBIS3-4685 0
449 0 FBIS3-5695 0
449 0 FBIS3-60195 0
449 0 FBIS3-60342 0
449 0 FBIS3-60407 0
449 0 FBIS3-60412 0
449 0 FBIS3-60446 0
449 0 FBIS3-60454 1
449 0 FBIS3-60465 0
449 0 FBIS3-60491 0
449 0 FBIS3-60544 0
449 0 FBIS3-60727 0
449 0 FBIS3-60833 0
449 0 FBIS3-61335 0
449 0 FBIS3-61336 0
449 0 FBIS3-61527 0
449 0 FBIS3-61562 0
449 0 FBIS3-61564 0
449 0 FBIS3-61569 0
449 0 FBIS3-67 0
449 0 FBIS3-7211 0
449 0 FBIS3-9511 0
449 0 FBIS3-9961 0
449 0 FBIS4-15024 0
449 0 FBIS4-1564 0
449 0 FBIS4-16428 0
449 0 FBIS4-16653 0
449 0 FBIS4-18031 0
449 0 FBIS4-2042 0
449 0 FBIS4-20472 0
449 0 FBIS4-20473 0
449 0 FBIS4-20504 0
449 0 FBIS4-20825 0
449 0 FBIS4-20971 0
449 0 FBIS4-21022 0
449 0 FBIS4-21259 0
449 0 FBIS4-2128 0
449 0 FBIS4-22330 0
449 0 FBIS4-22428 0
449 0 FBIS4-22603 0
449 0 FBIS4-22716 0
449 0 FBIS4-22919 0
449 0 FBIS4-22992 0
449 0 FBIS4-23017 0
449 0 FBIS4-23033 0
449 0 FBIS4-24143 0
449 0 FBIS4-29 0
449 0 FBIS4-32291 0
449 0 FBIS4-34759 0
449 0 FBIS4-36088 0
449 0 FBIS4-37350 0
449 0 FBIS4-38 0
449 0 FBIS4-39887 0
449 0 FBIS4-40116 0
449 0 FBIS4-41849 0
449 0 FBIS4-42 0
449 0 FBIS4-4329 0
449 0 FBIS4-44037 0
449 0 FBIS4-44356 0
449 0 FBIS4-44913 0
449 0 FBIS4-44914 0
449 0 FBIS4-45041 0
449 0 FBIS4-45238 0
449 0 FBIS4-45406 0
449 0 FBIS4-45418 0
449 0 FBIS4-45552 0
449 0 FBIS4-45879 0
449 0 FBIS4-45905 0
449 0 FBIS4-46469 0
449 0 FBIS4-46687 0
449 0 FBIS4-46935 0
449 0 FBIS4-47406 1
449 0 FBIS4-47545 0
449 0 FBIS4-47546 0
449 0 FBIS4-47579 0
449 0 FBIS4-47580 0
449 0 FBIS4-47588 0
449 0 FBIS4-47589 0
449 0 FBIS4-47616 0
449 0 FBIS4-47642 0
449 0 FBIS4-49386 0
449 0 FBIS4-50011 0
449 0 FBIS4-50157 0
449 0 FBIS4-50706 0
449 0 FBIS4-50973 0
449 0 FBIS4-52037 0
449 0 FBIS4-52038 0
449 0 FBIS4-52042 0
449 0 FBIS4-52587 0
449 0 FBIS4-53455 0
449 0 FBIS4-53862 0
449 0 FBIS4-54007 0
449 0 FBIS4-56895 0
449 0 FBIS4-57092 0
449 0 FBIS4-57260 0
449 0 FBIS4-57307 0
449 0 FBIS4-58615 0
449 0 FBIS4-61005 0
449 0 FBIS4-61729 0
449 0 FBIS4-62236 0
449 0 FBIS4-63554 0
449 0 FBIS4-66100 0
449 0 FBIS4-66185 0
449 0 FBIS4-66397 0
449 0 FBIS4-66398 0
449 0 FBIS4-67020 0
449 0 FBIS4-67022 0
449 0 FBIS4-67115 0
449 0 FBIS4-67244 0
449 0 FBIS4-67533 0
449 0 FBIS4-67542 0
449 0 FBIS4-67609 0
449 0 FBIS4-67627 0
449 0 FBIS4-67632 0
449 0 FBIS4-67634 0
449 0 FBIS4-67652 0
449 0 FBIS4-67722 0
449 0 FBIS4-67744 0
449 0 FBIS4-67877 0
449 0 FBIS4-68750 0
449 0 FBIS4-68772 0
449 0 FBIS4-7263 0
449 0 FBIS4-7998 0
449 0 FR940104-0-00033 0
449 0 FR940105-0-00006 0
449 0 FR940105-2-00109 0
449 0 FR940106-2-00051 0
449 0 FR940110-2-00064 0
449 0 FR940111-2-00035 0
449 0 FR940114-0-00020 0
449 0 FR940114-2-00049 0
449 0 FR940114-2-00066 0
449 0 FR940119-0-00034 0
449 0 FR940119-2-00067 0
449 0 FR940126-2-00049 0
449 0 FR940126-2-00104 0
449 0 FR940126-2-00106 0
449 0 FR940127-1-00068 0
449 0 FR940127-1-00069 0
449 0 FR940127-2-00047 0
449 0 FR940128-0-00034 0
449 0 FR940128-0-00056 0
449 0 FR940128-1-00005 0
449 0 FR940202-1-00055 0
449 0 FR940202-2-00052 0
449 0 FR940202-2-00054 0
449 0 FR940202-2-00059 0
449 0 FR940202-2-00072 0
449 0 FR940202-2-00100 0
449 0 FR940202-2-00102 0
449 0 FR940202-2-00103 0
449 0 FR940202-2-00104 0
449 0 FR940202-2-00106 0
449 0 FR940202-2-00110 0
449 0 FR940202-2-00112 0
449 0 FR940202-2-00114 0
449 0 FR940202-2-00115 0
449 0 FR940202-2-00126 0
449 0 FR940202-2-00127 0
449 0 FR940202-2-00128 0
449 0 FR940202-2-00130 0
449 0 FR940202-2-00131 0
449 0 FR940202-2-00132 0
449 0 FR940202-2-00133 0
449 0 FR940202-2-00134 0
449 0 FR940202-2-00136 0
449 0 FR940202-2-00138 0
449 0 FR940202-2-00141 0
449 0 FR940202-2-00142 0
449 0 FR940202-2-00143 0
449 0 FR940203-0-00045 0
449 0 FR940203-0-00084 0
449 0 FR940204-1-00053 0
449 0 FR940204-2-00150 0
449 0 FR940208-0-00075 0
449 0 FR940216-0-00002 0
449 0 FR940216-0-00003 0
449 0 FR940216-0-00068 0
449 0 FR940216-0-00079 0
449 0 FR940216-0-00084 0
449 0 FR940216-0-00109 0
449 0 FR940216-2-00036 0
449 0 FR940217-1-00061 0
449 0 FR940222-0-00027 0
449 0 FR940222-2-00002 0
449 0 FR940223-2-00039 0
449 0 FR940223-2-00042 0
449 0 FR940223-2-00086 0
449 0 FR940302-2-00060 0
449 0 FR940302-2-00082 0
449 0 FR940303-0-00027 0
449 0 FR940304-1-00130 0
449 0 FR940304-1-00136 0
449 0 FR940304-1-00143 0
449 0 FR940304-1-00148 0
449 0 FR940304-1-00153 0
449 0 FR940304-1-00155 0
449 0 FR940304-1-00156 0
449 0 FR940304-1-00165 0
449 0 FR940304-1-00189 0
449 0 FR940314-0-00033 0
449 0 FR940317-0-00039 1
449 0 FR940318-2-00058 0
449 0 FR940323-0-00070 0
449 0 FR940323-1-00066 0
449 0 FR940323-2-00082 1
449 0 FR940324-0-00022 0
449 0 FR940324-2-00042 0
449 0 FR940328-0-00009 0
449 0 FR940328-0-00011 0
449 0 FR940328-0-00013 0
449 0 FR940328-2-00032 0
449 0 FR940328-2-00053 0
449 0 FR940404-2-00091 0
449 0 FR940405-1-00041 0
449 0 FR940405-1-00136 0
449 0 FR940406-0-00115 0
449 0 FR940406-0-00190 0
449 0 FR940407-0-00013 0
449 0 FR940407-0-00035 0
449 0 FR940413-2-00041 0
449 0 FR940413-2-00130 0
449 0 FR940414-0-00029 0
449 0 FR940414-1-00015 0
449 0 FR940418-2-00079 0
449 0 FR940419-1-00012 0
449 0 FR940419-2-00117 0
449 0 FR940425-1-00003 0
449 0 FR940429-0-00291 0
449 0 FR940429-2-00117 0
449 0 FR940503-1-00084 0
449 0 FR940505-1-00511 0
449 0 FR940505-1-00513 0
449 0 FR940505-1-00515 0
449 0 FR940505-1-00516 0
449 0 FR940506-0-00030 0
449 0 FR940506-0-00039 0
449 0 FR940506-1-00017 0
449 0 FR940511-1-00020 0
449 0 FR940511-1-00021 0
449 0 FR940516-1-00043 0
449 0 FR940523-0-00032 0
449 0 FR940523-0-00034 0
449 0 FR940523-0-00042 0
449 0 FR940523-0-00046 0
449 0 FR940523-0-00048 0
449 0 FR940523-2-00056 0
449 0 FR940523-2-00057 0
449 0 FR940523-2-00058 0
449 0 FR940523-2-00059 0
449 0 FR940525-0-00017 0
449 0 FR940525-0-00019 0
449 0 FR940525-1-00002 0
449 0 FR940526-2-00118 0
449 0 FR940527-1-00141 0
449 0 FR940527-1-00142 0
449 0 FR940527-1-00143 0
449 0 FR940527-1-00144 0
449 0 FR940527-1-00145 0
449 0 FR940527-1-00146 0
449 0 FR940527-1-00147 0
449 0 FR940527-1-00148 0
449 0 FR940527-1-00149 0
449 0 FR940527-1-00150 0
449 0 FR940527-1-00151 0
449 0 FR940527-1-00152 0
449 0 FR940527-1-00153 0
449 0 FR940527-1-00154 0
449 0 FR940527-1-00155 0
449 0 FR940527-1-00156 0
449 0 FR940527-1-00157 0
449 0 FR940527-1-00163 0
449 0 FR940527-1-00172 0
449 0 FR940527-1-00176 0
449 0 FR940527-1-00209 0
449 0 FR940527-2-00053 0
449 0 FR940602-1-00023 0
449 0 FR940602-2-00038 0
449 0 FR940603-0-00009 0
449 0 FR940603-0-00010 0
449 0 FR940603-0-00161 0
449 0 FR940603-1-00009 0
449 0 FR940603-2-00062 0
449 0 FR940610-1-00066 0
449 0 FR940610-2-00184 0
449 0 FR940613-0-00127 0
449 0 FR940616-2-00073 0
449 0 FR940617-0-00056 0
449 0 FR940617-0-00059 0
449 0 FR940617-1-00032 0
449 0 FR940617-1-00033 0
449 0 FR940617-1-00038 0
449 0 FR940617-1-00039 0
449 0 FR940617-1-00040 0
449 0 FR940617-1-00042 0
449 0 FR940617-1-00043 0
449 0 FR940617-1-00044 0
449 0 FR940617-1-00046 0
449 0 FR940617-1-00060 0
449 0 FR940617-1-00067 0
449 0 FR940617-1-00068 0
449 0 FR940617-1-00071 0
449 0 FR940617-1-00076 0
449 0 FR940617-1-00081 0
449 0 FR940617-1-00084 0
449 0 FR940617-1-00088 0
449 0 FR940617-1-00090 0
449 0 FR940617-1-00097 0
449 0 FR940617-1-00098 0
449 0 FR940617-1-00100 0
449 0 FR940617-1-00104 0
449 0 FR940620-0-00169 0
449 0 FR940620-2-00031 0
449 0 FR940620-2-00119 0
449 0 FR940621-2-00072 0
449 0 FR940622-2-00075 0
449 0 FR940627-0-00002 0
449 0 FR940627-2-00074 0
449 0 FR940630-2-00029 0
449 0 FR940630-2-00031 0
449 0 FR940630-2-00073 0
449 0 FR940630-2-00154 0
449 0 FR940705-2-00167 0
449 0 FR940705-2-00172 0
449 0 FR940705-2-00182 0
449 0 FR940706-2-00126 0
449 0 FR940707-1-00022 0
449 0 FR940707-2-00116 0
449 0 FR940711-2-00101 0
449 0 FR940712-1-00027 0
449 0 FR940713-2-00066 0
449 0 FR940719-0-00020 0
449 0 FR940719-0-00068 0
449 0 FR940719-1-00039 0
449 0 FR940719-2-00089 0
449 0 FR940719-2-00090 0
449 0 FR940721-2-00134 0
449 0 FR940722-0-00037 0
449 0 FR940722-2-00054 0
449 0 FR940725-2-00141 0
449 0 FR940727-0-00030 0
449 0 FR940727-0-00108 0
449 0 FR940727-2-00065 0
449 0 FR940802-0-00012 0
449 0 FR940802-2-00130 0
449 0 FR940803-0-00058 0
449 0 FR940803-1-00030 0
449 0 FR940803-2-00047 0
449 0 FR940803-2-00061 0
449 0 FR940803-2-00081 0
449 0 FR940804-2-00132 0
449 0 FR940810-0-00018 0
449 0 FR940810-0-00088 0
449 0 FR940810-0-00281 0
449 0 FR940810-0-00328 0
449 0 FR940810-1-00011 0
449 0 FR940811-0-00028 0
449 0 FR940811-2-00073 0
449 0 FR940816-0-00006 0
449 0 FR940816-0-00007 0
449 0 FR940816-1-00092 0
449 0 FR940816-1-00098 0
449 0 FR940816-1-00099 0
449 0 FR940816-1-00100 0
449 0 FR940816-1-00101 0
449 0 FR940816-1-00104 0
449 0 FR940816-2-00060 0
449 0 FR940817-0-00077 0
449 0 FR940817-2-00098 0
449 0 FR940817-2-00213 0
449 0 FR940817-2-00218 0
449 0 FR940819-0-00040 0
449 0 FR940819-0-00045 0
449 0 FR940819-0-00046 0
449 0 FR940819-0-00047 0
449 0 FR940822-0-00077 0
449 0 FR940822-2-00054 0
449 0 FR940825-0-00039 0
449 0 FR940825-1-00028 0
449 0 FR940826-0-00047 0
449 0 FR940826-1-00080 0
449 0 FR940830-2-00008 0
449 0 FR940830-2-00066 0
449 0 FR940830-2-00067 0
449 0 FR940830-2-00136 0
449 0 FR940831-0-00074 0
449 0 FR940831-2-00107 0
449 0 FR940831-2-00165 0
449 0 FR940902-1-00048 0
449 0 FR940906-0-00002 0
449 0 FR940906-2-00074 0
449 0 FR940913-2-00117 0
449 0 FR940916-1-00097 0
449 0 FR940916-1-00129 0
449 0 FR940916-2-00058 0
449 0 FR940919-0-00150 0
449 0 FR940919-2-00049 0
449 0 FR940919-2-00067 0
449 0 FR940920-1-00116 0
449 0 FR940922-1-00066 0
449 0 FR940922-1-00076 0
449 0 FR940922-1-00080 0
449 0 FR940922-2-00063 0
449 0 FR940922-2-00065 0
449 0 FR940922-2-00124 0
449 0 FR940922-2-00125 0
449 0 FR940922-2-00126 0
449 0 FR940922-2-00127 0
449 0 FR940927-0-00113 0
449 0 FR940928-0-00032 0
449 0 FR941003-0-00036 0
449 0 FR941003-0-00047 0
449 0 FR941003-0-00050 0
449 0 FR941003-0-00052 0
449 0 FR941003-0-00053 0
449 0 FR941003-0-00054 0
449 0 FR941003-0-00056 0
449 0 FR941003-0-00057 0
449 0 FR941003-0-00059 0
449 0 FR941003-0-00073 0
449 0 FR941004-0-00006 0
449 0 FR941005-1-00006 0
449 0 FR941006-0-00028 0
449 0 FR941006-0-00082 0
449 0 FR941012-1-00018 0
449 0 FR941012-2-00106 0
449 0 FR941019-0-00079 0
449 0 FR941019-1-00036 0
449 0 FR941019-2-00076 0
449 0 FR941019-2-00077 0
449 0 FR941020-2-00102 0
449 0 FR941021-0-00072 0
449 0 FR941021-1-00037 0
449 0 FR941021-2-00024 0
449 0 FR941021-2-00063 0
449 0 FR941025-0-00043 0
449 0 FR941025-2-00069 0
449 0 FR941026-2-00082 0
449 0 FR941027-0-00017 0
449 0 FR941027-2-00064 0
449 0 FR941028-2-00070 0
449 0 FR941028-2-00163 0
449 0 FR941028-2-00164 0
449 0 FR941028-2-00167 0
449 0 FR941028-2-00168 0
449 0 FR941028-2-00169 0
449 0 FR941028-2-00172 0
449 0 FR941028-2-00176 0
449 0 FR941028-2-00177 0
449 0 FR941028-2-00180 0
449 0 FR941028-2-00184 0
449 0 FR941028-2-00185 0
449 0 FR941028-2-00187 0
449 0 FR941028-2-00188 0
449 0 FR941028-2-00189 0
449 0 FR941028-2-00209 0
449 0 FR941028-2-00215 0
449 0 FR941028-2-00217 0
449 0 FR941028-2-00219 0
449 0 FR941028-2-00220 0
449 0 FR941102-1-00007 0
449 0 FR941102-1-00119 0
449 0 FR941103-2-00085 0
449 0 FR941104-2-00002 0
449 0 FR941107-0-00034 0
449 0 FR941107-2-00059 0
449 0 FR941107-2-00096 0
449 0 FR941107-2-00229 0
449 0 FR941116-0-00016 0
449 0 FR941116-2-00050 0
449 0 FR941117-2-00158 0
449 0 FR941121-0-00083 0
449 0 FR941122-0-00025 0
449 0 FR941122-2-00131 0
449 0 FR941122-2-00132 0
449 0 FR941125-0-00028 0
449 0 FR941128-0-00036 0
449 0 FR941128-0-00037 0
449 0 FR941128-0-00038 0
449 0 FR941128-1-00013 0
449 0 FR941128-2-00187 0
449 0 FR941202-0-00121 0
449 0 FR941202-0-00129 0
449 0 FR941202-0-00132 0
449 0 FR941202-0-00134 0
449 0 FR941202-0-00135 0
449 0 FR941202-0-00136 0
449 0 FR941202-0-00139 0
449 0 FR941202-0-00143 0
449 0 FR941202-0-00144 0
449 0 FR941202-0-00145 0
449 0 FR941202-0-00148 0
449 0 FR941202-1-00002 0
449 0 FR941202-2-00003 0
449 0 FR941205-0-00060 0
449 0 FR941205-0-00063 0
449 0 FR941205-2-00110 0
449 0 FR941207-0-00051 0
449 0 FR941207-2-00032 0
449 0 FR941207-2-00068 0
449 0 FR941216-0-00074 0
449 0 FR941216-2-00083 0
449 0 FR941219-2-00180 0
449 0 FR941221-0-00018 0
449 0 FR941221-2-00054 0
449 0 FR941221-2-00104 0
449 0 FR941222-0-00063 0
449 0 FR941222-2-00028 0
449 0 FR941230-0-00086 0
449 0 FR941230-2-00033 0
449 0 FR941230-2-00034 0
449 0 FT911-1781 0
449 0 FT911-1824 0
449 0 FT911-4416 0
449 0 FT911-4916 0
449 0 FT911-4947 0
449 0 FT911-977 0
449 0 FT921-12633 0
449 0 FT921-14389 0
449 0 FT921-16061 1
449 0 FT921-16322 0
449 0 FT921-16484 1
449 0 FT921-2238 0
449 0 FT921-6331 0
449 0 FT921-8860 1
449 0 FT922-10167 0
449 0 FT922-1250 0
449 0 FT922-12758 0
449 0 FT922-2196 1
449 0 FT922-2251 1
449 0 FT922-2252 0
449 0 FT922-3335 0
449 0 FT922-3970 0
449 0 FT922-5799 0
449 0 FT922-7419 0
449 0 FT922-852 0
449 0 FT922-9823 0
449 0 FT922-9983 0
449 0 FT923-10165 0
449 0 FT923-11350 1
449 0 FT923-11623 1
449 0 FT923-11707 0
449 0 FT923-11711 0
449 0 FT923-11885 0
449 0 FT923-12034 0
449 0 FT923-12060 1
449 0 FT923-12315 1
449 0 FT923-14263 0
449 0 FT923-15169 0
449 0 FT923-1707 1
449 0 FT923-381 0
449 0 FT923-437 1
449 0 FT923-453 0
449 0 FT923-5219 0
449 0 FT923-598 0
449 0 FT923-6847 0
449 0 FT924-12903 0
449 0 FT924-13606 1
449 0 FT924-15181 1
449 0 FT924-152 1
449 0 FT924-16130 0
449 0 FT924-3416 1
449 0 FT924-4002 0
449 0 FT924-4056 0
449 0 FT924-4737 0
449 0 FT924-4957 0
449 0 FT924-5905 0
449 0 FT924-7031 0
449 0 FT924-8252 0
449 0 FT924-8672 0
449 0 FT924-8801 0
449 0 FT931-11004 0
449 0 FT931-11085 0
449 0 FT931-11224 0
449 0 FT931-11894 0
449 0 FT931-12205 0
449 0 FT931-1233 0
449 0 FT931-13695 0
449 0 FT931-14308 0
449 0 FT931-1433 0
449 0 FT931-14388 0
449 0 FT931-15924 0
449 0 FT931-16284 0
449 0 FT931-16716 0
449 0 FT931-2434 0
449 0 FT931-2736 0
449 0 FT931-3854 0
449 0 FT931-5067 0
449 0 FT931-679 0
449 0 FT931-7470 0
449 0 FT931-8190 1
449 0 FT931-8361 0
449 0 FT931-9076 0
449 0 FT932-11616 0
449 0 FT932-11723 0
449 0 FT932-12232 0
449 0 FT932-12777 0
449 0 FT932-12904 0
449 0 FT932-13227 0
449 0 FT932-13552 1
449 0 FT932-13672 0
449 0 FT932-13821 0
449 0 FT932-13933 0
449 0 FT932-16682 0
449 0 FT932-16683 0
449 0 FT932-16809 0
449 0 FT932-16887 0
449 0 FT932-17115 0
449 0 FT932-1787 0
449 0 FT932-2515 0
449 0 FT932-2516 0
449 0 FT932-3240 0
449 0 FT932-3241 0
449 0 FT932-3963 0
449 0 FT932-4017 0
449 0 FT932-4046 0
449 0 FT932-4048 0
449 0 FT932-4109 0
449 0 FT932-4805 0
449 0 FT932-5508 0
449 0 FT932-5898 0
449 0 FT932-6130 0
449 0 FT932-769 0
449 0 FT932-989 0
449 0 FT933-10469 0
449 0 FT933-11264 0
449 0 FT933-11329 0
449 0 FT933-11435 1
449 0 FT933-11913 0
449 0 FT933-11998 0
449 0 FT933-1221 0
449 0 FT933-12690 0
449 0 FT933-12818 0
449 0 FT933-1343 0
449 0 FT933-14126 0
449 0 FT933-14706 0
449 0 FT933-14926 0
449 0 FT933-15851 0
449 0 FT933-15972 0
449 0 FT933-2139 0
449 0 FT933-2302 0
449 0 FT933-2821 0
449 0 FT933-5257 0
449 0 FT933-5461 1
449 0 FT933-6053 0
449 0 FT933-6475 0
449 0 FT933-7242 0
449 0 FT933-831 1
449 0 FT933-8865 0
449 0 FT933-9041 0
449 0 FT933-9408 0
449 0 FT934-10038 0
449 0 FT934-10289 0
449 0 FT934-11909 0
449 0 FT934-13494 0
449 0 FT934-13507 0
449 0 FT934-13723 0
449 0 FT934-13759 0
449 0 FT934-13979 0
449 0 FT934-15676 0
449 0 FT934-2394 1
449 0 FT934-2667 0
449 0 FT934-3745 0
449 0 FT934-3850 0
449 0 FT934-3988 0
449 0 FT934-5781 0
449 0 FT934-6311 0
449 0 FT934-6412 1
449 0 FT934-6531 0
449 0 FT934-6923 0
449 0 FT934-704 0
449 0 FT934-7809 0
449 0 FT934-8210 0
449 0 FT934-8521 0
449 0 FT934-8641 0
449 0 FT934-9193 0
449 0 FT934-9312 0
449 0 FT934-9725 0
449 0 FT934-9966 1
449 0 FT941-10097 0
449 0 FT941-10146 0
449 0 FT941-10331 0
449 0 FT941-10366 0
449 0 FT941-10432 0
449 0 FT941-10594 0
449 0 FT941-10648 0
449 0 FT941-10752 0
449 0 FT941-10853 0
449 0 FT941-11040 0
449 0 FT941-11260 0
449 0 FT941-11804 0
449 0 FT941-11911 0
449 0 FT941-12043 1
449 0 FT941-12295 0
449 0 FT941-12574 0
449 0 FT941-13571 0
449 0 FT941-139 0
449 0 FT941-14667 0
449 0 FT941-14803 0
449 0 FT941-15331 0
449 0 FT941-15555 1
449 0 FT941-15876 0
449 0 FT941-16096 0
449 0 FT941-16315 0
449 0 FT941-16896 0
449 0 FT941-17554 0
449 0 FT941-1939 0
449 0 FT941-4428 0
449 0 FT941-4537 0
449 0 FT941-4738 0
449 0 FT941-5246 0
449 0 FT941-5369 0
449 0 FT941-606 0
449 0 FT941-6370 0
449 0 FT941-8037 0
449 0 FT941-8480 0
449 0 FT941-879 0
449 0 FT941-8803 0
449 0 FT941-9073 0
449 0 FT942-10816 0
449 0 FT942-1121 0
449 0 FT942-12479 1
449 0 FT942-12704 0
449 0 FT942-12760 0
449 0 FT942-13519 0
449 0 FT942-13694 0
449 0 FT942-13914 0
449 0 FT942-14244 0
449 0 FT942-14464 0
449 0 FT942-1454 0
449 0 FT942-14766 0
449 0 FT942-14986 0
449 0 FT942-1516 0
449 0 FT942-15874 0
449 0 FT942-16430 0
449 0 FT942-16799 0
449 0 FT942-16800 0
449 0 FT942-2140 1
449 0 FT942-2374 0
449 0 FT942-2718 0
449 0 FT942-4305 0
449 0 FT942-4886 0
449 0 FT942-6984 1
449 0 FT942-7171 0
449 0 FT942-8555 0
449 0 FT943-1002 0
449 0 FT943-10045 0
449 0 FT943-10078 0
449 0 FT943-10502 1
449 0 FT943-10531 0
449 0 FT943-10582 0
449 0 FT943-10751 0
449 0 FT943-11144 0
449 0 FT943-11161 0
449 0 FT943-11690 0
449 0 FT943-11717 0
449 0 FT943-12642 0
449 0 FT943-13140 0
449 0 FT943-1401 0
449 0 FT943-14013 0
449 0 FT943-14048 0
449 0 FT943-14189 0
449 0 FT943-1425 0
449 0 FT943-14848 0
449 0 FT943-14924 0
449 0 FT943-14926 0
449 0 FT943-16647 0
449 0 FT943-16795 0
449 0 FT943-16857 0
449 0 FT943-16867 0
449 0 FT943-208 1
449 0 FT943-3365 0
449 0 FT943-4489 0
449 0 FT943-4507 1
449 0 FT943-5054 0
449 0 FT943-614 0
449 0 FT943-7117 0
449 0 FT943-7315 0
449 0 FT943-8860 0
449 0 FT943-9238 0
449 0 FT943-9445 0
449 0 FT943-9461 1
449 0 FT943-9853 0
449 0 FT944-1056 0
449 0 FT944-12224 0
449 0 FT944-12416 0
449 0 FT944-13303 0
449 0 FT944-13497 0
449 0 FT944-13995 0
449 0 FT944-14035 0
449 0 FT944-15067 0
449 0 FT944-15268 0
449 0 FT944-17070 0
449 0 FT944-17255 0
449 0 FT944-17702 0
449 0 FT944-17754 0
449 0 FT944-18821 0
449 0 FT944-18865 0
449 0 FT944-2249 0
449 0 FT944-2254 0
449 0 FT944-2256 0
449 0 FT944-2266 0
449 0 FT944-2427 0
449 0 FT944-2635 0
449 0 FT944-2690 0
449 0 FT944-2695 0
449 0 FT944-2697 0
449 0 FT944-2707 0
449 0 FT944-3147 0
449 0 FT944-3382 0
449 0 FT944-4820 0
449 0 FT944-6546 0
449 0 FT944-6606 0
449 0 FT944-6857 0
449 0 FT944-7278 0
449 0 FT944-7502 0
449 0 FT944-8266 0
449 0 FT944-9258 1
449 0 LA010189-0132 0
449 0 LA010190-0023 0
449 0 LA010390-0075 0
449 0 LA010490-0075 0
449 0 LA010789-0016 0
449 0 LA010789-0019 0
449 0 LA010789-0132 0
449 0 LA010890-0029 0
449 0 LA010990-0068 0
449 0 LA010990-0110 0
449 0 LA011190-0073 0
449 0 LA011589-0145 0
449 0 LA011689-0086 0
449 0 LA011790-0148 0
449 0 LA011890-0106 0
449 0 LA012089-0018 0
449 0 LA012190-0026 0
449 0 LA012489-0078 0
449 0 LA012489-0080 0
449 0 LA012690-0085 0
449 0 LA012890-0114 0
449 0 LA012989-0209 0
449 0 LA020189-0049 0
449 0 LA020390-0152 0
449 0 LA020789-0010 0
449 0 LA020989-0096 0
449 0 LA020989-0137 0
449 0 LA020990-0146 0
449 0 LA021089-0070 0
449 0 LA021289-0038 0
449 0 LA021289-0203 0
449 0 LA021389-0067 0
449 0 LA021389-0087 0
449 0 LA021590-0211 0
449 0 LA021790-0149 0
449 0 LA021890-0038 0
449 0 LA021890-0119 0
449 0 LA021989-0159 0
449 0 LA022189-0016 0
449 0 LA022189-0044 0
449 0 LA022190-0106 0
449 0 LA022390-0088 0
449 0 LA022590-0084 0
449 0 LA022689-0008 0
449 0 LA022790-0006 0
449 0 LA030190-0026 0
449 0 LA030190-0114 0
449 0 LA030289-0017 0
449 0 LA030289-0065 0
449 0 LA030590-0004 0
449 0 LA030890-0003 0
449 0 LA031089-0169 0
449 0 LA031289-0122 0
449 0 LA031490-0028 0
449 0 LA031589-0045 0
449 0 LA031790-0030 0
449 0 LA031889-0045 0
449 0 LA032289-0015 0
449 0 LA032289-0018 0
449 0 LA032389-0106 0
449 0 LA032789-0047 0
449 0 LA033190-0001 0
449 0 LA040190-0073 0
449 0 LA040290-0037 0
449 0 LA040589-0153 0
449 0 LA040989-0094 0
449 0 LA041090-0013 0
449 0 LA041189-0132 0
449 0 LA041290-0223 0
449 0 LA041390-0172 0
449 0 LA041789-0062 0
449 0 LA041789-0063 0
449 0 LA041889-0082 0
449 0 LA041990-0100 0
449 0 LA042090-0081 0
449 0 LA042590-0073 0
449 0 LA042590-0136 0
449 0 LA042690-0174 0
449 0 LA042890-0002 0
449 0 LA042890-0080 0
449 0 LA050289-0103 0
449 0 LA050389-0119 0
449 0 LA050390-0242 0
449 0 LA050489-0167 0
449 0 LA050789-0124 0
449 0 LA050989-0110 0
449 0 LA050989-0130 0
449 0 LA050990-0037 0
449 0 LA051090-0175 0
449 0 LA051190-0138 0
449 0 LA051190-0179 0
449 0 LA051190-0185 0
449 0 LA051289-0119 0
449 0 LA051490-0120 0
449 0 LA051690-0017 0
449 0 LA051790-0095 0
449 0 LA051890-0119 0
449 0 LA052090-0170 0
449 0 LA052190-0045 0
449 0 LA052290-0103 0
449 0 LA052290-0189 0
449 0 LA052490-0120 0
449 0 LA052589-0022 0
449 0 LA053090-0173 0
449 0 LA053190-0260 0
449 0 LA060189-0058 0
449 0 LA060490-0069 0
449 0 LA060490-0077 0
449 0 LA060790-0020 0
449 0 LA061190-0016 0
449 0 LA061389-0087 0
449 0 LA061390-0071 0
449 0 LA061489-0047 0
449 0 LA061489-0078 0
449 0 LA061689-0054 0
449 0 LA061690-0143 0
449 0 LA061790-0071 0
449 0 LA061790-0158 0
449 0 LA061889-0112 0
449 0 LA061989-0061 0
449 0 LA061990-0138 0
449 0 LA062089-0073 0
449 0 LA062189-0010 0
449 0 LA062290-0030 0
449 0 LA062390-0001 0
449 0 LA062490-0082 0
449 0 LA062490-0094 0
449 0 LA062690-0063 0
449 0 LA062990-0181 0
449 0 LA063089-0169 0
449 0 LA070189-0069 0
449 0 LA070290-0022 0
449 0 LA070389-0031 0
449 0 LA070390-0057 0
449 0 LA070390-0104 0
449 0 LA070689-0080 0
449 0 LA070690-0130 0
449 0 LA070790-0007 0
449 0 LA070989-0053 0
449 0 LA071190-0160 0
449 0 LA071489-0002 0
449 0 LA071989-0117 0
449 0 LA072190-0164 0
449 0 LA072290-0104 0
449 0 LA072290-0152 0
449 0 LA072290-0198 0
449 0 LA072389-0094 0
449 0 LA072390-0059 0
449 0 LA072589-0050 0
449 0 LA072689-0043 0
449 0 LA072990-0109 0
449 0 LA073090-0106 0
449 0 LA073189-0043 0
449 0 LA073189-0057 0
449 0 LA073190-0159 1
449 0 LA080189-0051 0
449 0 LA080390-0007 0
449 0 LA080489-0045 1
449 0 LA081089-0016 0
449 0 LA081089-0100 0
449 0 LA081290-0070 0
449 0 LA081490-0030 0
449 0 LA081789-0095 0
449 0 LA081790-0137 0
449 0 LA081889-0061 0
449 0 LA081890-0135 0
449 0 LA081990-0064 1
449 0 LA081990-0090 0
449 0 LA082089-0172 0
449 0 LA082090-0069 0
449 0 LA082189-0039 0
449 0 LA082890-0159 0
449 0 LA083190-0051 0
449 0 LA090189-0106 0
449 0 LA090289-0074 0
449 0 LA090289-0111 0
449 0 LA090489-0069 0
449 0 LA090590-0137 0
449 0 LA090689-0027 0
449 0 LA090789-0028 0
449 0 LA090789-0051 0
449 0 LA091289-0027 0
449 0 LA091489-0031 0
449 0 LA091589-0047 0
449 0 LA091689-0035 0
449 0 LA091889-0007 0
449 0 LA091890-0102 0
449 0 LA092089-0020 0
449 0 LA092090-0026 0
449 0 LA092189-0142 0
449 0 LA092189-0171 0
449 0 LA092190-0030 0
449 0 LA092589-0071 0
449 0 LA092689-0080 0
449 0 LA092689-0089 0
449 0 LA092689-0119 0
449 0 LA092789-0015 0
449 0 LA092790-0201 0
449 0 LA092889-0227 0
449 0 LA100189-0047 0
449 0 LA100390-0088 0
449 0 LA100489-0043 0
449 0 LA100489-0051 1
449 0 LA100490-0114 0
449 0 LA100589-0104 0
449 0 LA100789-0014 0
449 0 LA100889-0040 0
449 0 LA100889-0043 0
449 0 LA101190-0042 0
449 0 LA101289-0068 0
449 0 LA101289-0211 0
449 0 LA101489-0089 0
449 0 LA101490-0006 0
449 0 LA101589-0020 0
449 0 LA101589-0050 1
449 0 LA101689-0055 0
449 0 LA101690-0040 0
449 0 LA101890-0243 0
449 0 LA102089-0055 0
449 0 LA102389-0026 0
449 0 LA102689-0108 0
449 0 LA102689-0211 0
449 0 LA102789-0141 0
449 0 LA110389-0072 0
449 0 LA110589-0203 0
449 0 LA110590-0112 0
449 0 LA110889-0005 0
449 0 LA110890-0120 0
449 0 LA111190-0161 0
449 0 LA111389-0071 0
449 0 LA111490-0007 0
449 0 LA111490-0137 0
449 0 LA111790-0002 0
449 0 LA111989-0048 0
449 0 LA111990-0041 0
449 0 LA112089-0054 0
449 0 LA112289-0137 0
449 0 LA112789-0001 0
449 0 LA112789-0028 0
449 0 LA113089-0063 0
449 0 LA113089-0091 0
449 0 LA113089-0116 0
449 0 LA113089-0238 0
449 0 LA120190-0044 0
449 0 LA120390-0005 0
449 0 LA120489-0024 0
449 0 LA120789-0120 0
449 0 LA120889-0140 0
449 0 LA120890-0059 0
449 0 LA121190-0077 0
449 0 LA121489-0105 0
449 0 LA121789-0198 0
449 0 LA122089-0165 0
449 0 LA122190-0084 0
449 0 LA122290-0137 0
449 0 LA122290-0138 1
449 0 LA122390-0059 0
449 0 LA122489-0073 0
449 0 LA122489-0119 0
449 0 LA122889-0142 0
449 0 LA123090-0176 0
449 0 LA123189-0097 0
449 0 LA123189-0112 0
449 0 LA123190-0042 0
