437 0 FBIS3-10291 0
437 0 FBIS3-11408 0
437 0 FBIS3-11885 0
437 0 FBIS3-12154 0
437 0 FBIS3-12636 0
437 0 FBIS3-13993 0
437 0 FBIS3-16013 0
437 0 FBIS3-16180 0
437 0 FBIS3-16246 0
437 0 FBIS3-17251 0
437 0 FBIS3-17354 0
437 0 FBIS3-1790 0
437 0 FBIS3-18118 0
437 0 FBIS3-18892 0
437 0 FBIS3-19169 0
437 0 FBIS3-20441 0
437 0 FBIS3-20444 0
437 0 FBIS3-20658 0
437 0 FBIS3-20668 0
437 0 FBIS3-20801 0
437 0 FBIS3-21124 0
437 0 FBIS3-21193 0
437 0 FBIS3-21198 0
437 0 FBIS3-21245 0
437 0 FBIS3-22131 0
437 0 FBIS3-22430 0
437 0 FBIS3-23660 0
437 0 FBIS3-23751 0
437 0 FBIS3-23824 0
437 0 FBIS3-23826 0
437 0 FBIS3-23895 0
437 0 FBIS3-23947 0
437 0 FBIS3-23966 0
437 0 FBIS3-24069 0
437 0 FBIS3-24099 0
437 0 FBIS3-24110 0
437 0 FBIS3-24129 0
437 0 FBIS3-24133 0
437 0 FBIS3-24146 0
437 0 FBIS3-24163 0
437 0 FBIS3-24191 0
437 0 FBIS3-24260 0
437 0 FBIS3-24309 0
437 0 FBIS3-24469 0
437 0 FBIS3-24648 0
437 0 FBIS3-24801 0
437 0 FBIS3-25343 0
437 0 FBIS3-25393 0
437 0 FBIS3-25489 0
437 0 FBIS3-26006 0
437 0 FBIS3-26511 0
437 0 FBIS3-26570 0
437 0 FBIS3-26572 0
437 0 FBIS3-27934 0
437 0 FBIS3-27956 0
437 0 FBIS3-28303 0
437 0 FBIS3-28311 0
437 0 FBIS3-28523 0
437 0 FBIS3-28566 0
437 0 FBIS3-28887 0
437 0 FBIS3-29740 0
437 0 FBIS3-29775 0
437 0 FBIS3-30605 0
437 0 FBIS3-30922 0
437 0 FBIS3-31843 0
437 0 FBIS3-32161 0
437 0 FBIS3-32343 0
437 0 FBIS3-32624 0
437 0 FBIS3-32669 0
437 0 FBIS3-32846 0
437 0 FBIS3-33991 0
437 0 FBIS3-35 0
437 0 FBIS3-35090 0
437 0 FBIS3-35439 0
437 0 FBIS3-35663 0
437 0 FBIS3-36201 0
437 0 FBIS3-36397 0
437 0 FBIS3-36901 0
437 0 FBIS3-37618 0
437 0 FBIS3-37728 0
437 0 FBIS3-3776 0
437 0 FBIS3-37947 0
437 0 FBIS3-38193 0
437 0 FBIS3-40 0
437 0 FBIS3-40201 0
437 0 FBIS3-40202 0
437 0 FBIS3-40264 0
437 0 FBIS3-40371 0
437 0 FBIS3-40497 0
437 0 FBIS3-40521 0
437 0 FBIS3-40529 0
437 0 FBIS3-40545 0
437 0 FBIS3-40879 0
437 0 FBIS3-41552 0
437 0 FBIS3-41643 0
437 0 FBIS3-42393 0
437 0 FBIS3-42399 0
437 0 FBIS3-42400 0
437 0 FBIS3-42459 0
437 0 FBIS3-42706 0
437 0 FBIS3-42908 0
437 0 FBIS3-42914 0
437 0 FBIS3-42940 0
437 0 FBIS3-42985 0
437 0 FBIS3-42989 0
437 0 FBIS3-43023 0
437 0 FBIS3-43027 0
437 0 FBIS3-43118 0
437 0 FBIS3-43120 0
437 0 FBIS3-43132 0
437 0 FBIS3-43136 0
437 0 FBIS3-43144 0
437 0 FBIS3-43150 0
437 0 FBIS3-43160 0
437 0 FBIS3-43172 0
437 0 FBIS3-43174 0
437 0 FBIS3-43186 0
437 0 FBIS3-43190 0
437 0 FBIS3-43198 0
437 0 FBIS3-43214 0
437 0 FBIS3-44469 0
437 0 FBIS3-46596 0
437 0 FBIS3-46630 0
437 0 FBIS3-47674 0
437 0 FBIS3-47771 0
437 0 FBIS3-48258 0
437 0 FBIS3-49465 0
437 0 FBIS3-49496 0
437 0 FBIS3-51385 0
437 0 FBIS3-52087 0
437 0 FBIS3-52192 0
437 0 FBIS3-54439 0
437 0 FBIS3-54820 0
437 0 FBIS3-54856 0
437 0 FBIS3-5486 0
437 0 FBIS3-55971 0
437 0 FBIS3-56188 0
437 0 FBIS3-5632 0
437 0 FBIS3-5686 0
437 0 FBIS3-5736 0
437 0 FBIS3-5737 0
437 0 FBIS3-57696 0
437 0 FBIS3-58194 1
437 0 FBIS3-58258 0
437 0 FBIS3-59103 0
437 0 FBIS3-59366 0
437 0 FBIS3-59633 0
437 0 FBIS3-59698 0
437 0 FBIS3-59707 0
437 0 FBIS3-59722 0
437 0 FBIS3-59723 0
437 0 FBIS3-59725 0
437 0 FBIS3-60284 0
437 0 FBIS3-60318 1
437 0 FBIS3-60334 0
437 0 FBIS3-60336 0
437 0 FBIS3-60342 0
437 0 FBIS3-60343 0
437 0 FBIS3-61335 0
437 0 FBIS3-61336 0
437 0 FBIS3-6307 0
437 0 FBIS3-6418 0
437 0 FBIS3-6437 0
437 0 FBIS3-6482 0
437 0 FBIS3-67 0
437 0 FBIS3-7212 0
437 0 FBIS3-7220 0
437 0 FBIS3-7221 0
437 0 FBIS3-7518 0
437 0 FBIS3-7581 0
437 0 FBIS3-8007 0
437 0 FBIS3-8208 0
437 0 FBIS3-9213 0
437 0 FBIS4-10011 0
437 0 FBIS4-10615 0
437 0 FBIS4-11068 0
437 0 FBIS4-11143 0
437 0 FBIS4-11284 0
437 0 FBIS4-12541 0
437 0 FBIS4-13471 0
437 0 FBIS4-13849 0
437 0 FBIS4-13946 0
437 0 FBIS4-14585 0
437 0 FBIS4-14636 0
437 0 FBIS4-14748 0
437 0 FBIS4-15049 0
437 0 FBIS4-15421 0
437 0 FBIS4-15466 0
437 0 FBIS4-15514 0
437 0 FBIS4-15888 0
437 0 FBIS4-16309 0
437 0 FBIS4-16661 0
437 0 FBIS4-16897 0
437 0 FBIS4-17224 0
437 0 FBIS4-17483 0
437 0 FBIS4-17922 0
437 0 FBIS4-19958 0
437 0 FBIS4-20186 0
437 0 FBIS4-20472 0
437 0 FBIS4-20569 0
437 0 FBIS4-20638 0
437 0 FBIS4-20690 0
437 0 FBIS4-21459 0
437 0 FBIS4-22152 0
437 0 FBIS4-22330 0
437 0 FBIS4-22537 0
437 0 FBIS4-22629 0
437 0 FBIS4-22632 0
437 0 FBIS4-22656 0
437 0 FBIS4-23084 0
437 0 FBIS4-2321 0
437 0 FBIS4-24015 0
437 0 FBIS4-24331 0
437 0 FBIS4-24665 0
437 0 FBIS4-24984 0
437 0 FBIS4-25049 0
437 0 FBIS4-25085 0
437 0 FBIS4-26008 0
437 0 FBIS4-26013 0
437 0 FBIS4-26221 0
437 0 FBIS4-26598 0
437 0 FBIS4-26725 0
437 0 FBIS4-27166 0
437 0 FBIS4-27217 0
437 0 FBIS4-27350 0
437 0 FBIS4-27440 0
437 0 FBIS4-27442 0
437 0 FBIS4-27707 0
437 0 FBIS4-27789 0
437 0 FBIS4-27918 0
437 0 FBIS4-27985 0
437 0 FBIS4-28017 0
437 0 FBIS4-28347 0
437 0 FBIS4-28490 0
437 0 FBIS4-28772 0
437 0 FBIS4-29 0
437 0 FBIS4-29063 0
437 0 FBIS4-29096 0
437 0 FBIS4-29116 0
437 0 FBIS4-29119 0
437 0 FBIS4-29123 0
437 0 FBIS4-29296 0
437 0 FBIS4-29630 0
437 0 FBIS4-29667 0
437 0 FBIS4-29670 0
437 0 FBIS4-29871 0
437 0 FBIS4-30015 0
437 0 FBIS4-30140 0
437 0 FBIS4-30412 0
437 0 FBIS4-30415 0
437 0 FBIS4-30597 0
437 0 FBIS4-30598 0
437 0 FBIS4-30693 0
437 0 FBIS4-30694 0
437 0 FBIS4-31029 0
437 0 FBIS4-31460 0
437 0 FBIS4-32048 0
437 0 FBIS4-32731 0
437 0 FBIS4-33214 0
437 0 FBIS4-33219 0
437 0 FBIS4-33936 0
437 0 FBIS4-34846 0
437 0 FBIS4-38 0
437 0 FBIS4-38407 0
437 0 FBIS4-39239 0
437 0 FBIS4-39860 0
437 0 FBIS4-4074 0
437 0 FBIS4-40902 0
437 0 FBIS4-40919 0
437 0 FBIS4-41529 0
437 0 FBIS4-41593 0
437 0 FBIS4-42 0
437 0 FBIS4-42064 0
437 0 FBIS4-4360 0
437 0 FBIS4-4421 0
437 0 FBIS4-44447 0
437 0 FBIS4-44522 0
437 0 FBIS4-44661 0
437 0 FBIS4-44745 0
437 0 FBIS4-44892 0
437 0 FBIS4-44893 0
437 0 FBIS4-44896 0
437 0 FBIS4-44913 0
437 0 FBIS4-44914 0
437 0 FBIS4-44916 0
437 0 FBIS4-45041 0
437 0 FBIS4-45770 0
437 0 FBIS4-46469 0
437 0 FBIS4-46649 0
437 0 FBIS4-46801 0
437 0 FBIS4-4681 0
437 0 FBIS4-46908 0
437 0 FBIS4-47028 0
437 0 FBIS4-47034 0
437 0 FBIS4-47173 0
437 0 FBIS4-47204 0
437 0 FBIS4-47609 0
437 0 FBIS4-49457 0
437 0 FBIS4-4981 0
437 0 FBIS4-50706 0
437 0 FBIS4-51514 0
437 0 FBIS4-51928 0
437 0 FBIS4-52128 0
437 0 FBIS4-52129 0
437 0 FBIS4-52496 0
437 0 FBIS4-52587 0
437 0 FBIS4-52686 0
437 0 FBIS4-52749 0
437 0 FBIS4-52750 0
437 0 FBIS4-52751 0
437 0 FBIS4-53450 0
437 0 FBIS4-53458 0
437 0 FBIS4-53519 0
437 0 FBIS4-53520 0
437 0 FBIS4-53562 0
437 0 FBIS4-53683 0
437 0 FBIS4-53699 0
437 0 FBIS4-53700 0
437 0 FBIS4-53999 0
437 0 FBIS4-54027 0
437 0 FBIS4-54162 0
437 0 FBIS4-5422 0
437 0 FBIS4-54358 0
437 0 FBIS4-54570 0
437 0 FBIS4-54623 0
437 0 FBIS4-54624 0
437 0 FBIS4-54626 0
437 0 FBIS4-54748 0
437 0 FBIS4-55043 0
437 0 FBIS4-55432 0
437 0 FBIS4-56621 0
437 0 FBIS4-58121 0
437 0 FBIS4-58548 0
437 0 FBIS4-5860 0
437 0 FBIS4-58615 0
437 0 FBIS4-60251 0
437 0 FBIS4-61074 0
437 0 FBIS4-6307 0
437 0 FBIS4-6408 0
437 0 FBIS4-64710 0
437 0 FBIS4-64850 0
437 0 FBIS4-6542 0
437 0 FBIS4-6549 0
437 0 FBIS4-66161 0
437 0 FBIS4-66185 0
437 0 FBIS4-66281 0
437 0 FBIS4-66377 0
437 0 FBIS4-66382 0
437 0 FBIS4-66400 0
437 0 FBIS4-66401 0
437 0 FBIS4-66445 0
437 0 FBIS4-66472 0
437 0 FBIS4-66629 0
437 0 FBIS4-66738 0
437 0 FBIS4-68219 0
437 0 FBIS4-68220 0
437 0 FBIS4-6825 0
437 0 FBIS4-68400 0
437 0 FBIS4-6845 0
437 0 FBIS4-68477 0
437 0 FBIS4-68569 0
437 0 FBIS4-68621 0
437 0 FBIS4-68862 0
437 0 FBIS4-7106 0
437 0 FBIS4-7593 0
437 0 FBIS4-8172 0
437 0 FBIS4-8624 0
437 0 FBIS4-9619 0
437 0 FR940104-0-00011 0
437 0 FR940104-0-00015 0
437 0 FR940104-0-00021 0
437 0 FR940105-0-00043 0
437 0 FR940105-2-00109 0
437 0 FR940110-2-00090 0
437 0 FR940112-1-00023 0
437 0 FR940112-1-00044 0
437 0 FR940112-2-00015 0
437 0 FR940112-2-00017 0
437 0 FR940114-2-00029 0
437 0 FR940114-2-00030 0
437 0 FR940114-2-00033 0
437 0 FR940114-2-00043 0
437 0 FR940119-2-00024 0
437 0 FR940119-2-00027 0
437 0 FR940119-2-00028 0
437 0 FR940119-2-00067 0
437 0 FR940126-2-00018 0
437 0 FR940126-2-00021 0
437 0 FR940126-2-00022 0
437 0 FR940127-1-00025 0
437 0 FR940127-2-00025 0
437 0 FR940127-2-00026 0
437 0 FR940202-1-00055 0
437 0 FR940202-2-00072 0
437 0 FR940203-0-00084 0
437 0 FR940203-1-00059 0
437 0 FR940204-1-00007 0
437 0 FR940204-2-00044 0
437 0 FR940204-2-00057 0
437 0 FR940214-2-00017 0
437 0 FR940216-2-00036 0
437 0 FR940217-2-00038 0
437 0 FR940222-2-00095 0
437 0 FR940223-0-00054 0
437 0 FR940223-2-00031 0
437 0 FR940228-2-00039 0
437 0 FR940228-2-00040 0
437 0 FR940228-2-00041 0
437 0 FR940228-2-00101 0
437 0 FR940302-2-00082 0
437 0 FR940303-2-00123 0
437 0 FR940303-2-00129 0
437 0 FR940303-2-00130 0
437 0 FR940303-2-00134 0
437 0 FR940304-1-00070 0
437 0 FR940304-1-00073 0
437 0 FR940304-1-00081 0
437 0 FR940304-1-00082 0
437 0 FR940304-1-00089 0
437 0 FR940304-1-00099 0
437 0 FR940304-1-00102 0
437 0 FR940304-1-00103 0
437 0 FR940304-1-00104 0
437 0 FR940304-1-00106 0
437 0 FR940304-1-00114 0
437 0 FR940304-1-00116 0
437 0 FR940304-1-00120 0
437 0 FR940304-1-00122 0
437 0 FR940304-1-00134 0
437 0 FR940304-1-00135 0
437 0 FR940304-1-00136 0
437 0 FR940304-1-00139 0
437 0 FR940304-1-00141 0
437 0 FR940304-1-00144 0
437 0 FR940304-1-00181 0
437 0 FR940304-1-00182 0
437 0 FR940304-2-00170 0
437 0 FR940314-2-00053 0
437 0 FR940314-2-00054 0
437 0 FR940318-2-00033 0
437 0 FR940318-2-00241 0
437 0 FR940318-2-00242 0
437 0 FR940318-2-00243 0
437 0 FR940323-2-00044 0
437 0 FR940325-2-00208 0
437 0 FR940404-2-00052 0
437 0 FR940404-2-00129 0
437 0 FR940405-2-00049 0
437 0 FR940406-0-00190 0
437 0 FR940407-0-00013 0
437 0 FR940412-2-00046 0
437 0 FR940412-2-00062 0
437 0 FR940413-2-00130 0
437 0 FR940419-1-00063 0
437 0 FR940419-1-00067 0
437 0 FR940419-1-00071 0
437 0 FR940419-1-00072 0
437 0 FR940419-1-00073 0
437 0 FR940419-1-00074 0
437 0 FR940419-1-00078 0
437 0 FR940419-2-00150 0
437 0 FR940425-1-00003 0
437 0 FR940428-0-00011 0
437 0 FR940428-0-00016 0
437 0 FR940428-2-00031 0
437 0 FR940428-2-00136 0
437 0 FR940503-2-00046 0
437 0 FR940505-1-00081 0
437 0 FR940506-0-00033 0
437 0 FR940511-2-00041 0
437 0 FR940511-2-00042 0
437 0 FR940511-2-00043 0
437 0 FR940512-2-00065 0
437 0 FR940512-2-00133 0
437 0 FR940513-2-00023 0
437 0 FR940513-2-00025 0
437 0 FR940513-2-00026 0
437 0 FR940513-2-00028 0
437 0 FR940524-2-00115 0
437 0 FR940524-2-00118 0
437 0 FR940526-2-00023 0
437 0 FR940526-2-00106 0
437 0 FR940527-2-00135 0
437 0 FR940602-1-00023 0
437 0 FR940603-2-00129 0
437 0 FR940603-2-00180 0
437 0 FR940607-2-00030 0
437 0 FR940610-2-00032 0
437 0 FR940610-2-00033 0
437 0 FR940613-2-00032 0
437 0 FR940613-2-00033 0
437 0 FR940613-2-00110 0
437 0 FR940620-1-00059 0
437 0 FR940622-2-00075 0
437 0 FR940628-2-00026 0
437 0 FR940628-2-00119 0
437 0 FR940628-2-00121 0
437 0 FR940630-0-00023 0
437 0 FR940630-2-00021 0
437 0 FR940705-1-00015 0
437 0 FR940705-2-00030 0
437 0 FR940705-2-00034 0
437 0 FR940706-2-00126 0
437 0 FR940707-2-00169 0
437 0 FR940711-1-00010 0
437 0 FR940711-1-00011 0
437 0 FR940711-1-00012 0
437 0 FR940711-1-00013 0
437 0 FR940711-1-00014 0
437 0 FR940711-1-00018 0
437 0 FR940711-1-00019 0
437 0 FR940711-1-00021 0
437 0 FR940711-1-00026 0
437 0 FR940711-1-00029 0
437 0 FR940711-2-00033 0
437 0 FR940711-2-00042 0
437 0 FR940712-2-00015 0
437 0 FR940712-2-00033 0
437 0 FR940712-2-00124 0
437 0 FR940720-2-00081 0
437 0 FR940722-2-00042 0
437 0 FR940725-2-00016 0
437 0 FR940725-2-00018 0
437 0 FR940725-2-00022 0
437 0 FR940725-2-00023 0
437 0 FR940725-2-00136 0
437 0 FR940725-2-00138 0
437 0 FR940725-2-00139 0
437 0 FR940728-1-00027 0
437 0 FR940728-2-00034 0
437 0 FR940802-2-00021 0
437 0 FR940802-2-00022 0
437 0 FR940803-0-00108 0
437 0 FR940803-2-00061 0
437 0 FR940811-2-00023 0
437 0 FR940812-2-00017 0
437 0 FR940812-2-00021 0
437 0 FR940817-2-00033 0
437 0 FR940817-2-00213 0
437 0 FR940822-0-00077 0
437 0 FR940822-2-00026 0
437 0 FR940822-2-00034 0
437 0 FR940825-1-00028 0
437 0 FR940830-0-00061 0
437 0 FR940831-2-00027 0
437 0 FR940831-2-00107 0
437 0 FR940831-2-00154 0
437 0 FR940902-1-00048 0
437 0 FR940902-2-00150 0
437 0 FR940906-1-00016 0
437 0 FR940907-2-00036 0
437 0 FR940912-2-00036 0
437 0 FR940912-2-00041 0
437 0 FR940912-2-00155 0
437 0 FR940912-2-00157 0
437 0 FR940913-0-00049 0
437 0 FR940919-2-00187 0
437 0 FR940920-2-00043 0
437 0 FR940922-2-00044 0
437 0 FR940922-2-00047 0
437 0 FR940927-2-00014 0
437 0 FR940927-2-00016 0
437 0 FR940928-0-00072 0
437 0 FR940928-2-00015 0
437 0 FR940928-2-00129 0
437 0 FR941003-2-00024 0
437 0 FR941004-2-00048 0
437 0 FR941005-2-00047 0
437 0 FR941011-2-00158 0
437 0 FR941012-2-00106 0
437 0 FR941013-2-00031 0
437 0 FR941017-2-00029 0
437 0 FR941019-2-00029 0
437 0 FR941020-2-00141 0
437 0 FR941020-2-00144 0
437 0 FR941026-2-00082 0
437 0 FR941027-0-00017 0
437 0 FR941027-1-00030 0
437 0 FR941028-0-00012 0
437 0 FR941031-0-00013 0
437 0 FR941031-2-00047 0
437 0 FR941031-2-00055 0
437 0 FR941102-1-00119 0
437 0 FR941102-2-00023 0
437 0 FR941102-2-00024 0
437 0 FR941102-2-00032 0
437 0 FR941103-0-00052 0
437 0 FR941103-0-00054 0
437 0 FR941104-2-00108 0
437 0 FR941104-2-00109 0
437 0 FR941107-2-00077 0
437 0 FR941110-2-00068 0
437 0 FR941110-2-00077 0
437 0 FR941110-2-00079 0
437 0 FR941116-2-00136 0
437 0 FR941117-2-00158 0
437 0 FR941122-2-00021 0
437 0 FR941122-2-00024 0
437 0 FR941122-2-00097 0
437 0 FR941130-0-00122 0
437 0 FR941202-2-00044 0
437 0 FR941206-2-00099 0
437 0 FR941207-2-00068 0
437 0 FR941212-2-00054 0
437 0 FR941212-2-00056 0
437 0 FR941213-2-00023 0
437 0 FR941213-2-00024 0
437 0 FR941216-0-00074 0
437 0 FR941221-2-00104 0
437 0 FR941227-2-00143 0
437 0 FR941230-0-00120 0
437 0 FR941230-0-00123 0
437 0 FT911-1013 0
437 0 FT911-1617 0
437 0 FT911-255 0
437 0 FT911-3410 0
437 0 FT911-3412 0
437 0 FT911-3413 0
437 0 FT911-3415 0
437 0 FT911-3418 0
437 0 FT911-3520 0
437 0 FT911-3772 0
437 0 FT911-4147 0
437 0 FT911-4711 0
437 0 FT911-4942 0
437 0 FT911-4987 0
437 0 FT911-5264 0
437 0 FT911-705 0
437 0 FT911-834 0
437 0 FT911-890 0
437 0 FT921-10116 0
437 0 FT921-10167 0
437 0 FT921-1028 0
437 0 FT921-10559 0
437 0 FT921-11533 0
437 0 FT921-11800 0
437 0 FT921-12194 0
437 0 FT921-12195 0
437 0 FT921-12448 0
437 0 FT921-13037 0
437 0 FT921-13071 0
437 0 FT921-13073 0
437 0 FT921-13206 0
437 0 FT921-13794 0
437 0 FT921-14046 0
437 0 FT921-14099 0
437 0 FT921-14190 0
437 0 FT921-14261 0
437 0 FT921-14302 1
437 0 FT921-14322 1
437 0 FT921-15452 0
437 0 FT921-16212 1
437 0 FT921-16592 0
437 0 FT921-1962 0
437 0 FT921-2350 0
437 0 FT921-2351 0
437 0 FT921-2673 0
437 0 FT921-3799 0
437 0 FT921-3836 0
437 0 FT921-3872 0
437 0 FT921-4054 0
437 0 FT921-4336 0
437 0 FT921-4948 0
437 0 FT921-529 0
437 0 FT921-6555 0
437 0 FT921-658 1
437 0 FT921-6632 1
437 0 FT921-668 0
437 0 FT921-7175 1
437 0 FT921-7287 0
437 0 FT921-7761 0
437 0 FT921-8017 0
437 0 FT921-8491 0
437 0 FT921-8566 0
437 0 FT921-8833 0
437 0 FT921-9844 0
437 0 FT922-11206 0
437 0 FT922-11636 0
437 0 FT922-12469 0
437 0 FT922-12496 0
437 0 FT922-1277 0
437 0 FT922-12795 0
437 0 FT922-13047 0
437 0 FT922-14632 0
437 0 FT922-14927 0
437 0 FT922-15545 0
437 0 FT922-2216 0
437 0 FT922-2552 0
437 0 FT922-263 0
437 0 FT922-2754 0
437 0 FT922-3087 0
437 0 FT922-3257 0
437 0 FT922-3588 0
437 0 FT922-3709 1
437 0 FT922-3953 0
437 0 FT922-5089 0
437 0 FT922-5114 0
437 0 FT922-5334 0
437 0 FT922-5603 0
437 0 FT922-5854 0
437 0 FT922-6322 0
437 0 FT922-6898 0
437 0 FT922-6907 0
437 0 FT922-696 1
437 0 FT922-7694 0
437 0 FT922-7766 0
437 0 FT922-7791 0
437 0 FT922-7857 1
437 0 FT922-7914 0
437 0 FT922-8131 0
437 0 FT922-8135 0
437 0 FT922-8138 0
437 0 FT922-8273 0
437 0 FT922-8298 1
437 0 FT922-8299 0
437 0 FT922-8300 0
437 0 FT922-8302 0
437 0 FT922-8305 0
437 0 FT922-8307 0
437 0 FT922-8312 0
437 0 FT922-8320 0
437 0 FT922-8625 0
437 0 FT922-8821 0
437 0 FT922-9435 0
437 0 FT922-9599 1
437 0 FT922-9902 0
437 0 FT923-10047 0
437 0 FT923-10063 0
437 0 FT923-10243 0
437 0 FT923-10251 0
437 0 FT923-10977 0
437 0 FT923-11031 0
437 0 FT923-11878 0
437 0 FT923-12882 0
437 0 FT923-13015 0
437 0 FT923-13080 1
437 0 FT923-13982 1
437 0 FT923-14319 1
437 0 FT923-14400 1
437 0 FT923-14820 0
437 0 FT923-1499 0
437 0 FT923-2974 0
437 0 FT923-4184 0
437 0 FT923-4262 0
437 0 FT923-4412 0
437 0 FT923-4547 1
437 0 FT923-5268 0
437 0 FT923-527 0
437 0 FT923-5782 0
437 0 FT923-6449 0
437 0 FT923-6543 0
437 0 FT923-6575 0
437 0 FT923-6632 0
437 0 FT923-682 0
437 0 FT923-6829 0
437 0 FT923-6935 0
437 0 FT923-7313 0
437 0 FT923-9028 0
437 0 FT923-9482 0
437 0 FT923-9558 0
437 0 FT924-10021 0
437 0 FT924-10156 0
437 0 FT924-1038 0
437 0 FT924-10768 0
437 0 FT924-11459 0
437 0 FT924-11777 0
437 0 FT924-12133 0
437 0 FT924-12340 0
437 0 FT924-12505 0
437 0 FT924-12695 0
437 0 FT924-13041 0
437 0 FT924-13369 0
437 0 FT924-13472 0
437 0 FT924-13736 0
437 0 FT924-13738 0
437 0 FT924-13764 0
437 0 FT924-13765 0
437 0 FT924-1396 0
437 0 FT924-14300 0
437 0 FT924-14380 0
437 0 FT924-14521 0
437 0 FT924-14628 0
437 0 FT924-14871 0
437 0 FT924-15003 0
437 0 FT924-15410 0
437 0 FT924-16079 0
437 0 FT924-169 0
437 0 FT924-2013 0
437 0 FT924-2584 0
437 0 FT924-2658 0
437 0 FT924-2705 0
437 0 FT924-2763 0
437 0 FT924-2966 0
437 0 FT924-3030 0
437 0 FT924-3240 0
437 0 FT924-3456 0
437 0 FT924-3473 0
437 0 FT924-3922 0
437 0 FT924-3951 0
437 0 FT924-4042 0
437 0 FT924-4579 0
437 0 FT924-4848 0
437 0 FT924-5225 0
437 0 FT924-5296 0
437 0 FT924-5567 0
437 0 FT924-5790 0
437 0 FT924-6079 0
437 0 FT924-6113 0
437 0 FT924-6486 0
437 0 FT924-68 0
437 0 FT924-7134 0
437 0 FT924-7249 0
437 0 FT924-7254 0
437 0 FT924-9345 0
437 0 FT924-9461 0
437 0 FT924-9472 0
437 0 FT924-9840 0
437 0 FT924-9871 0
437 0 FT924-9872 0
437 0 FT924-9895 0
437 0 FT931-10079 0
437 0 FT931-10081 0
437 0 FT931-10148 0
437 0 FT931-10180 1
437 0 FT931-10192 0
437 0 FT931-1028 0
437 0 FT931-10399 0
437 0 FT931-10635 0
437 0 FT931-10852 0
437 0 FT931-11130 0
437 0 FT931-11131 0
437 0 FT931-11930 0
437 0 FT931-12014 0
437 0 FT931-12350 0
437 0 FT931-12944 0
437 0 FT931-13284 0
437 0 FT931-13500 0
437 0 FT931-13504 0
437 0 FT931-13527 0
437 0 FT931-13548 0
437 0 FT931-13610 0
437 0 FT931-13614 0
437 0 FT931-14553 0
437 0 FT931-14837 0
437 0 FT931-14983 0
437 0 FT931-15405 0
437 0 FT931-15509 0
437 0 FT931-16905 0
437 0 FT931-2242 0
437 0 FT931-2750 0
437 0 FT931-3052 0
437 0 FT931-3109 0
437 0 FT931-3478 0
437 0 FT931-3539 0
437 0 FT931-3685 0
437 0 FT931-4422 0
437 0 FT931-4717 1
437 0 FT931-5781 0
437 0 FT931-6289 0
437 0 FT931-639 0
437 0 FT931-6398 0
437 0 FT931-6468 0
437 0 FT931-6796 0
437 0 FT931-6833 0
437 0 FT931-722 0
437 0 FT931-7561 0
437 0 FT931-7562 0
437 0 FT931-7564 0
437 0 FT931-7827 0
437 0 FT931-7839 0
437 0 FT931-7934 0
437 0 FT931-886 0
437 0 FT931-8943 0
437 0 FT931-9522 0
437 0 FT931-9544 0
437 0 FT931-9639 1
437 0 FT931-983 0
437 0 FT932-11073 0
437 0 FT932-11777 0
437 0 FT932-12838 0
437 0 FT932-12955 0
437 0 FT932-13331 0
437 0 FT932-142 1
437 0 FT932-14264 0
437 0 FT932-148 0
437 0 FT932-15969 0
437 0 FT932-17121 0
437 0 FT932-17434 0
437 0 FT932-1866 0
437 0 FT932-1867 0
437 0 FT932-1869 0
437 0 FT932-1874 0
437 0 FT932-1877 0
437 0 FT932-1878 0
437 0 FT932-2552 0
437 0 FT932-296 0
437 0 FT932-3059 0
437 0 FT932-3179 0
437 0 FT932-3448 0
437 0 FT932-3493 0
437 0 FT932-40 0
437 0 FT932-4265 0
437 0 FT932-4790 0
437 0 FT932-5561 0
437 0 FT932-6281 0
437 0 FT932-6572 0
437 0 FT932-6827 0
437 0 FT932-7914 0
437 0 FT932-8054 0
437 0 FT932-8073 0
437 0 FT932-8186 0
437 0 FT932-8229 0
437 0 FT933-10070 0
437 0 FT933-10205 0
437 0 FT933-10275 0
437 0 FT933-10780 0
437 0 FT933-11042 0
437 0 FT933-11226 0
437 0 FT933-1130 0
437 0 FT933-11726 0
437 0 FT933-11912 0
437 0 FT933-12624 0
437 0 FT933-13072 0
437 0 FT933-13951 0
437 0 FT933-15061 0
437 0 FT933-16450 0
437 0 FT933-16635 0
437 0 FT933-16646 0
437 0 FT933-2059 0
437 0 FT933-2757 0
437 0 FT933-2758 1
437 0 FT933-2955 0
437 0 FT933-2981 0
437 0 FT933-3864 0
437 0 FT933-3895 0
437 0 FT933-4044 0
437 0 FT933-414 0
437 0 FT933-46 0
437 0 FT933-5086 0
437 0 FT933-5713 0
437 0 FT933-6043 0
437 0 FT933-6503 0
437 0 FT933-6925 0
437 0 FT933-74 0
437 0 FT933-7437 0
437 0 FT933-7858 0
437 0 FT933-7933 0
437 0 FT933-8017 0
437 0 FT933-8020 0
437 0 FT933-8027 0
437 0 FT933-8079 0
437 0 FT933-8080 0
437 0 FT933-8082 0
437 0 FT933-8123 0
437 0 FT933-8226 0
437 0 FT933-8330 0
437 0 FT933-8484 0
437 0 FT933-905 0
437 0 FT933-9149 0
437 0 FT933-9580 0
437 0 FT933-9968 0
437 0 FT934-1060 0
437 0 FT934-10960 0
437 0 FT934-11170 0
437 0 FT934-11258 0
437 0 FT934-1158 0
437 0 FT934-11875 0
437 0 FT934-12609 0
437 0 FT934-14310 0
437 0 FT934-14508 0
437 0 FT934-14660 0
437 0 FT934-14938 0
437 0 FT934-15589 0
437 0 FT934-15598 0
437 0 FT934-16062 0
437 0 FT934-16408 0
437 0 FT934-16937 0
437 0 FT934-1711 0
437 0 FT934-17163 0
437 0 FT934-229 0
437 0 FT934-23 0
437 0 FT934-241 0
437 0 FT934-2579 0
437 0 FT934-2582 0
437 0 FT934-2584 1
437 0 FT934-2815 0
437 0 FT934-2819 0
437 0 FT934-3268 0
437 0 FT934-3365 0
437 0 FT934-3585 0
437 0 FT934-3590 0
437 0 FT934-3680 0
437 0 FT934-3699 0
437 0 FT934-3729 0
437 0 FT934-3768 0
437 0 FT934-3770 0
437 0 FT934-3776 0
437 0 FT934-3777 0
437 0 FT934-3789 0
437 0 FT934-3792 0
437 0 FT934-3938 0
437 0 FT934-4058 0
437 0 FT934-4384 0
437 0 FT934-4589 0
437 0 FT934-6090 0
437 0 FT934-61 0
437 0 FT934-6418 0
437 0 FT934-6620 0
437 0 FT934-7455 0
437 0 FT934-748 0
437 0 FT934-7480 0
437 0 FT934-810 0
437 0 FT934-8131 0
437 0 FT934-8134 0
437 0 FT934-8137 0
437 0 FT934-8413 0
437 0 FT934-8430 0
437 0 FT934-8605 0
437 0 FT934-9072 0
437 0 FT934-9114 0
437 0 FT934-9444 0
437 0 FT934-949 0
437 0 FT934-951 0
437 0 FT934-968 0
437 0 FT934-9881 0
437 0 FT934-9998 0
437 0 FT941-10176 0
437 0 FT941-10364 0
437 0 FT941-10797 0
437 0 FT941-1100 0
437 0 FT941-11460 0
437 0 FT941-12375 1
437 0 FT941-12755 1
437 0 FT941-12880 0
437 0 FT941-13100 1
437 0 FT941-13639 0
437 0 FT941-13850 1
437 0 FT941-14335 0
437 0 FT941-15017 0
437 0 FT941-15114 0
437 0 FT941-15176 0
437 0 FT941-15402 0
437 0 FT941-156 1
437 0 FT941-16095 0
437 0 FT941-16369 0
437 0 FT941-16853 0
437 0 FT941-2589 0
437 0 FT941-2718 0
437 0 FT941-3274 0
437 0 FT941-3333 0
437 0 FT941-3884 0
437 0 FT941-472 1
437 0 FT941-6183 0
437 0 FT941-6665 0
437 0 FT941-7083 1
437 0 FT941-7165 0
437 0 FT941-717 0
437 0 FT941-7261 0
437 0 FT941-7519 0
437 0 FT941-7581 1
437 0 FT941-8019 0
437 0 FT941-8726 1
437 0 FT941-8733 1
437 0 FT941-9231 0
437 0 FT941-9350 0
437 0 FT941-9600 1
437 0 FT941-9605 0
437 0 FT941-9840 1
437 0 FT942-10226 0
437 0 FT942-1025 0
437 0 FT942-10412 0
437 0 FT942-10439 0
437 0 FT942-10564 1
437 0 FT942-10567 0
437 0 FT942-10642 1
437 0 FT942-10751 0
437 0 FT942-11053 1
437 0 FT942-11096 1
437 0 FT942-11163 0
437 0 FT942-11435 0
437 0 FT942-11676 1
437 0 FT942-11704 0
437 0 FT942-11932 0
437 0 FT942-1224 0
437 0 FT942-12362 0
437 0 FT942-12430 0
437 0 FT942-1250 0
437 0 FT942-1257 0
437 0 FT942-1258 0
437 0 FT942-1273 0
437 0 FT942-1274 0
437 0 FT942-1276 0
437 0 FT942-12766 1
437 0 FT942-13006 1
437 0 FT942-13179 0
437 0 FT942-13257 0
437 0 FT942-13324 0
437 0 FT942-13455 0
437 0 FT942-1348 0
437 0 FT942-13745 0
437 0 FT942-1388 0
437 0 FT942-14136 0
437 0 FT942-1447 0
437 0 FT942-14551 0
437 0 FT942-14666 0
437 0 FT942-15014 1
437 0 FT942-15179 0
437 0 FT942-15258 0
437 0 FT942-15504 0
437 0 FT942-15690 0
437 0 FT942-15703 1
437 0 FT942-16324 0
437 0 FT942-16615 0
437 0 FT942-16664 0
437 0 FT942-16752 0
437 0 FT942-16763 0
437 0 FT942-16820 0
437 0 FT942-17055 0
437 0 FT942-17356 0
437 0 FT942-17383 0
437 0 FT942-17393 0
437 0 FT942-17645 0
437 0 FT942-1873 0
437 0 FT942-1937 0
437 0 FT942-1961 0
437 0 FT942-2084 0
437 0 FT942-2145 0
437 0 FT942-2228 0
437 0 FT942-2248 0
437 0 FT942-2249 0
437 0 FT942-2257 0
437 0 FT942-2265 0
437 0 FT942-2547 0
437 0 FT942-2679 0
437 0 FT942-2795 0
437 0 FT942-2925 0
437 0 FT942-3343 0
437 0 FT942-3519 0
437 0 FT942-3977 0
437 0 FT942-422 0
437 0 FT942-4358 0
437 0 FT942-4947 0
437 0 FT942-498 0
437 0 FT942-500 0
437 0 FT942-525 0
437 0 FT942-5865 0
437 0 FT942-6513 1
437 0 FT942-663 1
437 0 FT942-6899 0
437 0 FT942-7055 0
437 0 FT942-7103 0
437 0 FT942-7318 0
437 0 FT942-7375 0
437 0 FT942-7595 0
437 0 FT942-7638 0
437 0 FT942-8179 0
437 0 FT942-8418 0
437 0 FT942-8432 0
437 0 FT942-8487 0
437 0 FT942-8651 0
437 0 FT942-9103 0
437 0 FT942-9104 0
437 0 FT942-9113 0
437 0 FT942-9118 0
437 0 FT942-9313 0
437 0 FT942-9345 0
437 0 FT942-9359 0
437 0 FT942-9580 0
437 0 FT942-9582 0
437 0 FT942-9657 0
437 0 FT942-997 0
437 0 FT943-10174 0
437 0 FT943-1155 0
437 0 FT943-1163 0
437 0 FT943-12123 0
437 0 FT943-12274 0
437 0 FT943-13773 0
437 0 FT943-13877 0
437 0 FT943-141 0
437 0 FT943-14613 0
437 0 FT943-14755 0
437 0 FT943-15103 0
437 0 FT943-16062 0
437 0 FT943-16870 0
437 0 FT943-2353 0
437 0 FT943-263 0
437 0 FT943-3225 0
437 0 FT943-33 0
437 0 FT943-3501 0
437 0 FT943-3666 1
437 0 FT943-3843 0
437 0 FT943-4240 0
437 0 FT943-4283 0
437 0 FT943-4353 0
437 0 FT943-4399 0
437 0 FT943-4477 0
437 0 FT943-4599 0
437 0 FT943-4814 0
437 0 FT943-4894 0
437 0 FT943-5204 0
437 0 FT943-5243 0
437 0 FT943-5773 0
437 0 FT943-5829 0
437 0 FT943-5864 0
437 0 FT943-6158 0
437 0 FT943-6514 0
437 0 FT943-6554 1
437 0 FT943-69 0
437 0 FT943-7550 0
437 0 FT943-7852 0
437 0 FT943-8904 0
437 0 FT943-9043 0
437 0 FT943-9224 0
437 0 FT943-9252 0
437 0 FT943-9254 0
437 0 FT943-985 0
437 0 FT944-10922 0
437 0 FT944-12266 0
437 0 FT944-12980 0
437 0 FT944-13395 0
437 0 FT944-13406 0
437 0 FT944-13432 0
437 0 FT944-13924 0
437 0 FT944-13954 0
437 0 FT944-140 0
437 0 FT944-14204 0
437 0 FT944-14223 0
437 0 FT944-14917 0
437 0 FT944-14920 0
437 0 FT944-15058 0
437 0 FT944-15725 0
437 0 FT944-1578 0
437 0 FT944-15875 0
437 0 FT944-16960 0
437 0 FT944-18412 0
437 0 FT944-18647 0
437 0 FT944-18665 0
437 0 FT944-18883 0
437 0 FT944-1890 0
437 0 FT944-1938 1
437 0 FT944-1957 1
437 0 FT944-2147 1
437 0 FT944-2167 1
437 0 FT944-3030 0
437 0 FT944-3075 0
437 0 FT944-3233 0
437 0 FT944-3430 0
437 0 FT944-3495 0
437 0 FT944-3525 0
437 0 FT944-3574 0
437 0 FT944-4180 0
437 0 FT944-4240 0
437 0 FT944-4295 0
437 0 FT944-4302 0
437 0 FT944-4482 0
437 0 FT944-4640 0
437 0 FT944-4782 0
437 0 FT944-4865 0
437 0 FT944-4866 0
437 0 FT944-4867 0
437 0 FT944-4873 0
437 0 FT944-5166 0
437 0 FT944-5613 1
437 0 FT944-5861 0
437 0 FT944-6076 0
437 0 FT944-6102 0
437 0 FT944-6228 0
437 0 FT944-6306 0
437 0 FT944-6748 0
437 0 FT944-6749 0
437 0 FT944-6752 0
437 0 FT944-718 0
437 0 FT944-7619 0
437 0 FT944-7839 0
437 0 FT944-7934 0
437 0 FT944-8261 0
437 0 FT944-8799 0
437 0 FT944-8956 0
437 0 FT944-9029 0
437 0 FT944-9043 0
437 0 FT944-9068 0
437 0 FT944-9074 0
437 0 FT944-9091 0
437 0 FT944-9175 0
437 0 FT944-9649 0
437 0 FT944-9757 0
437 0 FT944-9792 0
437 0 FT944-9997 0
437 0 LA010189-0134 0
437 0 LA010189-0176 0
437 0 LA010489-0002 0
437 0 LA010489-0025 0
437 0 LA010489-0077 0
437 0 LA010489-0105 0
437 0 LA010490-0026 0
437 0 LA010890-0001 0
437 0 LA010989-0043 0
437 0 LA010990-0154 0
437 0 LA011089-0011 0
437 0 LA011190-0078 0
437 0 LA011289-0027 0
437 0 LA011590-0069 0
437 0 LA011889-0093 0
437 0 LA012089-0179 0
437 0 LA012489-0022 0
437 0 LA012489-0023 0
437 0 LA012489-0057 0
437 0 LA012489-0123 0
437 0 LA012589-0013 0
437 0 LA012590-0140 0
437 0 LA012590-0155 0
437 0 LA012889-0130 0
437 0 LA012890-0043 0
437 0 LA020189-0001 0
437 0 LA020489-0131 0
437 0 LA020790-0114 0
437 0 LA020890-0004 0
437 0 LA020890-0010 0
437 0 LA021089-0093 0
437 0 LA021190-0186 0
437 0 LA021490-0154 0
437 0 LA021589-0007 0
437 0 LA021789-0096 0
437 0 LA021889-0057 0
437 0 LA022390-0104 0
437 0 LA022490-0138 0
437 0 LA022590-0071 0
437 0 LA022590-0203 0
437 0 LA022889-0004 0
437 0 LA030190-0142 0
437 0 LA030789-0009 0
437 0 LA030889-0120 0
437 0 LA030989-0065 0
437 0 LA030989-0193 0
437 0 LA031090-0127 0
437 0 LA031190-0034 0
437 0 LA031190-0135 0
437 0 LA031190-0136 0
437 0 LA031289-0085 0
437 0 LA031289-0135 0
437 0 LA031689-0219 0
437 0 LA032589-0003 0
437 0 LA032689-0061 0
437 0 LA032790-0053 0
437 0 LA032990-0112 0
437 0 LA032990-0146 0
437 0 LA033089-0124 0
437 0 LA040190-0240 0
437 0 LA040289-0139 0
437 0 LA040289-0226 0
437 0 LA040290-0057 0
437 0 LA040489-0056 0
437 0 LA040589-0001 0
437 0 LA040689-0002 0
437 0 LA040889-0124 0
437 0 LA040890-0151 0
437 0 LA041090-0044 0
437 0 LA041189-0042 0
437 0 LA041190-0007 0
437 0 LA041190-0024 0
437 0 LA041290-0187 0
437 0 LA041390-0087 0
437 0 LA041489-0004 0
437 0 LA041789-0003 0
437 0 LA041890-0020 0
437 0 LA041989-0004 0
437 0 LA041989-0120 0
437 0 LA042189-0097 0
437 0 LA042390-0004 0
437 0 LA042489-0008 0
437 0 LA042489-0048 0
437 0 LA042590-0116 0
437 0 LA042690-0136 0
437 0 LA042990-0248 0
437 0 LA050190-0192 0
437 0 LA050190-0198 0
437 0 LA050190-0199 0
437 0 LA050289-0035 0
437 0 LA050290-0100 0
437 0 LA050390-0138 0
437 0 LA050690-0229 0
437 0 LA050989-0044 0
437 0 LA051389-0049 0
437 0 LA051490-0013 0
437 0 LA051589-0063 0
437 0 LA051689-0142 0
437 0 LA051890-0093 0
437 0 LA052589-0122 0
437 0 LA053190-0092 0
437 0 LA060290-0001 0
437 0 LA060889-0092 0
437 0 LA060890-0046 0
437 0 LA060989-0078 0
437 0 LA061289-0109 0
437 0 LA061390-0012 0
437 0 LA061390-0013 0
437 0 LA061489-0007 0
437 0 LA061589-0107 0
437 0 LA061589-0156 0
437 0 LA061790-0234 0
437 0 LA061989-0098 0
437 0 LA062090-0024 0
437 0 LA062190-0233 0
437 0 LA062289-0118 0
437 0 LA062990-0088 0
437 0 LA063090-0045 0
437 0 LA070289-0030 0
437 0 LA070289-0068 0
437 0 LA070289-0114 0
437 0 LA070289-0115 0
437 0 LA070589-0075 0
437 0 LA070690-0044 0
437 0 LA070890-0116 0
437 0 LA071490-0050 0
437 0 LA071689-0076 0
437 0 LA071890-0074 0
437 0 LA071990-0014 0
437 0 LA072189-0149 0
437 0 LA072389-0143 0
437 0 LA072489-0063 0
437 0 LA072590-0132 0
437 0 LA072789-0106 0
437 0 LA072990-0033 0
437 0 LA073089-0129 0
437 0 LA080290-0197 0
437 0 LA080389-0037 0
437 0 LA080389-0068 0
437 0 LA080389-0206 0
437 0 LA080489-0111 0
437 0 LA080490-0154 0
437 0 LA080690-0002 0
437 0 LA080690-0108 0
437 0 LA080989-0045 0
437 0 LA080989-0106 0
437 0 LA082289-0110 0
437 0 LA090190-0023 0
437 0 LA091389-0095 0
437 0 LA091490-0062 0
437 0 LA092090-0032 0
437 0 LA092289-0092 0
437 0 LA092289-0157 0
437 0 LA092290-0073 0
437 0 LA092390-0167 0
437 0 LA092489-0136 0
437 0 LA092489-0151 0
437 0 LA092689-0006 0
437 0 LA092689-0134 0
437 0 LA092690-0065 0
437 0 LA100190-0037 0
437 0 LA100289-0072 0
437 0 LA100290-0043 0
437 0 LA100390-0063 0
437 0 LA100490-0177 0
437 0 LA100689-0071 0
437 0 LA100690-0057 0
437 0 LA100690-0115 0
437 0 LA100690-0129 0
437 0 LA100789-0087 0
437 0 LA100789-0148 0
437 0 LA100789-0153 0
437 0 LA100790-0019 0
437 0 LA100790-0135 0
437 0 LA101090-0083 0
437 0 LA101190-0006 0
437 0 LA101289-0132 0
437 0 LA101289-0181 0
437 0 LA101290-0157 0
437 0 LA101590-0089 0
437 0 LA101890-0044 0
437 0 LA101890-0050 0
437 0 LA101890-0124 0
437 0 LA101890-0201 0
437 0 LA101989-0099 0
437 0 LA101989-0181 0
437 0 LA102089-0171 0
437 0 LA102489-0023 0
437 0 LA102590-0041 0
437 0 LA102790-0099 0
437 0 LA103090-0089 0
437 0 LA103190-0081 0
437 0 LA110190-0019 0
437 0 LA110289-0003 0
437 0 LA110389-0028 0
437 0 LA110890-0070 0
437 0 LA110990-0078 0
437 0 LA111989-0125 0
437 0 LA112389-0137 0
437 0 LA112390-0099 0
437 0 LA112489-0132 0
437 0 LA112590-0213 0
437 0 LA112790-0037 0
437 0 LA112890-0098 0
437 0 LA113089-0195 0
437 0 LA120389-0137 0
437 0 LA120790-0112 0
437 0 LA121089-0233 0
437 0 LA121290-0154 0
437 0 LA121389-0118 0
437 0 LA121489-0044 0
437 0 LA121590-0115 0
437 0 LA121789-0008 0
437 0 LA121889-0114 0
437 0 LA122090-0182 0
437 0 LA122190-0120 0
437 0 LA122389-0049 0
437 0 LA122389-0104 0
437 0 LA122389-0108 0
437 0 LA122389-0142 0
437 0 LA122690-0089 0
437 0 LA122789-0047 0
437 0 LA122889-0006 0
437 0 LA123189-0119 0
