431 0 FBIS3-10104 0
431 0 FBIS3-11477 0
431 0 FBIS3-11858 0
431 0 FBIS3-15756 0
431 0 FBIS3-1583 0
431 0 FBIS3-1588 0
431 0 FBIS3-1637 0
431 0 FBIS3-1800 0
431 0 FBIS3-1901 0
431 0 FBIS3-1902 1
431 0 FBIS3-2001 0
431 0 FBIS3-20423 0
431 0 FBIS3-20469 1
431 0 FBIS3-20610 0
431 0 FBIS3-20613 0
431 0 FBIS3-20671 0
431 0 FBIS3-2070 0
431 0 FBIS3-2072 0
431 0 FBIS3-20887 0
431 0 FBIS3-20892 0
431 0 FBIS3-20898 0
431 0 FBIS3-20899 0
431 0 FBIS3-20900 0
431 0 FBIS3-20903 0
431 0 FBIS3-20925 0
431 0 FBIS3-20946 0
431 0 FBIS3-20948 0
431 0 FBIS3-20988 0
431 0 FBIS3-21021 0
431 0 FBIS3-21026 0
431 0 FBIS3-21042 0
431 0 FBIS3-21051 0
431 0 FBIS3-21069 0
431 0 FBIS3-21078 0
431 0 FBIS3-21089 0
431 0 FBIS3-21112 0
431 0 FBIS3-21115 0
431 0 FBIS3-21132 0
431 0 FBIS3-21149 0
431 0 FBIS3-21158 0
431 0 FBIS3-21159 0
431 0 FBIS3-21168 0
431 0 FBIS3-21177 0
431 0 FBIS3-21180 0
431 0 FBIS3-21181 0
431 0 FBIS3-21182 0
431 0 FBIS3-21187 0
431 0 FBIS3-21193 0
431 0 FBIS3-21198 0
431 0 FBIS3-21207 0
431 0 FBIS3-21218 0
431 0 FBIS3-21220 0
431 0 FBIS3-21239 0
431 0 FBIS3-21241 0
431 0 FBIS3-21262 0
431 0 FBIS3-22221 0
431 0 FBIS3-22351 0
431 0 FBIS3-22416 0
431 0 FBIS3-22446 0
431 0 FBIS3-22759 0
431 0 FBIS3-22766 0
431 0 FBIS3-22848 0
431 0 FBIS3-23525 0
431 0 FBIS3-23528 0
431 0 FBIS3-23568 0
431 0 FBIS3-2359 0
431 0 FBIS3-23681 0
431 0 FBIS3-23702 0
431 0 FBIS3-24463 0
431 0 FBIS3-24484 0
431 0 FBIS3-24506 0
431 0 FBIS3-24507 0
431 0 FBIS3-24515 0
431 0 FBIS3-24525 0
431 0 FBIS3-24527 0
431 0 FBIS3-24550 0
431 0 FBIS3-24562 0
431 0 FBIS3-24586 0
431 0 FBIS3-24606 0
431 0 FBIS3-24619 0
431 0 FBIS3-24648 0
431 0 FBIS3-24654 0
431 0 FBIS3-24678 0
431 0 FBIS3-24682 0
431 0 FBIS3-2516 0
431 0 FBIS3-2523 0
431 0 FBIS3-25820 0
431 0 FBIS3-25902 0
431 0 FBIS3-26006 0
431 0 FBIS3-26009 0
431 0 FBIS3-26010 0
431 0 FBIS3-26011 0
431 0 FBIS3-26693 0
431 0 FBIS3-26695 0
431 0 FBIS3-26730 0
431 0 FBIS3-26768 0
431 0 FBIS3-2677 0
431 0 FBIS3-26775 0
431 0 FBIS3-2679 0
431 0 FBIS3-26941 0
431 0 FBIS3-27004 0
431 0 FBIS3-27056 0
431 0 FBIS3-27117 0
431 0 FBIS3-27453 0
431 0 FBIS3-27546 0
431 0 FBIS3-27590 0
431 0 FBIS3-27618 0
431 0 FBIS3-27852 0
431 0 FBIS3-27951 0
431 0 FBIS3-28131 0
431 0 FBIS3-28377 0
431 0 FBIS3-29 0
431 0 FBIS3-29365 0
431 0 FBIS3-29981 0
431 0 FBIS3-30110 0
431 0 FBIS3-3049 0
431 0 FBIS3-31848 0
431 0 FBIS3-3211 0
431 0 FBIS3-3248 0
431 0 FBIS3-3367 0
431 0 FBIS3-34438 0
431 0 FBIS3-35949 0
431 0 FBIS3-38016 0
431 0 FBIS3-38273 0
431 0 FBIS3-38307 0
431 0 FBIS3-38367 0
431 0 FBIS3-38381 1
431 0 FBIS3-38507 0
431 0 FBIS3-38527 0
431 0 FBIS3-38782 1
431 0 FBIS3-3946 0
431 0 FBIS3-39883 0
431 0 FBIS3-40054 0
431 0 FBIS3-40096 0
431 0 FBIS3-40119 0
431 0 FBIS3-40208 0
431 0 FBIS3-40209 0
431 0 FBIS3-40217 0
431 0 FBIS3-40257 0
431 0 FBIS3-40345 0
431 0 FBIS3-40351 0
431 0 FBIS3-40352 0
431 0 FBIS3-40387 0
431 0 FBIS3-40388 0
431 0 FBIS3-40453 0
431 0 FBIS3-40455 0
431 0 FBIS3-40456 0
431 0 FBIS3-40458 0
431 0 FBIS3-40465 0
431 0 FBIS3-40473 0
431 0 FBIS3-40492 0
431 0 FBIS3-40495 0
431 0 FBIS3-40497 0
431 0 FBIS3-40524 0
431 0 FBIS3-40532 0
431 0 FBIS3-40536 0
431 0 FBIS3-40537 0
431 0 FBIS3-40538 0
431 0 FBIS3-40548 0
431 0 FBIS3-40550 0
431 0 FBIS3-40551 0
431 0 FBIS3-40553 0
431 0 FBIS3-40554 0
431 0 FBIS3-40645 0
431 0 FBIS3-40761 0
431 0 FBIS3-4083 0
431 0 FBIS3-41010 1
431 0 FBIS3-41518 0
431 0 FBIS3-41666 0
431 0 FBIS3-41847 0
431 0 FBIS3-41930 0
431 0 FBIS3-4207 0
431 0 FBIS3-42084 0
431 0 FBIS3-42376 0
431 0 FBIS3-42393 0
431 0 FBIS3-42399 0
431 0 FBIS3-42400 0
431 0 FBIS3-42458 0
431 0 FBIS3-42459 0
431 0 FBIS3-42466 1
431 0 FBIS3-42506 0
431 0 FBIS3-42522 0
431 0 FBIS3-42579 0
431 0 FBIS3-42972 0
431 0 FBIS3-42977 0
431 0 FBIS3-43001 0
431 0 FBIS3-43010 0
431 0 FBIS3-43015 0
431 0 FBIS3-43030 0
431 0 FBIS3-43043 0
431 0 FBIS3-43055 0
431 0 FBIS3-43073 0
431 0 FBIS3-43142 0
431 0 FBIS3-43194 0
431 0 FBIS3-43196 0
431 0 FBIS3-44406 0
431 0 FBIS3-44485 0
431 0 FBIS3-44986 0
431 0 FBIS3-45033 0
431 0 FBIS3-45489 0
431 0 FBIS3-45583 0
431 0 FBIS3-45645 0
431 0 FBIS3-45748 0
431 0 FBIS3-45903 0
431 0 FBIS3-45916 0
431 0 FBIS3-46248 0
431 0 FBIS3-46376 0
431 0 FBIS3-46732 0
431 0 FBIS3-4758 0
431 0 FBIS3-48146 0
431 0 FBIS3-48260 1
431 0 FBIS3-48394 0
431 0 FBIS3-4841 0
431 0 FBIS3-48487 0
431 0 FBIS3-4860 0
431 0 FBIS3-48691 0
431 0 FBIS3-49764 0
431 0 FBIS3-50603 0
431 0 FBIS3-54439 0
431 0 FBIS3-57940 0
431 0 FBIS3-58251 0
431 0 FBIS3-58697 0
431 0 FBIS3-59255 0
431 0 FBIS3-59494 0
431 0 FBIS3-59500 0
431 0 FBIS3-59512 1
431 0 FBIS3-59523 0
431 0 FBIS3-59544 0
431 0 FBIS3-59546 0
431 0 FBIS3-59567 0
431 0 FBIS3-59577 0
431 0 FBIS3-59587 0
431 0 FBIS3-59600 0
431 0 FBIS3-59602 0
431 0 FBIS3-59614 0
431 0 FBIS3-59621 0
431 0 FBIS3-59637 0
431 0 FBIS3-59640 1
431 0 FBIS3-59669 0
431 0 FBIS3-59694 1
431 0 FBIS3-59697 0
431 0 FBIS3-59706 0
431 0 FBIS3-59707 0
431 0 FBIS3-59721 0
431 0 FBIS3-59747 0
431 0 FBIS3-59748 0
431 0 FBIS3-59750 0
431 0 FBIS3-59751 0
431 0 FBIS3-59752 0
431 0 FBIS3-59753 0
431 0 FBIS3-59754 0
431 0 FBIS3-59756 0
431 0 FBIS3-59766 0
431 0 FBIS3-59774 0
431 0 FBIS3-59789 0
431 0 FBIS3-59790 0
431 0 FBIS3-59800 0
431 0 FBIS3-59883 0
431 0 FBIS3-59895 0
431 0 FBIS3-60240 0
431 0 FBIS3-60353 0
431 0 FBIS3-60402 0
431 0 FBIS3-60609 0
431 0 FBIS3-60612 0
431 0 FBIS3-61040 0
431 0 FBIS3-61257 0
431 0 FBIS3-61406 0
431 0 FBIS3-61428 0
431 0 FBIS3-61460 0
431 0 FBIS3-61462 0
431 0 FBIS3-61473 0
431 0 FBIS3-61482 0
431 0 FBIS3-61484 0
431 0 FBIS3-61500 0
431 0 FBIS3-61541 0
431 0 FBIS3-61548 0
431 0 FBIS3-61555 0
431 0 FBIS3-61575 0
431 0 FBIS3-6482 0
431 0 FBIS3-6487 0
431 0 FBIS3-67 0
431 0 FBIS3-6982 0
431 0 FBIS4-10928 0
431 0 FBIS4-11073 0
431 0 FBIS4-11328 0
431 0 FBIS4-12488 0
431 0 FBIS4-13829 0
431 0 FBIS4-1627 0
431 0 FBIS4-16590 0
431 0 FBIS4-16653 0
431 0 FBIS4-1699 0
431 0 FBIS4-17426 0
431 0 FBIS4-18660 0
431 0 FBIS4-18969 0
431 0 FBIS4-19338 0
431 0 FBIS4-1953 0
431 0 FBIS4-19565 0
431 0 FBIS4-20 0
431 0 FBIS4-20337 0
431 0 FBIS4-20340 0
431 0 FBIS4-20355 0
431 0 FBIS4-20368 0
431 0 FBIS4-20414 0
431 0 FBIS4-20435 0
431 0 FBIS4-20436 0
431 0 FBIS4-20437 0
431 0 FBIS4-20468 0
431 0 FBIS4-20491 0
431 0 FBIS4-2052 0
431 0 FBIS4-20531 0
431 0 FBIS4-20557 0
431 0 FBIS4-20567 0
431 0 FBIS4-20568 0
431 0 FBIS4-20569 0
431 0 FBIS4-20576 0
431 0 FBIS4-20583 0
431 0 FBIS4-20585 0
431 0 FBIS4-20598 0
431 0 FBIS4-20604 0
431 0 FBIS4-20610 0
431 0 FBIS4-20613 0
431 0 FBIS4-20627 0
431 0 FBIS4-20630 0
431 0 FBIS4-20652 0
431 0 FBIS4-20654 0
431 0 FBIS4-20655 0
431 0 FBIS4-20661 0
431 0 FBIS4-20668 0
431 0 FBIS4-20671 0
431 0 FBIS4-20675 0
431 0 FBIS4-20701 0
431 0 FBIS4-20704 0
431 0 FBIS4-20833 0
431 0 FBIS4-20926 0
431 0 FBIS4-21457 0
431 0 FBIS4-21521 0
431 0 FBIS4-21571 0
431 0 FBIS4-2192 0
431 0 FBIS4-22145 0
431 0 FBIS4-22152 0
431 0 FBIS4-22629 0
431 0 FBIS4-22848 0
431 0 FBIS4-22872 0
431 0 FBIS4-22886 0
431 0 FBIS4-22890 0
431 0 FBIS4-22922 0
431 0 FBIS4-22934 0
431 0 FBIS4-22970 0
431 0 FBIS4-23009 0
431 0 FBIS4-23037 0
431 0 FBIS4-23072 0
431 0 FBIS4-23080 0
431 0 FBIS4-23084 0
431 0 FBIS4-23086 0
431 0 FBIS4-2311 0
431 0 FBIS4-23112 0
431 0 FBIS4-23114 0
431 0 FBIS4-23131 0
431 0 FBIS4-23528 0
431 0 FBIS4-2362 0
431 0 FBIS4-2439 0
431 0 FBIS4-24424 0
431 0 FBIS4-24570 0
431 0 FBIS4-25003 0
431 0 FBIS4-25236 0
431 0 FBIS4-25248 0
431 0 FBIS4-25307 0
431 0 FBIS4-2568 0
431 0 FBIS4-26104 0
431 0 FBIS4-26224 0
431 0 FBIS4-26644 0
431 0 FBIS4-26841 0
431 0 FBIS4-26966 0
431 0 FBIS4-27058 0
431 0 FBIS4-27061 0
431 0 FBIS4-27237 0
431 0 FBIS4-2734 0
431 0 FBIS4-27607 0
431 0 FBIS4-27652 0
431 0 FBIS4-27708 0
431 0 FBIS4-28493 0
431 0 FBIS4-28638 0
431 0 FBIS4-29167 0
431 0 FBIS4-29958 0
431 0 FBIS4-29959 0
431 0 FBIS4-30237 0
431 0 FBIS4-30245 0
431 0 FBIS4-30416 0
431 0 FBIS4-3045 0
431 0 FBIS4-31971 0
431 0 FBIS4-3346 0
431 0 FBIS4-3443 0
431 0 FBIS4-3446 0
431 0 FBIS4-3487 0
431 0 FBIS4-3501 0
431 0 FBIS4-3530 0
431 0 FBIS4-38 0
431 0 FBIS4-4159 0
431 0 FBIS4-42 0
431 0 FBIS4-43330 0
431 0 FBIS4-4385 0
431 0 FBIS4-44486 0
431 0 FBIS4-44545 0
431 0 FBIS4-44577 0
431 0 FBIS4-44589 0
431 0 FBIS4-44609 0
431 0 FBIS4-44649 0
431 0 FBIS4-44657 0
431 0 FBIS4-44661 0
431 0 FBIS4-44692 0
431 0 FBIS4-44702 0
431 0 FBIS4-44732 0
431 0 FBIS4-44734 0
431 0 FBIS4-44735 0
431 0 FBIS4-44736 0
431 0 FBIS4-44739 0
431 0 FBIS4-44749 0
431 0 FBIS4-44752 0
431 0 FBIS4-44761 0
431 0 FBIS4-44782 0
431 0 FBIS4-44783 0
431 0 FBIS4-44786 0
431 0 FBIS4-44794 0
431 0 FBIS4-44801 0
431 0 FBIS4-44816 0
431 0 FBIS4-44817 0
431 0 FBIS4-44824 1
431 0 FBIS4-44844 0
431 0 FBIS4-44850 0
431 0 FBIS4-44851 0
431 0 FBIS4-44867 0
431 0 FBIS4-44879 0
431 0 FBIS4-44892 0
431 0 FBIS4-44898 0
431 0 FBIS4-44901 0
431 0 FBIS4-44909 0
431 0 FBIS4-44910 0
431 0 FBIS4-44914 0
431 0 FBIS4-44916 0
431 0 FBIS4-44917 0
431 0 FBIS4-45612 0
431 0 FBIS4-45952 0
431 0 FBIS4-46089 0
431 0 FBIS4-46469 0
431 0 FBIS4-46649 0
431 0 FBIS4-46763 0
431 0 FBIS4-47268 0
431 0 FBIS4-47290 0
431 0 FBIS4-47403 0
431 0 FBIS4-47447 0
431 0 FBIS4-47450 0
431 0 FBIS4-47456 0
431 0 FBIS4-47470 0
431 0 FBIS4-47486 0
431 0 FBIS4-47512 0
431 0 FBIS4-47521 0
431 0 FBIS4-47594 0
431 0 FBIS4-47595 0
431 0 FBIS4-47596 0
431 0 FBIS4-47597 0
431 0 FBIS4-47602 0
431 0 FBIS4-47611 0
431 0 FBIS4-47636 0
431 0 FBIS4-47642 0
431 0 FBIS4-47814 0
431 0 FBIS4-49076 0
431 0 FBIS4-4921 0
431 0 FBIS4-49502 0
431 0 FBIS4-49552 0
431 0 FBIS4-49554 0
431 0 FBIS4-49582 0
431 0 FBIS4-49729 0
431 0 FBIS4-4978 0
431 0 FBIS4-49888 0
431 0 FBIS4-50282 0
431 0 FBIS4-50297 0
431 0 FBIS4-50391 0
431 0 FBIS4-50572 0
431 0 FBIS4-51065 0
431 0 FBIS4-51071 0
431 0 FBIS4-51932 0
431 0 FBIS4-52037 0
431 0 FBIS4-52038 0
431 0 FBIS4-52039 0
431 0 FBIS4-52045 0
431 0 FBIS4-52285 0
431 0 FBIS4-52561 0
431 0 FBIS4-52825 0
431 0 FBIS4-53181 0
431 0 FBIS4-54209 0
431 0 FBIS4-54212 0
431 0 FBIS4-57056 0
431 0 FBIS4-5721 0
431 0 FBIS4-58039 0
431 0 FBIS4-58381 0
431 0 FBIS4-5890 0
431 0 FBIS4-59860 0
431 0 FBIS4-6102 0
431 0 FBIS4-61367 0
431 0 FBIS4-6227 0
431 0 FBIS4-62617 0
431 0 FBIS4-65372 0
431 0 FBIS4-66170 0
431 0 FBIS4-66185 0
431 0 FBIS4-66193 0
431 0 FBIS4-66278 0
431 0 FBIS4-66318 0
431 0 FBIS4-66319 0
431 0 FBIS4-66328 0
431 0 FBIS4-66356 0
431 0 FBIS4-66377 0
431 0 FBIS4-66399 0
431 0 FBIS4-66408 1
431 0 FBIS4-66412 0
431 0 FBIS4-66413 0
431 0 FBIS4-66416 0
431 0 FBIS4-66422 0
431 0 FBIS4-66455 0
431 0 FBIS4-66461 0
431 0 FBIS4-66463 0
431 0 FBIS4-66482 0
431 0 FBIS4-67533 0
431 0 FBIS4-67574 1
431 0 FBIS4-67877 1
431 0 FBIS4-68100 0
431 0 FBIS4-6833 0
431 0 FBIS4-68611 0
431 0 FBIS4-68757 0
431 0 FBIS4-7251 0
431 0 FBIS4-7309 0
431 0 FBIS4-8353 0
431 0 FBIS4-9958 0
431 0 FR940104-2-00009 0
431 0 FR940104-2-00098 0
431 0 FR940106-0-00016 0
431 0 FR940110-2-00100 0
431 0 FR940112-2-00141 0
431 0 FR940112-2-00145 0
431 0 FR940127-2-00018 0
431 0 FR940128-2-00100 0
431 0 FR940208-2-00187 0
431 0 FR940223-0-00054 0
431 0 FR940228-2-00030 0
431 0 FR940303-2-00031 0
431 0 FR940304-1-00145 0
431 0 FR940304-2-00200 0
431 0 FR940314-2-00049 0
431 0 FR940317-2-00046 0
431 0 FR940317-2-00126 0
431 0 FR940318-0-00208 0
431 0 FR940318-2-00129 0
431 0 FR940318-2-00131 0
431 0 FR940318-2-00134 0
431 0 FR940323-0-00109 0
431 0 FR940324-2-00122 0
431 0 FR940325-2-00073 0
431 0 FR940405-2-00044 0
431 0 FR940406-0-00190 0
431 0 FR940406-2-00069 0
431 0 FR940406-2-00072 0
431 0 FR940406-2-00151 0
431 0 FR940406-2-00152 0
431 0 FR940407-0-00013 0
431 0 FR940413-2-00073 0
431 0 FR940413-2-00079 0
431 0 FR940418-0-00025 0
431 0 FR940418-2-00058 0
431 0 FR940419-2-00004 0
431 0 FR940419-2-00015 0
431 0 FR940419-2-00019 0
431 0 FR940419-2-00051 0
431 0 FR940425-1-00003 0
431 0 FR940426-1-00152 0
431 0 FR940503-2-00170 0
431 0 FR940504-2-00098 0
431 0 FR940505-1-00364 0
431 0 FR940505-2-00060 0
431 0 FR940506-2-00042 0
431 0 FR940511-2-00021 0
431 0 FR940511-2-00094 0
431 0 FR940512-2-00031 0
431 0 FR940512-2-00185 0
431 0 FR940516-0-00049 0
431 0 FR940516-0-00054 0
431 0 FR940516-2-00133 0
431 0 FR940516-2-00159 0
431 0 FR940525-2-00005 0
431 0 FR940525-2-00041 0
431 0 FR940525-2-00052 0
431 0 FR940525-2-00213 0
431 0 FR940527-2-00135 0
431 0 FR940527-2-00174 0
431 0 FR940602-2-00027 0
431 0 FR940602-2-00144 0
431 0 FR940602-2-00146 0
431 0 FR940606-0-00013 0
431 0 FR940606-0-00014 0
431 0 FR940606-0-00015 0
431 0 FR940617-2-00231 0
431 0 FR940621-2-00029 0
431 0 FR940627-2-00046 0
431 0 FR940705-2-00026 0
431 0 FR940705-2-00207 0
431 0 FR940705-2-00208 0
431 0 FR940706-2-00081 0
431 0 FR940707-1-00010 0
431 0 FR940707-2-00155 0
431 0 FR940713-2-00097 1
431 0 FR940713-2-00172 0
431 0 FR940721-2-00170 0
431 0 FR940722-2-00026 0
431 0 FR940728-2-00020 0
431 0 FR940802-1-00015 0
431 0 FR940803-2-00061 0
431 0 FR940804-2-00064 0
431 0 FR940810-2-00023 0
431 0 FR940810-2-00024 0
431 0 FR940810-2-00025 0
431 0 FR940810-2-00026 0
431 0 FR940811-2-00104 0
431 0 FR940812-2-00229 0
431 0 FR940812-2-00256 0
431 0 FR940816-2-00009 0
431 0 FR940816-2-00010 0
431 0 FR940816-2-00028 0
431 0 FR940825-2-00078 0
431 0 FR940830-2-00026 0
431 0 FR940830-2-00027 0
431 0 FR940830-2-00067 0
431 0 FR940831-2-00098 0
431 0 FR940902-2-00163 0
431 0 FR940902-2-00165 0
431 0 FR940912-2-00145 0
431 0 FR940912-2-00148 0
431 0 FR940913-2-00055 0
431 0 FR940919-2-00007 0
431 0 FR940920-1-00116 0
431 0 FR940920-2-00045 0
431 0 FR940922-2-00026 0
431 0 FR940926-1-00006 0
431 0 FR940928-2-00009 0
431 0 FR940928-2-00041 0
431 0 FR940930-2-00027 0
431 0 FR940930-2-00058 0
431 0 FR941003-0-00066 0
431 0 FR941003-0-00067 0
431 0 FR941003-0-00070 0
431 0 FR941003-0-00072 0
431 0 FR941003-0-00077 0
431 0 FR941003-2-00056 0
431 0 FR941003-2-00061 0
431 0 FR941005-2-00055 0
431 0 FR941005-2-00060 0
431 0 FR941011-0-00058 0
431 0 FR941011-2-00024 0
431 0 FR941011-2-00097 0
431 0 FR941011-2-00098 0
431 0 FR941011-2-00100 0
431 0 FR941012-2-00062 0
431 0 FR941013-2-00160 0
431 0 FR941017-0-00008 0
431 0 FR941019-2-00006 0
431 0 FR941019-2-00019 0
431 0 FR941019-2-00161 0
431 0 FR941021-2-00131 0
431 0 FR941027-2-00148 0
431 0 FR941028-2-00014 0
431 0 FR941110-2-00045 0
431 0 FR941110-2-00169 0
431 0 FR941117-0-00070 0
431 0 FR941117-0-00074 0
431 0 FR941117-0-00077 0
431 0 FR941117-2-00126 0
431 0 FR941117-2-00158 0
431 0 FR941121-0-00115 0
431 0 FR941125-2-00152 0
431 0 FR941125-2-00156 0
431 0 FR941128-2-00047 0
431 0 FR941202-2-00139 0
431 0 FR941205-0-00026 0
431 0 FR941205-2-00155 0
431 0 FR941206-1-00134 0
431 0 FR941206-2-00161 0
431 0 FR941212-1-00027 0
431 0 FR941212-1-00028 0
431 0 FR941212-1-00040 0
431 0 FR941212-1-00052 0
431 0 FR941212-2-00046 0
431 0 FR941213-2-00030 0
431 0 FR941213-2-00031 0
431 0 FR941216-0-00074 0
431 0 FR941219-2-00180 0
431 0 FR941220-1-00033 0
431 0 FR941221-2-00021 0
431 0 FR941222-2-00035 0
431 0 FR941230-0-00120 0
431 0 FR941230-0-00123 0
431 0 FT911-1218 0
431 0 FT911-138 0
431 0 FT911-139 0
431 0 FT911-140 0
431 0 FT911-187 0
431 0 FT911-2913 0
431 0 FT911-3133 0
431 0 FT911-3186 0
431 0 FT911-371 0
431 0 FT911-3756 0
431 0 FT911-3790 0
431 0 FT911-3915 0
431 0 FT911-3927 0
431 0 FT911-3936 0
431 0 FT911-4011 0
431 0 FT911-4660 0
431 0 FT921-12278 0
431 0 FT921-12466 0
431 0 FT921-12983 0
431 0 FT921-14840 0
431 0 FT921-1498 0
431 0 FT921-3058 0
431 0 FT921-3914 0
431 0 FT921-406 1
431 0 FT921-4470 1
431 0 FT921-5469 0
431 0 FT921-5670 0
431 0 FT921-6574 0
431 0 FT921-6743 1
431 0 FT921-7109 1
431 0 FT921-7376 0
431 0 FT921-7950 1
431 0 FT921-8893 1
431 0 FT922-10027 0
431 0 FT922-10029 0
431 0 FT922-11044 0
431 0 FT922-12650 0
431 0 FT922-13264 0
431 0 FT922-13694 0
431 0 FT922-14419 0
431 0 FT922-14466 0
431 0 FT922-15143 0
431 0 FT922-2008 0
431 0 FT922-3527 0
431 0 FT922-3991 0
431 0 FT922-4411 0
431 0 FT922-4415 1
431 0 FT922-4416 0
431 0 FT922-4420 0
431 0 FT922-4532 0
431 0 FT922-4738 0
431 0 FT922-6491 0
431 0 FT922-7688 0
431 0 FT922-7694 0
431 0 FT922-7914 0
431 0 FT922-918 0
431 0 FT922-9445 1
431 0 FT922-9507 0
431 0 FT922-9657 0
431 0 FT922-9745 0
431 0 FT923-10062 0
431 0 FT923-10688 0
431 0 FT923-10783 0
431 0 FT923-11941 0
431 0 FT923-12263 0
431 0 FT923-12341 0
431 0 FT923-12530 0
431 0 FT923-12755 0
431 0 FT923-13621 1
431 0 FT923-14724 1
431 0 FT923-4154 0
431 0 FT923-4963 0
431 0 FT923-5080 0
431 0 FT923-5401 0
431 0 FT923-6846 0
431 0 FT923-7264 0
431 0 FT923-7283 0
431 0 FT923-7461 1
431 0 FT923-8034 0
431 0 FT923-961 0
431 0 FT924-10303 0
431 0 FT924-1031 0
431 0 FT924-10404 0
431 0 FT924-10484 0
431 0 FT924-10834 0
431 0 FT924-10839 0
431 0 FT924-11987 0
431 0 FT924-12207 0
431 0 FT924-12681 0
431 0 FT924-12704 0
431 0 FT924-14561 0
431 0 FT924-14646 0
431 0 FT924-14819 0
431 0 FT924-1496 0
431 0 FT924-15936 0
431 0 FT924-2788 0
431 0 FT924-2789 0
431 0 FT924-5832 0
431 0 FT924-5942 0
431 0 FT924-6851 0
431 0 FT924-8028 0
431 0 FT924-8976 0
431 0 FT924-911 0
431 0 FT931-10141 0
431 0 FT931-10682 0
431 0 FT931-12161 0
431 0 FT931-12381 0
431 0 FT931-12541 0
431 0 FT931-12904 0
431 0 FT931-13566 0
431 0 FT931-13574 0
431 0 FT931-13692 0
431 0 FT931-15396 0
431 0 FT931-16088 0
431 0 FT931-16179 0
431 0 FT931-1745 0
431 0 FT931-2498 0
431 0 FT931-3523 0
431 0 FT931-4029 0
431 0 FT931-9142 1
431 0 FT932-1041 0
431 0 FT932-11415 0
431 0 FT932-13418 0
431 0 FT932-14856 0
431 0 FT932-15500 0
431 0 FT932-1836 0
431 0 FT932-3732 0
431 0 FT932-3748 0
431 0 FT932-4553 0
431 0 FT932-6016 0
431 0 FT932-6606 0
431 0 FT932-8595 0
431 0 FT932-8598 0
431 0 FT933-10388 0
431 0 FT933-11156 0
431 0 FT933-11260 0
431 0 FT933-11801 0
431 0 FT933-1235 0
431 0 FT933-12557 0
431 0 FT933-12567 1
431 0 FT933-12864 0
431 0 FT933-12971 0
431 0 FT933-1360 0
431 0 FT933-14889 0
431 0 FT933-16950 1
431 0 FT933-2075 0
431 0 FT933-2133 0
431 0 FT933-2137 0
431 0 FT933-29 0
431 0 FT933-2950 0
431 0 FT933-3309 0
431 0 FT933-3515 0
431 0 FT933-4080 0
431 0 FT933-4197 0
431 0 FT933-4886 0
431 0 FT933-4887 0
431 0 FT933-595 0
431 0 FT933-5994 0
431 0 FT933-6678 0
431 0 FT933-6836 0
431 0 FT933-6911 1
431 0 FT933-7582 0
431 0 FT933-7589 0
431 0 FT933-9376 0
431 0 FT933-9595 0
431 0 FT934-11565 0
431 0 FT934-11785 0
431 0 FT934-12266 0
431 0 FT934-12466 0
431 0 FT934-12686 0
431 0 FT934-13281 0
431 0 FT934-14189 0
431 0 FT934-14197 0
431 0 FT934-14198 0
431 0 FT934-14621 0
431 0 FT934-14706 0
431 0 FT934-15702 0
431 0 FT934-15921 0
431 0 FT934-2113 0
431 0 FT934-3140 0
431 0 FT934-3479 0
431 0 FT934-3699 0
431 0 FT934-3769 0
431 0 FT934-4515 0
431 0 FT934-5377 1
431 0 FT934-5395 1
431 0 FT934-5418 0
431 0 FT934-5464 0
431 0 FT934-5571 0
431 0 FT934-5864 0
431 0 FT934-7753 1
431 0 FT934-7871 0
431 0 FT934-794 0
431 0 FT934-83 0
431 0 FT934-8520 0
431 0 FT934-9042 0
431 0 FT934-9305 0
431 0 FT941-1109 0
431 0 FT941-11676 0
431 0 FT941-12850 0
431 0 FT941-12921 1
431 0 FT941-13217 0
431 0 FT941-13499 0
431 0 FT941-14322 0
431 0 FT941-15589 0
431 0 FT941-16334 0
431 0 FT941-17377 0
431 0 FT941-17559 0
431 0 FT941-2542 0
431 0 FT941-2786 0
431 0 FT941-2933 0
431 0 FT941-3301 0
431 0 FT941-3303 0
431 0 FT941-3503 0
431 0 FT941-3538 0
431 0 FT941-3553 0
431 0 FT941-3758 0
431 0 FT941-4404 0
431 0 FT941-4456 0
431 0 FT941-4676 0
431 0 FT941-491 0
431 0 FT941-6880 0
431 0 FT942-10346 0
431 0 FT942-10818 0
431 0 FT942-10906 0
431 0 FT942-11325 0
431 0 FT942-11387 0
431 0 FT942-12372 0
431 0 FT942-12485 0
431 0 FT942-13133 0
431 0 FT942-14254 0
431 0 FT942-14743 0
431 0 FT942-14765 0
431 0 FT942-14766 0
431 0 FT942-14789 0
431 0 FT942-14842 0
431 0 FT942-14848 0
431 0 FT942-14892 0
431 0 FT942-14897 0
431 0 FT942-14903 0
431 0 FT942-14904 0
431 0 FT942-14908 0
431 0 FT942-14910 0
431 0 FT942-14913 0
431 0 FT942-14914 0
431 0 FT942-14917 0
431 0 FT942-14918 0
431 0 FT942-14924 0
431 0 FT942-14942 0
431 0 FT942-15106 0
431 0 FT942-15109 0
431 0 FT942-15188 0
431 0 FT942-15217 0
431 0 FT942-15258 0
431 0 FT942-15261 0
431 0 FT942-15263 0
431 0 FT942-15275 0
431 0 FT942-15296 0
431 0 FT942-15346 0
431 0 FT942-15368 0
431 0 FT942-15404 0
431 0 FT942-15405 0
431 0 FT942-15406 0
431 0 FT942-15407 0
431 0 FT942-15408 0
431 0 FT942-15447 0
431 0 FT942-15523 0
431 0 FT942-15543 0
431 0 FT942-16561 1
431 0 FT942-254 0
431 0 FT942-34 0
431 0 FT942-496 0
431 0 FT942-5477 0
431 0 FT942-6282 0
431 0 FT942-6285 0
431 0 FT942-6304 0
431 0 FT942-6534 0
431 0 FT942-6728 0
431 0 FT942-7402 0
431 0 FT942-8458 0
431 0 FT942-995 0
431 0 FT943-10569 0
431 0 FT943-10630 0
431 0 FT943-10799 0
431 0 FT943-11208 0
431 0 FT943-11852 0
431 0 FT943-15023 0
431 0 FT943-15071 0
431 0 FT943-15870 0
431 0 FT943-3444 0
431 0 FT943-4352 0
431 0 FT943-5054 1
431 0 FT943-5504 0
431 0 FT943-5767 0
431 0 FT943-5806 0
431 0 FT943-8066 0
431 0 FT943-8230 0
431 0 FT943-9171 0
431 0 FT943-9446 0
431 0 FT943-9516 0
431 0 FT943-9840 0
431 0 FT944-1125 0
431 0 FT944-12042 0
431 0 FT944-12140 0
431 0 FT944-12435 0
431 0 FT944-13427 0
431 0 FT944-140 0
431 0 FT944-14102 0
431 0 FT944-15013 0
431 0 FT944-1545 0
431 0 FT944-15487 0
431 0 FT944-15725 0
431 0 FT944-15801 1
431 0 FT944-15804 0
431 0 FT944-15805 0
431 0 FT944-15816 0
431 0 FT944-16024 0
431 0 FT944-16101 0
431 0 FT944-16206 0
431 0 FT944-16970 1
431 0 FT944-17043 0
431 0 FT944-17268 0
431 0 FT944-17498 0
431 0 FT944-18239 0
431 0 FT944-2266 0
431 0 FT944-2471 0
431 0 FT944-2527 0
431 0 FT944-2890 0
431 0 FT944-3185 0
431 0 FT944-4458 0
431 0 FT944-5003 0
431 0 FT944-6682 0
431 0 FT944-6731 0
431 0 FT944-6810 0
431 0 FT944-7188 0
431 0 FT944-8098 0
431 0 LA010190-0038 0
431 0 LA010190-0090 0
431 0 LA010289-0060 0
431 0 LA010289-0061 0
431 0 LA010289-0086 0
431 0 LA010290-0027 0
431 0 LA010290-0041 0
431 0 LA010489-0075 0
431 0 LA010989-0085 0
431 0 LA011190-0213 1
431 0 LA011390-0147 0
431 0 LA011490-0160 0
431 0 LA011589-0005 0
431 0 LA011690-0037 0
431 0 LA011890-0126 0
431 0 LA012390-0049 0
431 0 LA013089-0071 0
431 0 LA020389-0032 0
431 0 LA020390-0126 0
431 0 LA020390-0159 0
431 0 LA020889-0003 1
431 0 LA020889-0114 0
431 0 LA020890-0172 0
431 0 LA021089-0020 0
431 0 LA021090-0013 0
431 0 LA021789-0173 0
431 0 LA021989-0207 0
431 0 LA022490-0041 0
431 0 LA022590-0204 0
431 0 LA030589-0036 0
431 0 LA030790-0104 0
431 0 LA031590-0068 0
431 0 LA031690-0156 0
431 0 LA032089-0013 1
431 0 LA032890-0075 0
431 0 LA040289-0002 0
431 0 LA040290-0072 0
431 0 LA040489-0058 0
431 0 LA040589-0149 0
431 0 LA040690-0113 0
431 0 LA041090-0159 0
431 0 LA041190-0141 0
431 0 LA041990-0132 0
431 0 LA042090-0043 1
431 0 LA042490-0150 1
431 0 LA042590-0135 1
431 0 LA042590-0152 0
431 0 LA042689-0150 1
431 0 LA042690-0184 0
431 0 LA042990-0234 0
431 0 LA050190-0196 1
431 0 LA050190-0198 0
431 0 LA050289-0129 0
431 0 LA050290-0066 1
431 0 LA050290-0094 0
431 0 LA050489-0205 0
431 0 LA050690-0002 0
431 0 LA050990-0120 0
431 0 LA050990-0179 0
431 0 LA051089-0114 0
431 0 LA051490-0068 0
431 0 LA051990-0069 1
431 0 LA052190-0102 0
431 0 LA052590-0080 0
431 0 LA053190-0260 0
431 0 LA060389-0097 1
431 0 LA060489-0132 0
431 0 LA061090-0142 0
431 0 LA061689-0092 0
431 0 LA062589-0006 0
431 0 LA070289-0024 1
431 0 LA070290-0143 0
431 0 LA070790-0040 0
431 0 LA071689-0109 0
431 0 LA071789-0059 1
431 0 LA071990-0148 0
431 0 LA072090-0084 0
431 0 LA072189-0108 0
431 0 LA072289-0146 0
431 0 LA072389-0198 0
431 0 LA072389-0208 0
431 0 LA072490-0096 0
431 0 LA072889-0038 0
431 0 LA072990-0211 0
431 0 LA080490-0157 1
431 0 LA080689-0122 0
431 0 LA080689-0162 0
431 0 LA081290-0208 0
431 0 LA081290-0217 0
431 0 LA081389-0022 1
431 0 LA081590-0134 0
431 0 LA081990-0004 0
431 0 LA082389-0035 0
431 0 LA082490-0060 1
431 0 LA082490-0134 1
431 0 LA082590-0001 1
431 0 LA082789-0057 0
431 0 LA082990-0099 0
431 0 LA083189-0181 0
431 0 LA090189-0107 0
431 0 LA090189-0124 0
431 0 LA090189-0145 0
431 0 LA090190-0083 0
431 0 LA090190-0116 0
431 0 LA090289-0050 0
431 0 LA090289-0107 0
431 0 LA090289-0128 0
431 0 LA090290-0022 0
431 0 LA090290-0118 0
431 0 LA090390-0103 0
431 0 LA090490-0030 0
431 0 LA090490-0056 0
431 0 LA090589-0055 0
431 0 LA090590-0084 0
431 0 LA090590-0118 0
431 0 LA090990-0213 0
431 0 LA091590-0034 0
431 0 LA091689-0109 0
431 0 LA092189-0061 1
431 0 LA092389-0125 1
431 0 LA092390-0032 0
431 0 LA092489-0134 1
431 0 LA100190-0089 0
431 0 LA100590-0123 1
431 0 LA100690-0129 1
431 0 LA100989-0051 0
431 0 LA101089-0101 0
431 0 LA101189-0118 0
431 0 LA101289-0198 0
431 0 LA101589-0038 0
431 0 LA101589-0051 0
431 0 LA101690-0086 0
431 0 LA101889-0048 0
431 0 LA102589-0109 1
431 0 LA110289-0145 1
431 0 LA110490-0204 0
431 0 LA110689-0059 0
431 0 LA110890-0072 0
431 0 LA110890-0208 0
431 0 LA110890-0217 0
431 0 LA110890-0224 0
431 0 LA110989-0193 0
431 0 LA110990-0131 0
431 0 LA110990-0187 0
431 0 LA111089-0012 0
431 0 LA111089-0069 0
431 0 LA111089-0079 0
431 0 LA111089-0123 0
431 0 LA111190-0072 0
431 0 LA111190-0218 0
431 0 LA111289-0094 0
431 0 LA111289-0206 0
431 0 LA111290-0039 0
431 0 LA111290-0053 0
431 0 LA111389-0037 0
431 0 LA111390-0057 0
431 0 LA111390-0085 0
431 0 LA111390-0089 0
431 0 LA111390-0135 0
431 0 LA111489-0083 0
431 0 LA111489-0144 0
431 0 LA111490-0023 0
431 0 LA111490-0090 0
431 0 LA111490-0168 0
431 0 LA111590-0241 0
431 0 LA111689-0010 0
431 0 LA111890-0124 0
431 0 LA111890-0135 0
431 0 LA112090-0099 0
431 0 LA112490-0038 0
431 0 LA113089-0115 0
431 0 LA113089-0159 0
431 0 LA120190-0031 0
431 0 LA120490-0171 1
431 0 LA121190-0089 0
431 0 LA121489-0093 0
431 0 LA121690-0092 0
431 0 LA122390-0105 0
431 0 LA122489-0198 0
431 0 LA122689-0047 1
431 0 LA122890-0151 0
431 0 LA123090-0065 0
431 0 LA123090-0166 0
431 0 LA123090-0176 0
431 0 LA123189-0051 0
431 0 LA123189-0053 0
431 0 LA123189-0082 0
431 0 LA123190-0007 0
431 0 LA123190-0079 0
431 0 LA123190-0086 0
