422 0 FBIS3-10979 0
422 0 FBIS3-11071 0
422 0 FBIS3-11072 0
422 0 FBIS3-12281 0
422 0 FBIS3-14832 0
422 0 FBIS3-15991 0
422 0 FBIS3-16296 0
422 0 FBIS3-16567 0
422 0 FBIS3-17363 0
422 0 FBIS3-17394 0
422 0 FBIS3-17414 0
422 0 FBIS3-17665 0
422 0 FBIS3-17944 0
422 0 FBIS3-18000 0
422 0 FBIS3-1847 0
422 0 FBIS3-1849 0
422 0 FBIS3-18822 0
422 0 FBIS3-2003 0
422 0 FBIS3-20522 0
422 0 FBIS3-20590 0
422 0 FBIS3-20797 0
422 0 FBIS3-20801 0
422 0 FBIS3-21532 0
422 0 FBIS3-21770 0
422 0 FBIS3-2209 0
422 0 FBIS3-22287 0
422 0 FBIS3-2241 0
422 0 FBIS3-22783 0
422 0 FBIS3-22894 0
422 0 FBIS3-22993 0
422 0 FBIS3-23122 0
422 0 FBIS3-2315 0
422 0 FBIS3-23376 0
422 0 FBIS3-23432 0
422 0 FBIS3-23561 0
422 0 FBIS3-23604 0
422 0 FBIS3-23658 0
422 0 FBIS3-2405 0
422 0 FBIS3-24091 0
422 0 FBIS3-24092 0
422 0 FBIS3-24133 0
422 0 FBIS3-2422 0
422 0 FBIS3-24301 0
422 0 FBIS3-24636 0
422 0 FBIS3-2576 0
422 0 FBIS3-2578 0
422 0 FBIS3-2580 0
422 0 FBIS3-25846 0
422 0 FBIS3-25866 0
422 0 FBIS3-25902 0
422 0 FBIS3-25968 0
422 0 FBIS3-26049 0
422 0 FBIS3-26379 0
422 0 FBIS3-26651 0
422 0 FBIS3-26717 0
422 0 FBIS3-26742 0
422 0 FBIS3-26817 0
422 0 FBIS3-26865 0
422 0 FBIS3-26914 0
422 0 FBIS3-2695 0
422 0 FBIS3-26959 0
422 0 FBIS3-27044 0
422 0 FBIS3-27067 0
422 0 FBIS3-27354 0
422 0 FBIS3-2764 0
422 0 FBIS3-27934 0
422 0 FBIS3-281 0
422 0 FBIS3-2843 0
422 0 FBIS3-2847 0
422 0 FBIS3-29 0
422 0 FBIS3-29124 0
422 0 FBIS3-29180 0
422 0 FBIS3-29954 0
422 0 FBIS3-30628 0
422 0 FBIS3-3190 0
422 0 FBIS3-31913 0
422 0 FBIS3-32155 0
422 0 FBIS3-32220 0
422 0 FBIS3-32327 0
422 0 FBIS3-32468 0
422 0 FBIS3-32690 0
422 0 FBIS3-32894 0
422 0 FBIS3-3377 0
422 0 FBIS3-34298 0
422 0 FBIS3-3453 0
422 0 FBIS3-34599 0
422 0 FBIS3-34745 0
422 0 FBIS3-34819 0
422 0 FBIS3-3483 0
422 0 FBIS3-3491 0
422 0 FBIS3-35482 0
422 0 FBIS3-35671 0
422 0 FBIS3-3570 0
422 0 FBIS3-3571 0
422 0 FBIS3-3574 0
422 0 FBIS3-36078 0
422 0 FBIS3-36462 0
422 0 FBIS3-36901 0
422 0 FBIS3-37054 0
422 0 FBIS3-37947 0
422 0 FBIS3-38102 0
422 0 FBIS3-38302 0
422 0 FBIS3-3858 0
422 0 FBIS3-3912 0
422 0 FBIS3-3950 0
422 0 FBIS3-40154 0
422 0 FBIS3-40174 0
422 0 FBIS3-40388 0
422 0 FBIS3-40450 0
422 0 FBIS3-40468 0
422 0 FBIS3-40505 0
422 0 FBIS3-4051 0
422 0 FBIS3-40562 0
422 0 FBIS3-40705 0
422 0 FBIS3-40769 0
422 0 FBIS3-41190 0
422 0 FBIS3-41244 0
422 0 FBIS3-41294 0
422 0 FBIS3-41403 0
422 0 FBIS3-41523 0
422 0 FBIS3-41610 0
422 0 FBIS3-41666 0
422 0 FBIS3-42011 0
422 0 FBIS3-42034 0
422 0 FBIS3-4209 0
422 0 FBIS3-42106 0
422 0 FBIS3-42459 0
422 0 FBIS3-42648 0
422 0 FBIS3-42673 0
422 0 FBIS3-42766 0
422 0 FBIS3-43067 0
422 0 FBIS3-43072 0
422 0 FBIS3-43125 0
422 0 FBIS3-43132 0
422 0 FBIS3-43179 0
422 0 FBIS3-43186 0
422 0 FBIS3-43214 0
422 0 FBIS3-43543 0
422 0 FBIS3-44343 0
422 0 FBIS3-44437 0
422 0 FBIS3-44979 0
422 0 FBIS3-45240 0
422 0 FBIS3-45275 0
422 0 FBIS3-45799 0
422 0 FBIS3-45931 0
422 0 FBIS3-45954 0
422 0 FBIS3-46084 0
422 0 FBIS3-46142 0
422 0 FBIS3-4724 0
422 0 FBIS3-48009 0
422 0 FBIS3-49073 0
422 0 FBIS3-4938 0
422 0 FBIS3-51833 0
422 0 FBIS3-51894 0
422 0 FBIS3-53661 0
422 0 FBIS3-5430 0
422 0 FBIS3-5431 0
422 0 FBIS3-54460 0
422 0 FBIS3-54461 0
422 0 FBIS3-55297 0
422 0 FBIS3-55716 0
422 0 FBIS3-5642 0
422 0 FBIS3-5789 0
422 0 FBIS3-58 0
422 0 FBIS3-58092 0
422 0 FBIS3-58319 0
422 0 FBIS3-59206 0
422 0 FBIS3-59284 0
422 0 FBIS3-59382 0
422 0 FBIS3-59603 0
422 0 FBIS3-59657 0
422 0 FBIS3-60016 0
422 0 FBIS3-60224 0
422 0 FBIS3-60590 0
422 0 FBIS3-60631 0
422 0 FBIS3-60747 0
422 0 FBIS3-60886 0
422 0 FBIS3-60940 0
422 0 FBIS3-61044 0
422 0 FBIS3-61096 0
422 0 FBIS3-61097 0
422 0 FBIS3-61135 0
422 0 FBIS3-61171 0
422 0 FBIS3-61203 0
422 0 FBIS3-61218 0
422 0 FBIS3-61251 0
422 0 FBIS3-61386 0
422 0 FBIS3-61562 0
422 0 FBIS3-6201 0
422 0 FBIS3-6216 0
422 0 FBIS3-6362 0
422 0 FBIS3-643 0
422 0 FBIS3-6482 0
422 0 FBIS3-6936 0
422 0 FBIS3-7178 0
422 0 FBIS3-8 0
422 0 FBIS3-8746 0
422 0 FBIS3-9485 0
422 0 FBIS3-9611 0
422 0 FBIS4-11472 0
422 0 FBIS4-11487 0
422 0 FBIS4-1338 0
422 0 FBIS4-13874 0
422 0 FBIS4-14746 0
422 0 FBIS4-14824 0
422 0 FBIS4-1488 0
422 0 FBIS4-15082 0
422 0 FBIS4-1544 0
422 0 FBIS4-1545 0
422 0 FBIS4-1553 0
422 0 FBIS4-16041 0
422 0 FBIS4-1631 0
422 0 FBIS4-1671 0
422 0 FBIS4-17346 0
422 0 FBIS4-17391 0
422 0 FBIS4-17753 0
422 0 FBIS4-1835 0
422 0 FBIS4-1843 0
422 0 FBIS4-1860 0
422 0 FBIS4-1865 0
422 0 FBIS4-19 0
422 0 FBIS4-1900 0
422 0 FBIS4-19404 0
422 0 FBIS4-19737 0
422 0 FBIS4-1990 0
422 0 FBIS4-19963 0
422 0 FBIS4-2042 0
422 0 FBIS4-20436 0
422 0 FBIS4-20472 0
422 0 FBIS4-20569 0
422 0 FBIS4-20706 0
422 0 FBIS4-20942 0
422 0 FBIS4-21250 0
422 0 FBIS4-21346 0
422 0 FBIS4-21357 0
422 0 FBIS4-21581 0
422 0 FBIS4-21914 0
422 0 FBIS4-22022 0
422 0 FBIS4-2203 0
422 0 FBIS4-22033 0
422 0 FBIS4-22098 0
422 0 FBIS4-22121 0
422 0 FBIS4-22286 1
422 0 FBIS4-22536 0
422 0 FBIS4-22703 0
422 0 FBIS4-22721 0
422 0 FBIS4-22762 0
422 0 FBIS4-23084 0
422 0 FBIS4-23086 0
422 0 FBIS4-23206 0
422 0 FBIS4-23310 0
422 0 FBIS4-24048 0
422 0 FBIS4-24203 0
422 0 FBIS4-2439 0
422 0 FBIS4-24390 0
422 0 FBIS4-24471 0
422 0 FBIS4-2476 0
422 0 FBIS4-2511 0
422 0 FBIS4-2512 0
422 0 FBIS4-2514 0
422 0 FBIS4-25370 0
422 0 FBIS4-25462 0
422 0 FBIS4-25702 0
422 0 FBIS4-25717 0
422 0 FBIS4-25719 0
422 0 FBIS4-26002 0
422 0 FBIS4-26041 0
422 0 FBIS4-26053 0
422 0 FBIS4-26058 0
422 0 FBIS4-26071 0
422 0 FBIS4-26114 0
422 0 FBIS4-26264 0
422 0 FBIS4-26334 0
422 0 FBIS4-26901 0
422 0 FBIS4-26902 0
422 0 FBIS4-27077 0
422 0 FBIS4-27085 0
422 0 FBIS4-2722 0
422 0 FBIS4-2723 0
422 0 FBIS4-27339 0
422 0 FBIS4-27360 0
422 0 FBIS4-2794 0
422 0 FBIS4-28983 0
422 0 FBIS4-29 0
422 0 FBIS4-2954 0
422 0 FBIS4-29925 0
422 0 FBIS4-30132 0
422 0 FBIS4-3074 0
422 0 FBIS4-30992 0
422 0 FBIS4-31017 0
422 0 FBIS4-31570 0
422 0 FBIS4-3229 0
422 0 FBIS4-32555 0
422 0 FBIS4-32878 0
422 0 FBIS4-33733 0
422 0 FBIS4-339 0
422 0 FBIS4-33913 0
422 0 FBIS4-34401 0
422 0 FBIS4-3450 0
422 0 FBIS4-34589 0
422 0 FBIS4-3474 0
422 0 FBIS4-3475 0
422 0 FBIS4-3477 0
422 0 FBIS4-34907 0
422 0 FBIS4-35265 0
422 0 FBIS4-3597 0
422 0 FBIS4-3622 0
422 0 FBIS4-3623 0
422 0 FBIS4-3746 0
422 0 FBIS4-3895 0
422 0 FBIS4-39240 0
422 0 FBIS4-39570 0
422 0 FBIS4-40123 0
422 0 FBIS4-40131 0
422 0 FBIS4-4046 0
422 0 FBIS4-40837 1
422 0 FBIS4-41232 0
422 0 FBIS4-42 0
422 0 FBIS4-42317 0
422 0 FBIS4-4264 0
422 0 FBIS4-42798 0
422 0 FBIS4-4311 0
422 0 FBIS4-43710 0
422 0 FBIS4-43797 0
422 0 FBIS4-43801 0
422 0 FBIS4-44341 0
422 0 FBIS4-44881 0
422 0 FBIS4-44885 0
422 0 FBIS4-4498 0
422 0 FBIS4-45089 0
422 0 FBIS4-45244 0
422 0 FBIS4-45340 0
422 0 FBIS4-45477 0
422 0 FBIS4-46144 0
422 0 FBIS4-46469 0
422 0 FBIS4-46720 0
422 0 FBIS4-46734 0
422 0 FBIS4-46784 0
422 0 FBIS4-47118 0
422 0 FBIS4-4716 0
422 0 FBIS4-47225 0
422 0 FBIS4-47629 0
422 0 FBIS4-48219 0
422 0 FBIS4-48962 0
422 0 FBIS4-49010 0
422 0 FBIS4-49245 0
422 0 FBIS4-4926 0
422 0 FBIS4-49311 0
422 0 FBIS4-49346 0
422 0 FBIS4-49423 0
422 0 FBIS4-49427 0
422 0 FBIS4-49610 0
422 0 FBIS4-49686 0
422 0 FBIS4-49746 0
422 0 FBIS4-49961 0
422 0 FBIS4-50061 0
422 0 FBIS4-50136 0
422 0 FBIS4-50137 0
422 0 FBIS4-50164 0
422 0 FBIS4-50209 0
422 0 FBIS4-50214 0
422 0 FBIS4-50307 0
422 0 FBIS4-50308 0
422 0 FBIS4-50483 0
422 0 FBIS4-50484 0
422 0 FBIS4-50570 0
422 0 FBIS4-50706 0
422 0 FBIS4-50912 0
422 0 FBIS4-51166 0
422 0 FBIS4-51238 0
422 0 FBIS4-5179 0
422 0 FBIS4-52223 0
422 0 FBIS4-52540 0
422 0 FBIS4-52713 0
422 0 FBIS4-53338 0
422 0 FBIS4-53644 0
422 0 FBIS4-53803 0
422 0 FBIS4-5527 0
422 0 FBIS4-5560 0
422 0 FBIS4-5561 0
422 0 FBIS4-55912 0
422 0 FBIS4-56384 0
422 0 FBIS4-56751 0
422 0 FBIS4-57108 0
422 0 FBIS4-57370 0
422 0 FBIS4-5827 0
422 0 FBIS4-59147 0
422 0 FBIS4-5923 0
422 0 FBIS4-59749 0
422 0 FBIS4-60275 0
422 0 FBIS4-60341 0
422 0 FBIS4-60400 0
422 0 FBIS4-61327 0
422 0 FBIS4-62200 0
422 0 FBIS4-62248 0
422 0 FBIS4-63198 0
422 0 FBIS4-6338 0
422 0 FBIS4-6399 0
422 0 FBIS4-64669 0
422 0 FBIS4-65077 0
422 0 FBIS4-65094 0
422 0 FBIS4-66161 0
422 0 FBIS4-66308 0
422 0 FBIS4-66461 0
422 0 FBIS4-66515 0
422 0 FBIS4-66772 0
422 0 FBIS4-67187 0
422 0 FBIS4-67533 0
422 0 FBIS4-68275 0
422 0 FBIS4-68348 0
422 0 FBIS4-68453 0
422 0 FBIS4-68471 0
422 0 FBIS4-68626 0
422 0 FBIS4-68723 0
422 0 FBIS4-68785 0
422 0 FBIS4-68848 0
422 0 FBIS4-68893 0
422 0 FBIS4-7278 0
422 0 FBIS4-8809 0
422 0 FBIS4-9131 0
422 0 FBIS4-9692 0
422 0 FR940104-0-00034 0
422 0 FR940128-2-00201 0
422 0 FR940203-0-00084 0
422 0 FR940228-2-00018 0
422 0 FR940228-2-00019 0
422 0 FR940228-2-00020 0
422 0 FR940228-2-00023 0
422 0 FR940314-1-00041 0
422 0 FR940318-2-00167 0
422 0 FR940406-0-00190 0
422 0 FR940407-0-00013 0
422 0 FR940407-2-00019 0
422 0 FR940414-0-00004 0
422 0 FR940414-0-00011 0
422 0 FR940425-1-00003 0
422 0 FR940426-2-00078 0
422 0 FR940503-2-00170 0
422 0 FR940527-2-00135 0
422 0 FR940603-2-00113 0
422 0 FR940607-0-00033 0
422 0 FR940610-2-00023 0
422 0 FR940610-2-00143 0
422 0 FR940616-0-00047 0
422 0 FR940616-0-00080 0
422 0 FR940620-1-00058 0
422 0 FR940620-1-00061 0
422 0 FR940620-1-00062 0
422 0 FR940620-1-00066 0
422 0 FR940620-1-00069 0
422 0 FR940620-1-00073 0
422 0 FR940620-1-00080 0
422 0 FR940620-1-00081 0
422 0 FR940620-1-00082 0
422 0 FR940620-1-00084 0
422 0 FR940620-1-00091 0
422 0 FR940620-1-00092 0
422 0 FR940620-1-00094 0
422 0 FR940620-1-00101 0
422 0 FR940621-0-00031 0
422 0 FR940804-1-00057 0
422 0 FR940902-1-00014 0
422 0 FR940902-1-00048 0
422 0 FR940922-2-00126 0
422 0 FR940926-1-00010 0
422 0 FR941012-2-00106 0
422 0 FR941012-2-00146 0
422 0 FR941013-1-00047 0
422 0 FR941019-0-00079 0
422 0 FR941020-2-00111 0
422 0 FR941102-1-00119 0
422 0 FR941107-0-00034 0
422 0 FR941202-2-00139 0
422 0 FR941230-0-00123 0
422 0 FT911-1128 1
422 0 FT911-1207 0
422 0 FT911-1399 0
422 0 FT911-1401 0
422 0 FT911-1912 0
422 0 FT911-193 0
422 0 FT911-2080 1
422 0 FT911-2974 0
422 0 FT911-3498 0
422 0 FT911-3719 0
422 0 FT911-4474 0
422 0 FT911-5075 0
422 0 FT911-5106 0
422 0 FT911-5326 0
422 0 FT921-10515 1
422 0 FT921-11218 0
422 0 FT921-12304 0
422 0 FT921-12679 1
422 0 FT921-13302 0
422 0 FT921-14192 0
422 0 FT921-14233 0
422 0 FT921-14351 0
422 0 FT921-14761 0
422 0 FT921-14961 0
422 0 FT921-14982 1
422 0 FT921-15491 1
422 0 FT921-15732 0
422 0 FT921-15849 0
422 0 FT921-16027 0
422 0 FT921-16174 0
422 0 FT921-16420 0
422 0 FT921-1888 0
422 0 FT921-1889 0
422 0 FT921-1892 0
422 0 FT921-2078 0
422 0 FT921-2337 0
422 0 FT921-2413 0
422 0 FT921-3080 0
422 0 FT921-3108 0
422 0 FT921-4063 0
422 0 FT921-4371 1
422 0 FT921-4600 0
422 0 FT921-4701 0
422 0 FT921-4704 0
422 0 FT921-4713 0
422 0 FT921-5017 0
422 0 FT921-6704 0
422 0 FT921-6989 0
422 0 FT921-7378 0
422 0 FT921-9031 0
422 0 FT921-9136 0
422 0 FT921-9252 0
422 0 FT921-9262 0
422 0 FT922-10035 0
422 0 FT922-10097 0
422 0 FT922-10121 0
422 0 FT922-11376 0
422 0 FT922-11708 0
422 0 FT922-11752 0
422 0 FT922-12038 0
422 0 FT922-12197 0
422 0 FT922-13392 0
422 0 FT922-13463 0
422 0 FT922-13691 0
422 0 FT922-13808 0
422 0 FT922-13809 0
422 0 FT922-14561 0
422 0 FT922-14720 0
422 0 FT922-14728 0
422 0 FT922-15409 0
422 0 FT922-15516 0
422 0 FT922-1704 0
422 0 FT922-1929 0
422 0 FT922-2230 0
422 0 FT922-249 0
422 0 FT922-2509 0
422 0 FT922-2536 0
422 0 FT922-2990 0
422 0 FT922-3010 0
422 0 FT922-3119 0
422 0 FT922-3656 0
422 0 FT922-4077 0
422 0 FT922-4184 0
422 0 FT922-577 0
422 0 FT922-6382 0
422 0 FT922-6434 0
422 0 FT922-6669 0
422 0 FT922-7175 0
422 0 FT922-74 0
422 0 FT922-7570 0
422 0 FT922-761 0
422 0 FT922-7641 0
422 0 FT922-8067 0
422 0 FT922-8114 0
422 0 FT922-8176 0
422 0 FT922-8390 0
422 0 FT922-8413 0
422 0 FT922-8555 0
422 0 FT922-8989 0
422 0 FT922-9038 0
422 0 FT923-10088 0
422 0 FT923-1081 0
422 0 FT923-11228 0
422 0 FT923-11559 0
422 0 FT923-12053 0
422 0 FT923-12234 1
422 0 FT923-12593 0
422 0 FT923-13993 0
422 0 FT923-14708 1
422 0 FT923-1720 0
422 0 FT923-178 0
422 0 FT923-1955 0
422 0 FT923-2696 0
422 0 FT923-29 0
422 0 FT923-2916 0
422 0 FT923-2921 0
422 0 FT923-3826 0
422 0 FT923-4539 0
422 0 FT923-4540 1
422 0 FT923-5277 0
422 0 FT923-5543 0
422 0 FT923-6018 0
422 0 FT923-6396 0
422 0 FT923-6519 0
422 0 FT923-6858 0
422 0 FT923-7810 0
422 0 FT923-7814 0
422 0 FT923-8980 0
422 0 FT923-9990 0
422 0 FT924-10138 0
422 0 FT924-11220 0
422 0 FT924-12763 0
422 0 FT924-14687 0
422 0 FT924-15212 0
422 0 FT924-15592 0
422 0 FT924-2069 0
422 0 FT924-2352 0
422 0 FT924-2436 0
422 0 FT924-2686 0
422 0 FT924-2819 0
422 0 FT924-3689 0
422 0 FT924-4316 0
422 0 FT924-484 0
422 0 FT924-4981 0
422 0 FT924-5016 0
422 0 FT924-5176 1
422 0 FT924-5182 0
422 0 FT924-5190 0
422 0 FT924-5192 0
422 0 FT924-5202 0
422 0 FT924-5305 0
422 0 FT924-5654 0
422 0 FT924-6119 0
422 0 FT924-7185 0
422 0 FT924-7815 0
422 0 FT924-7816 0
422 0 FT924-7874 0
422 0 FT924-8098 0
422 0 FT924-8749 0
422 0 FT924-8961 0
422 0 FT924-9264 0
422 0 FT931-10713 0
422 0 FT931-10921 0
422 0 FT931-1098 0
422 0 FT931-11843 0
422 0 FT931-12060 0
422 0 FT931-12076 1
422 0 FT931-12368 1
422 0 FT931-12458 0
422 0 FT931-1276 0
422 0 FT931-1292 0
422 0 FT931-1316 0
422 0 FT931-13335 0
422 0 FT931-14695 0
422 0 FT931-15623 0
422 0 FT931-15896 0
422 0 FT931-16397 0
422 0 FT931-16954 0
422 0 FT931-1945 0
422 0 FT931-2010 0
422 0 FT931-2233 0
422 0 FT931-2264 0
422 0 FT931-2409 1
422 0 FT931-268 0
422 0 FT931-3921 0
422 0 FT931-4243 0
422 0 FT931-4665 0
422 0 FT931-4701 0
422 0 FT931-4716 0
422 0 FT931-5166 0
422 0 FT931-5189 1
422 0 FT931-5227 0
422 0 FT931-5228 0
422 0 FT931-5343 0
422 0 FT931-5352 0
422 0 FT931-5581 0
422 0 FT931-6073 0
422 0 FT931-6305 0
422 0 FT931-6473 0
422 0 FT931-6663 0
422 0 FT931-781 1
422 0 FT931-8053 0
422 0 FT931-8273 0
422 0 FT931-9397 0
422 0 FT931-9451 0
422 0 FT932-10380 0
422 0 FT932-10438 1
422 0 FT932-10541 0
422 0 FT932-10964 0
422 0 FT932-11533 0
422 0 FT932-11561 0
422 0 FT932-11612 0
422 0 FT932-11834 0
422 0 FT932-12509 0
422 0 FT932-13085 1
422 0 FT932-13122 0
422 0 FT932-13182 0
422 0 FT932-14130 0
422 0 FT932-14534 0
422 0 FT932-15425 0
422 0 FT932-15637 0
422 0 FT932-15659 0
422 0 FT932-15879 0
422 0 FT932-16744 0
422 0 FT932-16943 0
422 0 FT932-2345 0
422 0 FT932-250 0
422 0 FT932-2652 0
422 0 FT932-2922 0
422 0 FT932-3288 0
422 0 FT932-3649 0
422 0 FT932-38 0
422 0 FT932-5004 0
422 0 FT932-5915 0
422 0 FT932-598 0
422 0 FT932-6003 0
422 0 FT932-6097 0
422 0 FT932-6100 0
422 0 FT932-712 0
422 0 FT932-7518 0
422 0 FT932-7725 0
422 0 FT932-8498 0
422 0 FT932-8953 0
422 0 FT932-8955 0
422 0 FT932-8958 0
422 0 FT932-9178 0
422 0 FT932-9289 0
422 0 FT933-1042 0
422 0 FT933-10810 0
422 0 FT933-10922 0
422 0 FT933-10925 0
422 0 FT933-10926 0
422 0 FT933-10935 0
422 0 FT933-11001 0
422 0 FT933-11124 0
422 0 FT933-11235 0
422 0 FT933-11765 0
422 0 FT933-11983 0
422 0 FT933-12254 0
422 0 FT933-12294 0
422 0 FT933-12373 0
422 0 FT933-12923 0
422 0 FT933-13543 0
422 0 FT933-13759 0
422 0 FT933-13977 0
422 0 FT933-14240 0
422 0 FT933-16663 0
422 0 FT933-16690 0
422 0 FT933-167 0
422 0 FT933-16700 0
422 0 FT933-1927 0
422 0 FT933-2347 0
422 0 FT933-2399 0
422 0 FT933-2414 1
422 0 FT933-2805 0
422 0 FT933-3183 0
422 0 FT933-4037 0
422 0 FT933-4495 0
422 0 FT933-4845 0
422 0 FT933-5020 0
422 0 FT933-6076 0
422 0 FT933-6216 0
422 0 FT933-682 0
422 0 FT933-6993 0
422 0 FT933-7334 0
422 0 FT933-7362 0
422 0 FT933-7715 0
422 0 FT933-8030 0
422 0 FT933-8256 0
422 0 FT933-8523 0
422 0 FT933-9575 0
422 0 FT934-10024 0
422 0 FT934-10109 0
422 0 FT934-10703 0
422 0 FT934-10755 0
422 0 FT934-11507 0
422 0 FT934-1164 0
422 0 FT934-12502 0
422 0 FT934-13152 0
422 0 FT934-13684 0
422 0 FT934-1389 0
422 0 FT934-14370 0
422 0 FT934-14446 0
422 0 FT934-14463 0
422 0 FT934-15296 0
422 0 FT934-15481 0
422 0 FT934-16259 0
422 0 FT934-16262 0
422 0 FT934-16916 0
422 0 FT934-17028 0
422 0 FT934-17084 0
422 0 FT934-2307 1
422 0 FT934-2422 0
422 0 FT934-3067 0
422 0 FT934-330 0
422 0 FT934-3611 0
422 0 FT934-4159 0
422 0 FT934-4633 0
422 0 FT934-4635 0
422 0 FT934-5173 0
422 0 FT934-5205 0
422 0 FT934-546 0
422 0 FT934-5783 0
422 0 FT934-6085 0
422 0 FT934-7188 0
422 0 FT934-8362 0
422 0 FT934-8553 0
422 0 FT934-8686 0
422 0 FT934-8712 0
422 0 FT934-8716 0
422 0 FT934-9379 0
422 0 FT934-9567 0
422 0 FT934-9735 0
422 0 FT934-9844 0
422 0 FT934-9845 0
422 0 FT941-11235 0
422 0 FT941-11435 0
422 0 FT941-1217 0
422 0 FT941-12439 1
422 0 FT941-13995 1
422 0 FT941-16309 0
422 0 FT941-16591 0
422 0 FT941-17508 0
422 0 FT941-17629 0
422 0 FT941-2090 1
422 0 FT941-2258 0
422 0 FT941-3199 0
422 0 FT941-3869 1
422 0 FT941-4494 0
422 0 FT941-5684 1
422 0 FT941-5839 0
422 0 FT941-7295 0
422 0 FT941-7535 0
422 0 FT941-8581 0
422 0 FT941-9166 0
422 0 FT941-9241 0
422 0 FT941-9715 0
422 0 FT941-9935 0
422 0 FT941-9939 0
422 0 FT942-10098 0
422 0 FT942-10151 0
422 0 FT942-10587 0
422 0 FT942-1061 0
422 0 FT942-1063 0
422 0 FT942-10883 1
422 0 FT942-10918 0
422 0 FT942-11682 0
422 0 FT942-11902 0
422 0 FT942-1212 0
422 0 FT942-12138 0
422 0 FT942-12470 0
422 0 FT942-12776 0
422 0 FT942-13126 0
422 0 FT942-13146 0
422 0 FT942-13475 0
422 0 FT942-13985 0
422 0 FT942-13995 0
422 0 FT942-14180 0
422 0 FT942-14201 0
422 0 FT942-14542 0
422 0 FT942-14897 0
422 0 FT942-15076 0
422 0 FT942-15084 0
422 0 FT942-16464 0
422 0 FT942-16470 0
422 0 FT942-17037 0
422 0 FT942-17318 0
422 0 FT942-1863 0
422 0 FT942-2358 0
422 0 FT942-2714 0
422 0 FT942-3148 0
422 0 FT942-3434 0
422 0 FT942-4005 0
422 0 FT942-4009 0
422 0 FT942-4651 0
422 0 FT942-4663 0
422 0 FT942-4798 0
422 0 FT942-5140 0
422 0 FT942-5344 0
422 0 FT942-5994 0
422 0 FT942-5998 0
422 0 FT942-6143 0
422 0 FT942-6994 0
422 0 FT942-7085 0
422 0 FT942-7293 0
422 0 FT942-7652 0
422 0 FT942-7988 0
422 0 FT942-8117 0
422 0 FT942-8247 0
422 0 FT942-8488 0
422 0 FT942-9393 0
422 0 FT942-9613 0
422 0 FT942-9989 1
422 0 FT943-10010 0
422 0 FT943-10100 0
422 0 FT943-1130 0
422 0 FT943-11457 1
422 0 FT943-12282 0
422 0 FT943-12827 0
422 0 FT943-13460 0
422 0 FT943-13825 1
422 0 FT943-14076 0
422 0 FT943-1415 0
422 0 FT943-14155 0
422 0 FT943-14351 0
422 0 FT943-14872 0
422 0 FT943-15079 0
422 0 FT943-15308 0
422 0 FT943-16041 0
422 0 FT943-2640 0
422 0 FT943-2817 0
422 0 FT943-3783 0
422 0 FT943-3899 0
422 0 FT943-4005 0
422 0 FT943-4077 0
422 0 FT943-4328 0
422 0 FT943-5407 1
422 0 FT943-5573 0
422 0 FT943-5621 0
422 0 FT943-6344 0
422 0 FT943-6519 0
422 0 FT943-6890 0
422 0 FT943-6891 0
422 0 FT943-7672 0
422 0 FT943-7771 0
422 0 FT943-7883 0
422 0 FT943-8017 0
422 0 FT943-807 0
422 0 FT943-8869 0
422 0 FT943-8870 0
422 0 FT943-8871 0
422 0 FT943-9658 0
422 0 FT943-9790 0
422 0 FT944-11209 0
422 0 FT944-11435 0
422 0 FT944-11446 0
422 0 FT944-11447 0
422 0 FT944-11582 0
422 0 FT944-11628 0
422 0 FT944-12009 0
422 0 FT944-12573 0
422 0 FT944-12929 0
422 0 FT944-12930 0
422 0 FT944-12931 0
422 0 FT944-12975 0
422 0 FT944-1361 0
422 0 FT944-13678 0
422 0 FT944-13865 0
422 0 FT944-13898 0
422 0 FT944-14078 0
422 0 FT944-14204 0
422 0 FT944-14425 0
422 0 FT944-14427 0
422 0 FT944-14758 0
422 0 FT944-15019 0
422 0 FT944-15298 0
422 0 FT944-15299 0
422 0 FT944-15438 0
422 0 FT944-15539 0
422 0 FT944-15689 0
422 0 FT944-15773 0
422 0 FT944-15801 0
422 0 FT944-15902 0
422 0 FT944-16107 0
422 0 FT944-16214 0
422 0 FT944-16712 0
422 0 FT944-16972 0
422 0 FT944-17292 0
422 0 FT944-18098 0
422 0 FT944-18271 0
422 0 FT944-18625 0
422 0 FT944-1892 0
422 0 FT944-2058 0
422 0 FT944-2074 0
422 0 FT944-2112 0
422 0 FT944-238 0
422 0 FT944-261 0
422 0 FT944-2709 0
422 0 FT944-2988 0
422 0 FT944-3723 0
422 0 FT944-4105 0
422 0 FT944-5212 1
422 0 FT944-5228 0
422 0 FT944-5336 0
422 0 FT944-6207 0
422 0 FT944-6220 0
422 0 FT944-6668 0
422 0 FT944-6708 1
422 0 FT944-6941 0
422 0 FT944-8292 0
422 0 FT944-8395 0
422 0 FT944-8623 0
422 0 FT944-9382 0
422 0 FT944-9391 0
422 0 FT944-9952 0
422 0 LA010190-0088 0
422 0 LA010289-0063 0
422 0 LA010289-0086 0
422 0 LA010290-0082 0
422 0 LA010389-0024 1
422 0 LA010390-0026 0
422 0 LA010589-0044 0
422 0 LA010590-0031 0
422 0 LA010590-0058 0
422 0 LA010689-0063 0
422 0 LA010689-0117 0
422 0 LA010790-0210 0
422 0 LA010890-0053 0
422 0 LA010989-0023 0
422 0 LA010990-0027 0
422 0 LA010990-0043 0
422 0 LA010990-0147 0
422 0 LA011090-0024 0
422 0 LA011189-0007 0
422 0 LA011290-0167 0
422 0 LA011389-0117 0
422 0 LA011390-0104 0
422 0 LA011489-0046 0
422 0 LA011489-0060 0
422 0 LA011489-0102 0
422 0 LA011490-0063 0
422 0 LA011589-0005 0
422 0 LA011589-0103 0
422 0 LA011589-0136 0
422 0 LA011589-0137 0
422 0 LA011589-0178 0
422 0 LA011690-0005 0
422 0 LA011690-0027 0
422 0 LA011790-0015 0
422 0 LA011790-0102 0
422 0 LA011890-0126 0
422 0 LA011890-0197 0
422 0 LA011990-0083 0
422 0 LA011990-0114 0
422 0 LA012189-0082 0
422 0 LA012190-0037 0
422 0 LA012190-0064 0
422 0 LA012190-0115 0
422 0 LA012289-0096 0
422 0 LA012290-0030 0
422 0 LA012390-0041 0
422 0 LA012490-0058 0
422 0 LA012490-0140 0
422 0 LA012789-0147 0
422 0 LA012790-0009 0
422 0 LA012790-0148 0
422 0 LA012889-0038 0
422 0 LA012889-0064 0
422 0 LA012989-0023 1
422 0 LA013089-0010 0
422 0 LA013090-0064 0
422 0 LA013090-0116 0
422 0 LA013090-0145 0
422 0 LA013190-0038 0
422 0 LA013190-0067 0
422 0 LA013190-0139 0
422 0 LA020190-0118 0
422 0 LA020190-0184 0
422 0 LA020289-0101 0
422 0 LA020289-0110 0
422 0 LA020490-0108 0
422 0 LA020490-0109 0
422 0 LA020490-0117 0
422 0 LA020589-0019 0
422 0 LA020589-0192 0
422 0 LA020590-0023 0
422 0 LA020689-0067 0
422 0 LA020689-0091 0
422 0 LA020789-0080 0
422 0 LA020790-0088 0
422 0 LA020790-0165 0
422 0 LA020890-0045 0
422 0 LA020890-0125 0
422 0 LA020890-0264 0
422 0 LA020989-0025 0
422 0 LA020990-0021 0
422 0 LA020990-0129 0
422 0 LA021090-0127 0
422 0 LA021190-0162 0
422 0 LA021289-0010 1
422 0 LA021289-0037 0
422 0 LA021289-0146 0
422 0 LA021489-0022 0
422 0 LA021589-0049 0
422 0 LA021589-0087 0
422 0 LA021590-0079 0
422 0 LA021690-0175 0
422 0 LA021889-0016 0
422 0 LA021890-0015 0
422 0 LA021990-0003 0
422 0 LA021990-0016 0
422 0 LA021990-0021 0
422 0 LA022089-0087 0
422 0 LA022090-0132 0
422 0 LA022189-0114 1
422 0 LA022190-0048 0
422 0 LA022190-0148 0
422 0 LA022289-0100 0
422 0 LA022289-0102 0
422 0 LA022290-0029 0
422 0 LA022290-0214 0
422 0 LA022389-0077 1
422 0 LA022489-0044 0
422 0 LA022490-0041 0
422 0 LA022589-0001 0
422 0 LA022589-0146 0
422 0 LA022590-0058 0
422 0 LA022590-0101 0
422 0 LA022690-0027 0
422 0 LA022789-0077 0
422 0 LA022889-0018 0
422 0 LA022890-0161 1
422 0 LA030190-0036 0
422 0 LA030190-0059 0
422 0 LA030190-0077 0
422 0 LA030290-0048 0
422 0 LA030290-0131 0
422 0 LA030490-0004 0
422 0 LA030490-0037 0
422 0 LA030490-0038 0
422 0 LA030490-0196 0
422 0 LA030589-0205 1
422 0 LA030590-0034 0
422 0 LA030790-0073 0
422 0 LA030889-0094 0
422 0 LA030889-0113 0
422 0 LA030890-0238 0
422 0 LA031089-0025 0
422 0 LA031090-0057 0
422 0 LA031090-0108 0
422 0 LA031289-0109 0
422 0 LA031289-0123 1
422 0 LA031290-0137 0
422 0 LA031389-0060 0
422 0 LA031390-0115 0
422 0 LA031390-0139 0
422 0 LA031390-0146 0
422 0 LA031489-0066 0
422 0 LA031590-0101 0
422 0 LA031590-0125 0
422 0 LA031689-0005 0
422 0 LA031689-0135 0
422 0 LA031689-0140 0
422 0 LA031690-0062 0
422 0 LA031690-0163 0
422 0 LA031789-0060 0
422 0 LA031789-0063 0
422 0 LA031790-0074 0
422 0 LA031889-0039 0
422 0 LA031890-0198 0
422 0 LA031890-0241 0
422 0 LA031989-0222 1
422 0 LA031990-0140 0
422 0 LA032089-0112 0
422 0 LA032090-0025 0
422 0 LA032189-0069 0
422 0 LA032190-0009 0
422 0 LA032389-0177 0
422 0 LA032390-0032 0
422 0 LA032489-0117 0
422 0 LA032489-0167 0
422 0 LA032490-0152 0
422 0 LA032590-0134 0
422 0 LA032590-0141 0
422 0 LA032590-0168 0
422 0 LA032590-0206 0
422 0 LA032690-0078 0
422 0 LA032989-0034 0
422 0 LA032990-0129 0
422 0 LA033089-0194 0
422 0 LA033090-0039 0
422 0 LA033090-0132 0
422 0 LA033090-0190 0
422 0 LA033189-0133 0
422 0 LA033189-0162 0
422 0 LA040289-0026 0
422 0 LA040289-0210 0
422 0 LA040289-0226 0
422 0 LA040290-0123 0
422 0 LA040389-0033 1
422 0 LA040389-0065 0
422 0 LA040589-0046 0
422 0 LA040589-0117 0
422 0 LA040590-0075 0
422 0 LA040590-0236 0
422 0 LA040689-0185 0
422 0 LA040690-0049 0
422 0 LA040790-0139 0
422 0 LA040890-0247 0
422 0 LA040989-0092 0
422 0 LA040989-0219 0
422 0 LA040989-0237 0
422 0 LA041089-0050 0
422 0 LA041090-0125 0
422 0 LA041189-0052 0
422 0 LA041290-0066 0
422 0 LA041390-0048 0
422 0 LA041390-0104 0
422 0 LA041390-0137 0
422 0 LA041489-0119 0
422 0 LA041490-0070 0
422 0 LA041589-0073 0
422 0 LA041589-0109 0
422 0 LA041590-0116 0
422 0 LA041590-0221 0
422 0 LA041689-0131 0
422 0 LA041690-0072 0
422 0 LA041789-0077 0
422 0 LA041790-0121 0
422 0 LA041989-0052 0
422 0 LA041990-0209 0
422 0 LA042089-0099 0
422 0 LA042189-0115 0
422 0 LA042190-0067 0
422 0 LA042289-0112 0
422 0 LA042289-0136 0
422 0 LA042290-0209 0
422 0 LA042290-0227 0
422 0 LA042290-0228 0
422 0 LA042389-0066 0
422 0 LA042389-0111 1
422 0 LA042390-0130 0
422 0 LA042489-0042 0
422 0 LA042489-0088 0
422 0 LA042490-0013 0
422 0 LA042490-0117 0
422 0 LA042590-0019 1
422 0 LA042590-0150 0
422 0 LA042590-0153 0
422 0 LA042690-0114 0
422 0 LA042690-0115 0
422 0 LA042789-0101 0
422 0 LA042789-0174 0
422 0 LA042790-0185 0
422 0 LA042889-0100 0
422 0 LA042989-0068 0
422 0 LA042990-0228 0
422 0 LA042990-0238 0
422 0 LA042990-0239 0
422 0 LA043089-0108 0
422 0 LA043090-0104 0
422 0 LA043090-0123 0
422 0 LA050190-0107 0
422 0 LA050390-0029 0
422 0 LA050390-0251 1
422 0 LA050489-0030 0
422 0 LA050489-0093 0
422 0 LA050489-0148 0
422 0 LA050490-0046 0
422 0 LA050490-0075 0
422 0 LA050490-0151 0
422 0 LA050490-0152 0
422 0 LA050589-0074 0
422 0 LA050589-0087 0
422 0 LA050589-0093 0
422 0 LA050590-0052 0
422 0 LA050590-0162 0
422 0 LA050689-0049 0
422 0 LA050690-0002 0
422 0 LA050690-0098 0
422 0 LA050690-0143 1
422 0 LA050690-0206 0
422 0 LA050789-0107 0
422 0 LA050789-0145 0
422 0 LA050789-0180 0
422 0 LA050789-0198 0
422 0 LA050790-0085 0
422 0 LA050890-0102 0
422 0 LA050989-0061 0
422 0 LA050990-0075 0
422 0 LA051189-0050 0
422 0 LA051289-0146 0
422 0 LA051290-0164 0
422 0 LA051389-0098 0
422 0 LA051390-0012 1
422 0 LA051390-0036 0
422 0 LA051489-0210 0
422 0 LA051490-0024 0
422 0 LA051490-0088 0
422 0 LA051589-0002 0
422 0 LA051589-0093 0
422 0 LA051590-0064 0
422 0 LA051590-0085 0
422 0 LA051689-0022 0
422 0 LA051689-0035 0
422 0 LA051689-0036 0
422 0 LA051689-0121 0
422 0 LA051689-0128 0
422 0 LA051690-0103 0
422 0 LA051789-0077 0
422 0 LA051889-0180 0
422 0 LA051890-0073 0
422 0 LA051890-0164 0
422 0 LA051989-0098 0
422 0 LA051989-0118 0
422 0 LA051990-0136 0
422 0 LA052089-0118 0
422 0 LA052090-0104 0
422 0 LA052090-0111 0
422 0 LA052090-0164 0
422 0 LA052189-0063 0
422 0 LA052289-0108 0
422 0 LA052489-0002 1
422 0 LA052689-0025 0
422 0 LA052790-0121 0
422 0 LA052790-0191 0
422 0 LA052890-0070 0
422 0 LA052890-0098 0
422 0 LA053090-0063 0
422 0 LA053190-0080 0
422 0 LA053190-0168 0
422 0 LA060189-0187 0
422 0 LA060190-0020 1
422 0 LA060290-0018 0
422 0 LA060290-0104 0
422 0 LA060389-0002 0
422 0 LA060390-0057 0
422 0 LA060489-0020 0
422 0 LA060489-0170 0
422 0 LA060490-0013 0
422 0 LA060490-0020 0
422 0 LA060590-0102 0
422 0 LA060689-0035 0
422 0 LA060689-0054 0
422 0 LA060689-0085 0
422 0 LA060790-0040 0
422 0 LA060890-0009 0
422 0 LA060890-0088 0
422 0 LA060989-0126 0
422 0 LA060989-0144 0
422 0 LA060990-0138 0
422 0 LA061089-0101 0
422 0 LA061189-0079 0
422 0 LA061190-0039 0
422 0 LA061290-0107 0
422 0 LA061389-0089 0
422 0 LA061389-0090 1
422 0 LA061390-0067 0
422 0 LA061490-0006 0
422 0 LA061490-0009 0
422 0 LA061589-0217 0
422 0 LA061590-0058 1
422 0 LA061590-0087 0
422 0 LA061689-0062 0
422 0 LA061690-0088 0
422 0 LA061690-0146 0
422 0 LA061790-0014 0
422 0 LA061889-0123 0
422 0 LA061889-0206 0
422 0 LA061890-0020 0
422 0 LA061990-0051 0
422 0 LA062090-0111 0
422 0 LA062189-0139 0
422 0 LA062190-0080 0
422 0 LA062289-0140 0
422 0 LA062489-0112 0
422 0 LA062490-0007 0
422 0 LA062589-0066 0
422 0 LA062589-0067 0
422 0 LA062689-0087 0
422 0 LA062690-0019 1
422 0 LA062789-0010 0
422 0 LA062789-0086 0
422 0 LA062790-0108 0
422 0 LA062790-0137 0
422 0 LA062889-0002 0
422 0 LA062889-0042 0
422 0 LA062890-0127 0
422 0 LA062890-0261 0
422 0 LA062990-0042 0
422 0 LA062990-0048 0
422 0 LA070189-0058 0
422 0 LA070189-0120 0
422 0 LA070189-0138 0
422 0 LA070190-0102 0
422 0 LA070290-0033 0
422 0 LA070390-0060 0
422 0 LA070390-0089 0
422 0 LA070390-0111 0
422 0 LA070490-0127 0
422 0 LA070589-0034 0
422 0 LA070689-0001 0
422 0 LA070689-0077 0
422 0 LA070690-0111 0
422 0 LA070789-0059 0
422 0 LA070790-0003 0
422 0 LA070790-0098 1
422 0 LA070890-0095 0
422 0 LA070890-0168 0
422 0 LA070890-0205 1
422 0 LA070890-0224 0
422 0 LA070989-0054 1
422 0 LA070989-0130 0
422 0 LA070990-0039 1
422 0 LA071089-0020 0
422 0 LA071090-0104 0
422 0 LA071189-0128 0
422 0 LA071289-0049 0
422 0 LA071289-0118 0
422 0 LA071390-0017 0
422 0 LA071390-0104 1
422 0 LA071489-0113 0
422 0 LA071490-0033 0
422 0 LA071490-0123 1
422 0 LA071589-0051 0
422 0 LA071589-0112 0
422 0 LA071590-0063 0
422 0 LA071590-0220 0
422 0 LA071689-0006 0
422 0 LA071689-0086 0
422 0 LA071689-0126 0
422 0 LA071790-0001 1
422 0 LA071790-0171 0
422 0 LA072089-0090 0
422 0 LA072089-0176 0
422 0 LA072089-0184 0
422 0 LA072090-0061 0
422 0 LA072090-0077 0
422 0 LA072090-0081 0
422 0 LA072090-0137 0
422 0 LA072090-0177 0
422 0 LA072289-0002 0
422 0 LA072290-0040 0
422 0 LA072389-0016 0
422 0 LA072490-0052 0
422 0 LA072589-0036 0
422 0 LA072589-0127 0
422 0 LA072590-0036 0
422 0 LA072590-0084 0
422 0 LA072590-0146 0
422 0 LA072690-0114 0
422 0 LA072690-0238 0
422 0 LA072789-0148 0
422 0 LA072789-0192 0
422 0 LA072889-0035 0
422 0 LA072889-0129 0
422 0 LA072990-0061 0
422 0 LA073089-0079 0
422 0 LA073089-0099 0
422 0 LA073090-0086 0
422 0 LA073189-0085 0
422 0 LA073190-0006 0
422 0 LA080189-0113 0
422 0 LA080189-0145 0
422 0 LA080190-0160 0
422 0 LA080290-0091 0
422 0 LA080290-0105 0
422 0 LA080290-0170 0
422 0 LA080290-0228 0
422 0 LA080389-0146 0
422 0 LA080390-0147 0
422 0 LA080489-0104 0
422 0 LA080589-0029 0
422 0 LA080590-0163 0
422 0 LA080689-0029 0
422 0 LA080689-0030 0
422 0 LA080689-0100 0
422 0 LA080689-0125 0
422 0 LA080790-0024 0
422 0 LA080889-0127 0
422 0 LA080990-0189 0
422 0 LA081090-0114 0
422 0 LA081090-0158 0
422 0 LA081190-0023 0
422 0 LA081190-0140 0
422 0 LA081290-0177 0
422 0 LA081390-0045 0
422 0 LA081490-0146 0
422 0 LA081589-0021 0
422 0 LA081590-0023 0
422 0 LA081689-0059 0
422 0 LA081690-0007 0
422 0 LA081690-0225 0
422 0 LA081789-0155 0
422 0 LA081890-0143 0
422 0 LA081989-0096 0
422 0 LA081989-0136 0
422 0 LA081990-0032 0
422 0 LA081990-0080 0
422 0 LA082089-0108 0
422 0 LA082089-0135 0
422 0 LA082089-0136 0
422 0 LA082090-0060 0
422 0 LA082090-0071 1
422 0 LA082090-0131 0
422 0 LA082189-0042 0
422 0 LA082190-0151 0
422 0 LA082289-0029 0
422 0 LA082290-0102 0
422 0 LA082389-0067 0
422 0 LA082390-0071 0
422 0 LA082489-0035 0
422 0 LA082489-0069 0
422 0 LA082489-0130 0
422 0 LA082489-0131 0
422 0 LA082590-0008 0
422 0 LA082689-0125 0
422 0 LA082690-0165 0
422 0 LA082789-0046 0
422 0 LA082789-0062 0
422 0 LA082789-0063 0
422 0 LA082789-0081 0
422 0 LA082789-0179 0
422 0 LA082790-0011 0
422 0 LA082790-0050 1
422 0 LA082889-0038 0
422 0 LA082889-0114 0
422 0 LA082990-0129 0
422 0 LA083090-0157 0
422 0 LA083189-0027 0
422 0 LA083190-0171 0
422 0 LA090189-0010 0
422 0 LA090190-0042 0
422 0 LA090190-0106 0
422 0 LA090289-0096 0
422 0 LA090290-0019 0
422 0 LA090290-0151 0
422 0 LA090290-0152 0
422 0 LA090290-0159 0
422 0 LA090290-0218 0
422 0 LA090290-0219 0
422 0 LA090389-0004 0
422 0 LA090389-0005 0
422 0 LA090389-0077 0
422 0 LA090390-0050 0
422 0 LA090489-0019 0
422 0 LA090489-0030 0
422 0 LA090489-0083 0
422 0 LA090490-0006 0
422 0 LA090490-0099 0
422 0 LA090490-0119 0
422 0 LA090590-0020 0
422 0 LA090590-0121 0
422 0 LA090590-0162 0
422 0 LA090689-0123 0
422 0 LA090690-0017 0
422 0 LA090790-0086 0
422 0 LA090790-0159 0
422 0 LA090790-0165 0
422 0 LA090889-0100 0
422 0 LA090989-0074 0
422 0 LA090990-0249 0
422 0 LA091089-0069 0
422 0 LA091089-0164 0
422 0 LA091089-0167 0
422 0 LA091190-0133 0
422 0 LA091289-0060 0
422 0 LA091289-0126 0
422 0 LA091389-0020 0
422 0 LA091390-0035 0
422 0 LA091489-0178 0
422 0 LA091589-0126 0
422 0 LA091590-0043 0
422 0 LA091590-0060 0
422 0 LA091690-0206 0
422 0 LA091789-0107 0
422 0 LA091789-0164 0
422 0 LA091790-0099 0
422 0 LA091889-0105 0
422 0 LA091989-0055 0
422 0 LA091990-0106 0
422 0 LA092090-0072 0
422 0 LA092090-0078 0
422 0 LA092189-0126 0
422 0 LA092189-0145 0
422 0 LA092190-0120 0
422 0 LA092289-0092 0
422 0 LA092289-0167 0
422 0 LA092290-0003 0
422 0 LA092290-0152 0
422 0 LA092390-0075 0
422 0 LA092489-0067 0
422 0 LA092489-0106 0
422 0 LA092489-0152 0
422 0 LA092489-0190 0
422 0 LA092490-0081 1
422 0 LA092490-0098 0
422 0 LA092589-0101 1
422 0 LA092689-0021 0
422 0 LA092789-0091 0
422 0 LA092790-0054 0
422 0 LA092890-0107 1
422 0 LA092890-0125 0
422 0 LA092989-0076 0
422 0 LA092990-0030 0
422 0 LA093090-0057 0
422 0 LA093090-0082 0
422 0 LA100189-0028 0
422 0 LA100189-0080 0
422 0 LA100189-0161 0
422 0 LA100189-0175 0
422 0 LA100390-0069 0
422 0 LA100390-0097 0
422 0 LA100490-0068 0
422 0 LA100490-0087 0
422 0 LA100589-0059 0
422 0 LA100589-0206 0
422 0 LA100689-0041 0
422 0 LA100690-0113 0
422 0 LA100789-0084 0
422 0 LA100790-0122 0
422 0 LA100790-0195 0
422 0 LA100889-0021 0
422 0 LA100889-0195 0
422 0 LA100890-0033 0
422 0 LA100989-0019 0
422 0 LA100989-0089 0
422 0 LA100990-0019 0
422 0 LA101089-0074 0
422 0 LA101189-0070 0
422 0 LA101289-0065 0
422 0 LA101289-0138 0
422 0 LA101389-0135 0
422 0 LA101390-0152 0
422 0 LA101489-0123 0
422 0 LA101490-0029 0
422 0 LA101490-0097 0
422 0 LA101490-0184 0
422 0 LA101490-0187 0
422 0 LA101490-0190 0
422 0 LA101490-0192 0
422 0 LA101490-0196 0
422 0 LA101589-0026 0
422 0 LA101589-0197 0
422 0 LA101590-0066 0
422 0 LA101689-0062 0
422 0 LA101690-0153 0
422 0 LA101789-0012 0
422 0 LA101790-0002 0
422 0 LA101790-0109 0
422 0 LA101790-0117 0
422 0 LA101889-0008 0
422 0 LA101889-0009 0
422 0 LA101890-0200 0
422 0 LA101989-0044 0
422 0 LA101989-0107 0
422 0 LA101989-0208 0
422 0 LA101990-0050 0
422 0 LA101990-0051 0
422 0 LA102089-0116 0
422 0 LA102189-0003 0
422 0 LA102189-0097 0
422 0 LA102189-0137 0
422 0 LA102190-0021 1
422 0 LA102190-0073 1
422 0 LA102289-0117 0
422 0 LA102389-0078 0
422 0 LA102390-0069 0
422 0 LA102489-0058 0
422 0 LA102590-0141 0
422 0 LA102689-0011 1
422 0 LA102689-0016 0
422 0 LA102689-0017 0
422 0 LA102689-0081 0
422 0 LA102789-0085 0
422 0 LA102890-0013 0
422 0 LA102890-0030 0
422 0 LA103089-0021 1
422 0 LA103189-0015 0
422 0 LA110190-0037 0
422 0 LA110190-0148 0
422 0 LA110190-0230 0
422 0 LA110290-0027 0
422 0 LA110390-0025 0
422 0 LA110490-0082 0
422 0 LA110490-0141 0
422 0 LA110490-0264 0
422 0 LA110589-0166 0
422 0 LA110589-0170 0
422 0 LA110590-0099 0
422 0 LA110689-0088 0
422 0 LA110689-0095 0
422 0 LA110689-0099 0
422 0 LA110690-0009 1
422 0 LA110789-0050 0
422 0 LA110790-0055 0
422 0 LA110889-0172 0
422 0 LA110890-0145 0
422 0 LA110989-0204 0
422 0 LA110989-0229 0
422 0 LA110990-0066 0
422 0 LA111289-0101 0
422 0 LA111389-0092 0
422 0 LA111390-0082 0
422 0 LA111489-0012 0
422 0 LA111489-0165 0
422 0 LA111490-0087 0
422 0 LA111490-0089 0
422 0 LA111689-0149 1
422 0 LA111690-0074 0
422 0 LA111789-0022 0
422 0 LA111790-0049 0
422 0 LA111790-0061 0
422 0 LA111790-0155 0
422 0 LA111989-0012 0
422 0 LA111989-0213 0
422 0 LA111989-0227 0
422 0 LA112089-0135 0
422 0 LA112090-0028 0
422 0 LA112090-0084 0
422 0 LA112090-0160 0
422 0 LA112189-0099 0
422 0 LA112189-0138 0
422 0 LA112289-0002 0
422 0 LA112289-0035 0
422 0 LA112290-0055 0
422 0 LA112290-0073 0
422 0 LA112290-0160 0
422 0 LA112489-0082 0
422 0 LA112489-0088 0
422 0 LA112689-0016 0
422 0 LA112690-0019 0
422 0 LA112690-0109 0
422 0 LA112789-0068 0
422 0 LA112789-0076 0
422 0 LA112889-0145 0
422 0 LA112989-0074 0
422 0 LA112990-0139 0
422 0 LA112990-0141 0
422 0 LA113089-0222 0
422 0 LA113090-0010 0
422 0 LA113090-0017 0
422 0 LA120190-0161 0
422 0 LA120289-0016 1
422 0 LA120290-0016 0
422 0 LA120389-0092 0
422 0 LA120390-0113 0
422 0 LA120589-0120 0
422 0 LA120589-0170 1
422 0 LA120590-0023 0
422 0 LA120689-0085 0
422 0 LA120689-0113 0
422 0 LA120690-0001 0
422 0 LA120690-0075 0
422 0 LA120690-0256 1
422 0 LA120789-0179 0
422 0 LA120789-0189 0
422 0 LA120789-0207 0
422 0 LA120790-0006 0
422 0 LA120790-0151 0
422 0 LA120890-0154 0
422 0 LA120989-0129 0
422 0 LA120990-0092 0
422 0 LA120990-0193 0
422 0 LA121090-0138 0
422 0 LA121190-0175 0
422 0 LA121290-0055 0
422 0 LA121389-0058 0
422 0 LA121389-0083 1
422 0 LA121489-0110 0
422 0 LA121490-0100 0
422 0 LA121490-0102 0
422 0 LA121690-0211 0
422 0 LA121789-0023 0
422 0 LA121789-0163 0
422 0 LA121790-0073 0
422 0 LA121989-0019 0
422 0 LA122089-0141 0
422 0 LA122090-0082 0
422 0 LA122090-0133 0
422 0 LA122090-0156 0
422 0 LA122090-0263 1
422 0 LA122189-0006 0
422 0 LA122190-0102 1
422 0 LA122289-0018 0
422 0 LA122289-0113 0
422 0 LA122389-0016 0
422 0 LA122389-0112 0
422 0 LA122390-0105 0
422 0 LA122390-0114 0
422 0 LA122390-0149 0
422 0 LA122390-0193 0
422 0 LA122489-0151 1
422 0 LA122489-0170 0
422 0 LA122489-0178 0
422 0 LA122489-0191 0
422 0 LA122489-0196 0
422 0 LA122489-0198 0
422 0 LA122589-0058 0
422 0 LA122589-0060 0
422 0 LA122589-0097 0
422 0 LA122590-0038 0
422 0 LA122590-0043 0
422 0 LA122590-0117 0
422 0 LA122590-0118 0
422 0 LA122689-0149 0
422 0 LA122690-0069 1
422 0 LA122690-0075 0
422 0 LA122789-0008 0
422 0 LA122789-0037 1
422 0 LA122789-0116 1
422 0 LA122790-0014 0
422 0 LA122790-0091 0
422 0 LA122790-0199 0
422 0 LA122889-0050 0
422 0 LA122890-0016 0
422 0 LA122890-0039 0
422 0 LA122990-0005 0
422 0 LA122990-0129 0
422 0 LA122990-0134 0
422 0 LA123090-0172 0
422 0 LA123189-0003 0
422 0 LA123189-0050 0
422 0 LA123189-0051 0
422 0 LA123189-0070 0
422 0 LA123189-0159 0
