445 0 FBIS3-10127 0
445 0 FBIS3-11018 0
445 0 FBIS3-11387 0
445 0 FBIS3-122 0
445 0 FBIS3-12754 0
445 0 FBIS3-13221 0
445 0 FBIS3-13224 0
445 0 FBIS3-13996 0
445 0 FBIS3-16336 0
445 0 FBIS3-17056 0
445 0 FBIS3-17544 0
445 0 FBIS3-191 0
445 0 FBIS3-192 0
445 0 FBIS3-19407 0
445 0 FBIS3-19644 0
445 0 FBIS3-20443 0
445 0 FBIS3-20606 0
445 0 FBIS3-20612 0
445 0 FBIS3-21193 0
445 0 FBIS3-21399 0
445 0 FBIS3-22516 0
445 0 FBIS3-22565 0
445 0 FBIS3-22688 0
445 0 FBIS3-23 0
445 0 FBIS3-23161 0
445 0 FBIS3-2349 0
445 0 FBIS3-2373 0
445 0 FBIS3-23945 0
445 0 FBIS3-23978 0
445 0 FBIS3-24009 0
445 0 FBIS3-24359 0
445 0 FBIS3-24402 0
445 0 FBIS3-2456 0
445 0 FBIS3-2457 0
445 0 FBIS3-24653 0
445 0 FBIS3-24678 0
445 0 FBIS3-25144 0
445 0 FBIS3-25667 0
445 0 FBIS3-26 0
445 0 FBIS3-26391 0
445 0 FBIS3-26641 0
445 0 FBIS3-26913 0
445 0 FBIS3-26914 0
445 0 FBIS3-27046 0
445 0 FBIS3-27048 0
445 0 FBIS3-2709 0
445 0 FBIS3-27352 0
445 0 FBIS3-27498 0
445 0 FBIS3-27518 0
445 0 FBIS3-27933 0
445 0 FBIS3-27959 0
445 0 FBIS3-28303 0
445 0 FBIS3-29 0
445 0 FBIS3-29323 0
445 0 FBIS3-2983 0
445 0 FBIS3-3018 0
445 0 FBIS3-30361 0
445 0 FBIS3-30530 0
445 0 FBIS3-3163 0
445 0 FBIS3-32 0
445 0 FBIS3-32720 0
445 0 FBIS3-33358 0
445 0 FBIS3-33774 0
445 0 FBIS3-33979 0
445 0 FBIS3-34090 0
445 0 FBIS3-34130 0
445 0 FBIS3-34317 0
445 0 FBIS3-34434 0
445 0 FBIS3-34887 0
445 0 FBIS3-35189 0
445 0 FBIS3-36078 0
445 0 FBIS3-3745 0
445 0 FBIS3-38633 0
445 0 FBIS3-40325 0
445 0 FBIS3-40450 0
445 0 FBIS3-40497 0
445 0 FBIS3-40527 0
445 0 FBIS3-40551 0
445 0 FBIS3-40686 0
445 0 FBIS3-40859 0
445 0 FBIS3-41131 0
445 0 FBIS3-42167 0
445 0 FBIS3-42303 0
445 0 FBIS3-42391 0
445 0 FBIS3-42393 0
445 0 FBIS3-42400 0
445 0 FBIS3-42459 0
445 0 FBIS3-42766 0
445 0 FBIS3-42849 0
445 0 FBIS3-42868 0
445 0 FBIS3-42940 0
445 0 FBIS3-43067 0
445 0 FBIS3-43120 0
445 0 FBIS3-43132 0
445 0 FBIS3-43160 0
445 0 FBIS3-43166 0
445 0 FBIS3-43174 0
445 0 FBIS3-43186 0
445 0 FBIS3-43214 0
445 0 FBIS3-43220 0
445 0 FBIS3-46196 0
445 0 FBIS3-46596 0
445 0 FBIS3-47106 0
445 0 FBIS3-47851 0
445 0 FBIS3-48296 0
445 0 FBIS3-48309 0
445 0 FBIS3-4833 0
445 0 FBIS3-4871 0
445 0 FBIS3-49035 0
445 0 FBIS3-4923 0
445 0 FBIS3-49526 0
445 0 FBIS3-49901 0
445 0 FBIS3-4994 0
445 0 FBIS3-50066 0
445 0 FBIS3-50564 0
445 0 FBIS3-51307 0
445 0 FBIS3-5194 0
445 0 FBIS3-5209 0
445 0 FBIS3-5210 0
445 0 FBIS3-52394 0
445 0 FBIS3-52479 0
445 0 FBIS3-52563 0
445 0 FBIS3-52922 0
445 0 FBIS3-53230 0
445 0 FBIS3-54335 0
445 0 FBIS3-54461 0
445 0 FBIS3-54540 0
445 0 FBIS3-55142 0
445 0 FBIS3-58 0
445 0 FBIS3-58312 0
445 0 FBIS3-59844 0
445 0 FBIS3-60941 0
445 0 FBIS3-61335 0
445 0 FBIS3-61336 0
445 0 FBIS3-61348 0
445 0 FBIS3-61357 0
445 0 FBIS3-61562 0
445 0 FBIS3-6216 0
445 0 FBIS3-6482 0
445 0 FBIS3-6554 0
445 0 FBIS3-67 0
445 0 FBIS3-6884 0
445 0 FBIS3-7350 0
445 0 FBIS3-7919 0
445 0 FBIS3-7933 0
445 0 FBIS3-7937 0
445 0 FBIS3-7942 0
445 0 FBIS3-7944 0
445 0 FBIS3-7956 0
445 0 FBIS3-7966 0
445 0 FBIS3-804 0
445 0 FBIS3-9013 0
445 0 FBIS3-9367 0
445 0 FBIS4-10114 0
445 0 FBIS4-10621 0
445 0 FBIS4-1141 0
445 0 FBIS4-11824 0
445 0 FBIS4-12159 0
445 0 FBIS4-13058 0
445 0 FBIS4-13116 0
445 0 FBIS4-1328 0
445 0 FBIS4-13878 0
445 0 FBIS4-14256 0
445 0 FBIS4-14828 0
445 0 FBIS4-1615 0
445 0 FBIS4-1624 0
445 0 FBIS4-16406 0
445 0 FBIS4-16770 0
445 0 FBIS4-1799 0
445 0 FBIS4-18585 0
445 0 FBIS4-1860 0
445 0 FBIS4-1861 0
445 0 FBIS4-18753 0
445 0 FBIS4-19 0
445 0 FBIS4-20092 0
445 0 FBIS4-20288 0
445 0 FBIS4-20354 0
445 0 FBIS4-2046 0
445 0 FBIS4-20472 0
445 0 FBIS4-20504 0
445 0 FBIS4-20757 0
445 0 FBIS4-22152 0
445 0 FBIS4-22177 0
445 0 FBIS4-22242 0
445 0 FBIS4-22302 0
445 0 FBIS4-2248 0
445 0 FBIS4-22768 0
445 0 FBIS4-22970 0
445 0 FBIS4-23084 0
445 0 FBIS4-23114 0
445 0 FBIS4-23131 0
445 0 FBIS4-2439 0
445 0 FBIS4-24705 0
445 0 FBIS4-24794 0
445 0 FBIS4-24796 0
445 0 FBIS4-24797 0
445 0 FBIS4-24931 0
445 0 FBIS4-24932 0
445 0 FBIS4-24954 0
445 0 FBIS4-25224 0
445 0 FBIS4-25237 0
445 0 FBIS4-25262 0
445 0 FBIS4-26335 0
445 0 FBIS4-26365 0
445 0 FBIS4-26428 0
445 0 FBIS4-26842 0
445 0 FBIS4-2721 0
445 0 FBIS4-27615 0
445 0 FBIS4-27706 0
445 0 FBIS4-27771 0
445 0 FBIS4-27941 0
445 0 FBIS4-28714 0
445 0 FBIS4-29 0
445 0 FBIS4-29951 0
445 0 FBIS4-30835 0
445 0 FBIS4-31731 0
445 0 FBIS4-32122 0
445 0 FBIS4-3333 0
445 0 FBIS4-33923 0
445 0 FBIS4-34021 0
445 0 FBIS4-34170 0
445 0 FBIS4-34722 0
445 0 FBIS4-355 0
445 0 FBIS4-35669 0
445 0 FBIS4-3576 0
445 0 FBIS4-36088 0
445 0 FBIS4-36116 0
445 0 FBIS4-36600 0
445 0 FBIS4-36614 0
445 0 FBIS4-36743 0
445 0 FBIS4-37350 0
445 0 FBIS4-38603 0
445 0 FBIS4-40565 0
445 0 FBIS4-4067 0
445 0 FBIS4-4153 0
445 0 FBIS4-42 0
445 0 FBIS4-42282 0
445 0 FBIS4-42516 0
445 0 FBIS4-42875 0
445 0 FBIS4-43012 0
445 0 FBIS4-44356 0
445 0 FBIS4-44504 0
445 0 FBIS4-44661 0
445 0 FBIS4-44912 0
445 0 FBIS4-44913 0
445 0 FBIS4-44985 0
445 0 FBIS4-45041 0
445 0 FBIS4-46309 0
445 0 FBIS4-46572 0
445 0 FBIS4-46621 0
445 0 FBIS4-46649 0
445 0 FBIS4-46747 0
445 0 FBIS4-46766 0
445 0 FBIS4-46783 0
445 0 FBIS4-46819 0
445 0 FBIS4-46935 0
445 0 FBIS4-46954 0
445 0 FBIS4-47008 0
445 0 FBIS4-47014 0
445 0 FBIS4-47412 0
445 0 FBIS4-47629 0
445 0 FBIS4-48264 0
445 0 FBIS4-48365 0
445 0 FBIS4-49764 0
445 0 FBIS4-50011 0
445 0 FBIS4-50035 0
445 0 FBIS4-50513 0
445 0 FBIS4-50641 0
445 0 FBIS4-50706 0
445 0 FBIS4-50929 0
445 0 FBIS4-50993 0
445 0 FBIS4-51258 0
445 0 FBIS4-52020 0
445 0 FBIS4-52159 0
445 0 FBIS4-52284 0
445 0 FBIS4-53078 0
445 0 FBIS4-53281 0
445 0 FBIS4-53455 0
445 0 FBIS4-53803 0
445 0 FBIS4-53862 0
445 0 FBIS4-54007 0
445 0 FBIS4-54624 0
445 0 FBIS4-54708 0
445 0 FBIS4-55634 0
445 0 FBIS4-55793 0
445 0 FBIS4-56383 0
445 0 FBIS4-56388 0
445 0 FBIS4-56389 0
445 0 FBIS4-56390 0
445 0 FBIS4-56685 0
445 0 FBIS4-58332 0
445 0 FBIS4-58608 0
445 0 FBIS4-58609 0
445 0 FBIS4-59421 0
445 0 FBIS4-59804 0
445 0 FBIS4-60255 0
445 0 FBIS4-60257 0
445 0 FBIS4-60503 0
445 0 FBIS4-6144 0
445 0 FBIS4-66157 0
445 0 FBIS4-66184 0
445 0 FBIS4-66192 0
445 0 FBIS4-66193 0
445 0 FBIS4-66217 0
445 0 FBIS4-66265 0
445 0 FBIS4-66382 0
445 0 FBIS4-66401 0
445 0 FBIS4-66640 0
445 0 FBIS4-66700 0
445 0 FBIS4-66724 0
445 0 FBIS4-66762 0
445 0 FBIS4-66966 0
445 0 FBIS4-67037 0
445 0 FBIS4-67450 0
445 0 FBIS4-67622 0
445 0 FBIS4-67648 0
445 0 FBIS4-67654 0
445 0 FBIS4-67696 0
445 0 FBIS4-67764 0
445 0 FBIS4-68207 0
445 0 FBIS4-68275 0
445 0 FBIS4-68342 0
445 0 FBIS4-68445 0
445 0 FBIS4-68446 0
445 0 FBIS4-68481 0
445 0 FBIS4-68484 0
445 0 FBIS4-68486 0
445 0 FBIS4-68528 0
445 0 FBIS4-68537 0
445 0 FBIS4-68545 0
445 0 FBIS4-68569 0
445 0 FBIS4-68618 0
445 0 FBIS4-68723 0
445 0 FBIS4-68760 0
445 0 FBIS4-68772 0
445 0 FBIS4-68773 0
445 0 FBIS4-6878 0
445 0 FBIS4-68784 0
445 0 FBIS4-68852 0
445 0 FBIS4-68867 0
445 0 FBIS4-771 0
445 0 FBIS4-8013 0
445 0 FBIS4-8379 0
445 0 FBIS4-8467 0
445 0 FBIS4-9105 0
445 0 FR940104-1-00050 0
445 0 FR940111-0-00071 0
445 0 FR940112-1-00044 0
445 0 FR940114-2-00029 0
445 0 FR940114-2-00030 0
445 0 FR940127-2-00018 0
445 0 FR940203-1-00024 0
445 0 FR940204-1-00053 0
445 0 FR940304-1-00088 0
445 0 FR940314-1-00041 0
445 0 FR940317-1-00081 0
445 0 FR940317-1-00141 0
445 0 FR940318-2-00139 0
445 0 FR940323-1-00023 0
445 0 FR940324-2-00070 0
445 0 FR940324-2-00071 0
445 0 FR940328-2-00119 0
445 0 FR940405-1-00128 0
445 0 FR940406-0-00022 0
445 0 FR940407-0-00013 0
445 0 FR940413-2-00079 0
445 0 FR940413-2-00130 0
445 0 FR940506-0-00026 0
445 0 FR940513-2-00068 0
445 0 FR940524-2-00048 0
445 0 FR940525-1-00062 0
445 0 FR940525-1-00078 0
445 0 FR940527-1-00157 0
445 0 FR940602-1-00023 0
445 0 FR940616-1-00017 0
445 0 FR940617-2-00133 0
445 0 FR940620-2-00038 0
445 0 FR940622-0-00072 0
445 0 FR940706-2-00089 0
445 0 FR940722-0-00115 0
445 0 FR940722-0-00126 0
445 0 FR940722-0-00130 0
445 0 FR940722-0-00143 0
445 0 FR940803-2-00058 0
445 0 FR940803-2-00061 0
445 0 FR940810-0-00186 0
445 0 FR940812-2-00229 0
445 0 FR940817-0-00077 0
445 0 FR940826-0-00072 0
445 0 FR940826-0-00074 0
445 0 FR940826-0-00078 0
445 0 FR940826-0-00141 0
445 0 FR940826-0-00148 0
445 0 FR940826-1-00064 0
445 0 FR940902-1-00048 0
445 0 FR940907-0-00044 0
445 0 FR940919-2-00204 0
445 0 FR940920-1-00116 0
445 0 FR940927-0-00113 0
445 0 FR941003-2-00020 0
445 0 FR941007-2-00138 0
445 0 FR941012-2-00106 0
445 0 FR941019-0-00079 0
445 0 FR941019-2-00006 0
445 0 FR941027-1-00030 0
445 0 FR941102-1-00119 0
445 0 FR941117-2-00158 0
445 0 FR941122-2-00080 0
445 0 FR941130-0-00122 0
445 0 FR941202-0-00110 0
445 0 FR941202-2-00139 0
445 0 FR941205-2-00036 0
445 0 FR941207-0-00144 0
445 0 FR941207-0-00147 0
445 0 FR941212-0-00097 0
445 0 FR941219-2-00180 0
445 0 FR941221-2-00021 0
445 0 FR941222-0-00093 0
445 0 FR941230-0-00119 0
445 0 FT911-106 0
445 0 FT911-1344 0
445 0 FT911-4175 0
445 0 FT911-4589 0
445 0 FT911-56 0
445 0 FT921-11046 0
445 0 FT921-11130 0
445 0 FT921-13591 0
445 0 FT921-1658 0
445 0 FT921-347 0
445 0 FT921-3949 0
445 0 FT921-4035 0
445 0 FT921-5541 0
445 0 FT921-7384 0
445 0 FT921-7977 0
445 0 FT921-7991 0
445 0 FT921-8909 0
445 0 FT921-9962 0
445 0 FT922-12102 0
445 0 FT922-13513 0
445 0 FT922-13705 0
445 0 FT922-15285 0
445 0 FT922-1929 0
445 0 FT922-2344 0
445 0 FT922-2484 0
445 0 FT922-2871 1
445 0 FT922-4215 0
445 0 FT922-460 0
445 0 FT922-4752 0
445 0 FT922-6425 0
445 0 FT922-6901 0
445 0 FT922-7694 0
445 0 FT922-7713 0
445 0 FT922-7914 0
445 0 FT922-9353 0
445 0 FT923-11043 0
445 0 FT923-11279 0
445 0 FT923-12504 0
445 0 FT923-13319 0
445 0 FT923-13473 0
445 0 FT923-13707 0
445 0 FT923-14306 0
445 0 FT923-4963 0
445 0 FT923-5039 0
445 0 FT923-5183 0
445 0 FT923-5575 0
445 0 FT923-5622 0
445 0 FT923-6146 0
445 0 FT923-8624 0
445 0 FT924-10420 0
445 0 FT924-10498 0
445 0 FT924-11986 0
445 0 FT924-11987 0
445 0 FT924-12529 0
445 0 FT924-12640 0
445 0 FT924-12768 0
445 0 FT924-14793 0
445 0 FT924-15639 0
445 0 FT924-1588 0
445 0 FT924-2336 0
445 0 FT924-3678 1
445 0 FT924-388 1
445 0 FT924-4613 0
445 0 FT924-5022 0
445 0 FT924-6311 1
445 0 FT924-7590 1
445 0 FT924-9074 1
445 0 FT924-912 0
445 0 FT924-928 0
445 0 FT924-9359 0
445 0 FT931-10610 0
445 0 FT931-10616 0
445 0 FT931-10622 0
445 0 FT931-10711 1
445 0 FT931-12362 0
445 0 FT931-13249 0
445 0 FT931-14015 0
445 0 FT931-14257 0
445 0 FT931-16362 0
445 0 FT931-17017 1
445 0 FT931-17022 0
445 0 FT931-1934 0
445 0 FT931-2206 0
445 0 FT931-3529 0
445 0 FT931-4102 0
445 0 FT931-4515 0
445 0 FT931-472 0
445 0 FT931-5902 0
445 0 FT931-8399 0
445 0 FT931-8634 0
445 0 FT931-8683 0
445 0 FT931-9409 0
445 0 FT932-1059 0
445 0 FT932-11083 0
445 0 FT932-11643 0
445 0 FT932-11644 1
445 0 FT932-11727 0
445 0 FT932-12282 0
445 0 FT932-12986 0
445 0 FT932-13089 0
445 0 FT932-13560 0
445 0 FT932-13754 1
445 0 FT932-13780 0
445 0 FT932-14036 0
445 0 FT932-15330 0
445 0 FT932-233 0
445 0 FT932-3602 0
445 0 FT932-6067 0
445 0 FT932-6094 1
445 0 FT932-6456 1
445 0 FT932-6544 0
445 0 FT932-713 0
445 0 FT932-7411 0
445 0 FT932-9083 1
445 0 FT932-9168 0
445 0 FT933-10924 1
445 0 FT933-12534 0
445 0 FT933-12541 0
445 0 FT933-13487 0
445 0 FT933-14931 0
445 0 FT933-14941 0
445 0 FT933-1611 0
445 0 FT933-16359 0
445 0 FT933-2679 0
445 0 FT933-467 0
445 0 FT933-6676 0
445 0 FT933-7393 0
445 0 FT933-7634 0
445 0 FT933-8028 0
445 0 FT933-9697 0
445 0 FT934-10114 0
445 0 FT934-11236 0
445 0 FT934-11413 0
445 0 FT934-11565 0
445 0 FT934-11650 1
445 0 FT934-11785 0
445 0 FT934-12835 0
445 0 FT934-13060 1
445 0 FT934-14389 1
445 0 FT934-15231 0
445 0 FT934-1569 0
445 0 FT934-16097 0
445 0 FT934-16133 0
445 0 FT934-16347 0
445 0 FT934-17028 0
445 0 FT934-2084 0
445 0 FT934-2731 0
445 0 FT934-3479 0
445 0 FT934-3699 0
445 0 FT934-4537 0
445 0 FT934-4880 0
445 0 FT934-4935 0
445 0 FT934-7022 0
445 0 FT934-8108 1
445 0 FT934-8686 0
445 0 FT934-9029 0
445 0 FT934-904 0
445 0 FT934-9067 0
445 0 FT941-10411 0
445 0 FT941-11041 0
445 0 FT941-11964 0
445 0 FT941-12337 0
445 0 FT941-12592 0
445 0 FT941-13235 0
445 0 FT941-13372 0
445 0 FT941-13784 0
445 0 FT941-14618 0
445 0 FT941-15028 0
445 0 FT941-15931 0
445 0 FT941-16586 1
445 0 FT941-17370 0
445 0 FT941-1840 0
445 0 FT941-290 0
445 0 FT941-3352 0
445 0 FT941-4163 1
445 0 FT941-4250 0
445 0 FT941-4803 0
445 0 FT941-5704 0
445 0 FT941-5757 0
445 0 FT941-6626 0
445 0 FT941-6743 1
445 0 FT941-7698 0
445 0 FT941-8007 1
445 0 FT941-8192 1
445 0 FT941-8959 0
445 0 FT941-8960 1
445 0 FT941-9067 0
445 0 FT941-9246 0
445 0 FT941-9703 1
445 0 FT941-9732 0
445 0 FT941-9952 0
445 0 FT942-10570 0
445 0 FT942-10717 0
445 0 FT942-11315 0
445 0 FT942-11719 0
445 0 FT942-12254 0
445 0 FT942-12893 0
445 0 FT942-132 1
445 0 FT942-13366 0
445 0 FT942-14238 0
445 0 FT942-14398 0
445 0 FT942-16458 1
445 0 FT942-17010 0
445 0 FT942-17139 0
445 0 FT942-17412 0
445 0 FT942-1774 0
445 0 FT942-1778 0
445 0 FT942-3243 0
445 0 FT942-3248 0
445 0 FT942-330 0
445 0 FT942-4675 0
445 0 FT942-5337 0
445 0 FT942-6049 0
445 0 FT942-7434 0
445 0 FT942-7776 0
445 0 FT942-8433 0
445 0 FT942-8844 0
445 0 FT942-9289 0
445 0 FT943-10127 0
445 0 FT943-11263 0
445 0 FT943-11987 0
445 0 FT943-13230 0
445 0 FT943-13582 0
445 0 FT943-13802 0
445 0 FT943-13908 0
445 0 FT943-13998 0
445 0 FT943-14640 0
445 0 FT943-15035 0
445 0 FT943-15333 1
445 0 FT943-16167 0
445 0 FT943-16216 0
445 0 FT943-16349 0
445 0 FT943-16805 0
445 0 FT943-1992 0
445 0 FT943-3298 0
445 0 FT943-3518 0
445 0 FT943-3673 0
445 0 FT943-3963 0
445 0 FT943-3969 0
445 0 FT943-4691 0
445 0 FT943-4934 0
445 0 FT943-5142 0
445 0 FT943-550 0
445 0 FT943-5621 0
445 0 FT943-5754 0
445 0 FT943-583 0
445 0 FT943-6073 0
445 0 FT943-6097 0
445 0 FT943-7217 0
445 0 FT943-8462 0
445 0 FT943-8964 1
445 0 FT943-9500 0
445 0 FT943-9548 0
445 0 FT944-1063 0
445 0 FT944-10693 0
445 0 FT944-10934 0
445 0 FT944-11130 0
445 0 FT944-11615 0
445 0 FT944-1189 0
445 0 FT944-12140 0
445 0 FT944-12196 0
445 0 FT944-13709 0
445 0 FT944-15182 0
445 0 FT944-15308 0
445 0 FT944-15804 0
445 0 FT944-15805 0
445 0 FT944-16024 0
445 0 FT944-16246 0
445 0 FT944-16610 0
445 0 FT944-16751 0
445 0 FT944-16774 0
445 0 FT944-2250 0
445 0 FT944-2255 0
445 0 FT944-2256 0
445 0 FT944-2262 0
445 0 FT944-2263 0
445 0 FT944-2267 0
445 0 FT944-2691 0
445 0 FT944-2696 0
445 0 FT944-2697 0
445 0 FT944-2703 0
445 0 FT944-2704 0
445 0 FT944-2708 0
445 0 FT944-3178 0
445 0 FT944-3963 0
445 0 FT944-4605 0
445 0 FT944-4739 0
445 0 FT944-6104 0
445 0 FT944-647 0
445 0 FT944-6724 0
445 0 FT944-730 0
445 0 FT944-7700 0
445 0 FT944-8323 0
445 0 FT944-8459 0
445 0 FT944-9210 0
445 0 LA010189-0071 0
445 0 LA010189-0101 0
445 0 LA010189-0113 0
445 0 LA010190-0063 0
445 0 LA010289-0037 0
445 0 LA010289-0042 0
445 0 LA010289-0057 0
445 0 LA010290-0101 0
445 0 LA010589-0122 0
445 0 LA010990-0049 0
445 0 LA011090-0076 0
445 0 LA011190-0183 0
445 0 LA011290-0005 0
445 0 LA011290-0095 0
445 0 LA011290-0110 0
445 0 LA011290-0143 0
445 0 LA011390-0037 0
445 0 LA011390-0065 0
445 0 LA011490-0146 0
445 0 LA011589-0005 0
445 0 LA011589-0049 0
445 0 LA011590-0007 0
445 0 LA011590-0133 0
445 0 LA011690-0070 0
445 0 LA011789-0107 0
445 0 LA011989-0074 0
445 0 LA011989-0157 0
445 0 LA012089-0063 0
445 0 LA012090-0044 0
445 0 LA012189-0008 0
445 0 LA012189-0074 0
445 0 LA012289-0058 0
445 0 LA012289-0168 0
445 0 LA012290-0045 0
445 0 LA012290-0096 0
445 0 LA012290-0102 0
445 0 LA012390-0099 0
445 0 LA012489-0146 0
445 0 LA012590-0217 0
445 0 LA012689-0160 0
445 0 LA012690-0050 0
445 0 LA012690-0126 0
445 0 LA012790-0049 0
445 0 LA012989-0012 0
445 0 LA013189-0051 0
445 0 LA020189-0098 0
445 0 LA020190-0047 0
445 0 LA020289-0076 0
445 0 LA020289-0157 0
445 0 LA020289-0164 0
445 0 LA020290-0135 0
445 0 LA020490-0008 0
445 0 LA020490-0092 0
445 0 LA020490-0109 0
445 0 LA020490-0121 0
445 0 LA020490-0136 0
445 0 LA020490-0138 0
445 0 LA020490-0158 0
445 0 LA020490-0173 0
445 0 LA020490-0185 0
445 0 LA020490-0186 0
445 0 LA020490-0187 0
445 0 LA020490-0188 0
445 0 LA020490-0191 0
445 0 LA020490-0193 0
445 0 LA020490-0196 0
445 0 LA020490-0202 0
445 0 LA020490-0206 0
445 0 LA020490-0213 0
445 0 LA020589-0042 0
445 0 LA020589-0108 0
445 0 LA020589-0222 0
445 0 LA020890-0258 0
445 0 LA020990-0109 0
445 0 LA021090-0053 0
445 0 LA021090-0113 0
445 0 LA021390-0112 0
445 0 LA021489-0102 0
445 0 LA021590-0211 0
445 0 LA021689-0073 0
445 0 LA021689-0094 0
445 0 LA021789-0009 0
445 0 LA021790-0058 0
445 0 LA021790-0059 0
445 0 LA021889-0109 0
445 0 LA021989-0184 0
445 0 LA022389-0005 0
445 0 LA022389-0147 0
445 0 LA022390-0059 0
445 0 LA022390-0085 0
445 0 LA022490-0037 0
445 0 LA022589-0148 0
445 0 LA022590-0053 0
445 0 LA022689-0083 0
445 0 LA022689-0096 0
445 0 LA022689-0179 0
445 0 LA022789-0073 0
445 0 LA022889-0077 0
445 0 LA022889-0171 0
445 0 LA022890-0108 0
445 0 LA022890-0148 0
445 0 LA030189-0090 0
445 0 LA030289-0009 0
445 0 LA030289-0097 0
445 0 LA030390-0028 0
445 0 LA030390-0108 0
445 0 LA030390-0126 0
445 0 LA030490-0198 0
445 0 LA030889-0108 0
445 0 LA030889-0148 0
445 0 LA030989-0093 0
445 0 LA030990-0169 0
445 0 LA030990-0204 0
445 0 LA031089-0047 0
445 0 LA031090-0106 0
445 0 LA031090-0108 0
445 0 LA031189-0044 0
445 0 LA031189-0067 0
445 0 LA031189-0068 0
445 0 LA031190-0133 0
445 0 LA031289-0089 0
445 0 LA031289-0146 0
445 0 LA031289-0154 0
445 0 LA031290-0103 0
445 0 LA031389-0009 0
445 0 LA031390-0140 0
445 0 LA031590-0078 0
445 0 LA031689-0060 0
445 0 LA031689-0122 0
445 0 LA031790-0126 0
445 0 LA031890-0045 0
445 0 LA031890-0054 0
445 0 LA031989-0056 0
445 0 LA031989-0137 0
445 0 LA031989-0178 0
445 0 LA031990-0032 0
445 0 LA032190-0022 0
445 0 LA032190-0145 0
445 0 LA032390-0024 0
445 0 LA032390-0072 0
445 0 LA032589-0076 0
445 0 LA032589-0085 0
445 0 LA032590-0108 0
445 0 LA032590-0161 0
445 0 LA032689-0143 0
445 0 LA032689-0175 0
445 0 LA032690-0082 0
445 0 LA032789-0046 0
445 0 LA032890-0104 0
445 0 LA032990-0188 0
445 0 LA040190-0038 0
445 0 LA040190-0121 0
445 0 LA040289-0097 0
445 0 LA040289-0106 0
445 0 LA040289-0155 0
445 0 LA040290-0040 0
445 0 LA040290-0135 0
445 0 LA040490-0026 0
445 0 LA040590-0051 0
445 0 LA040690-0016 0
445 0 LA040790-0004 0
445 0 LA041089-0093 0
445 0 LA041290-0057 0
445 0 LA041290-0246 0
445 0 LA041390-0134 0
445 0 LA041490-0122 0
445 0 LA041490-0125 0
445 0 LA041590-0144 0
445 0 LA041689-0061 0
445 0 LA041790-0117 0
445 0 LA042089-0180 0
445 0 LA042190-0045 0
445 0 LA042290-0094 0
445 0 LA042389-0088 0
445 0 LA042690-0148 0
445 0 LA042789-0215 0
445 0 LA042890-0077 0
445 0 LA042890-0118 0
445 0 LA042989-0026 0
445 0 LA042989-0027 0
445 0 LA043089-0011 0
445 0 LA043089-0103 0
445 0 LA050190-0198 0
445 0 LA050289-0058 0
445 0 LA050290-0154 0
445 0 LA050490-0073 0
445 0 LA050490-0161 0
445 0 LA050490-0209 0
445 0 LA050589-0157 0
445 0 LA050590-0078 0
445 0 LA050590-0141 0
445 0 LA050590-0142 0
445 0 LA050690-0206 0
445 0 LA050790-0027 0
445 0 LA051089-0030 0
445 0 LA051090-0057 0
445 0 LA051190-0040 0
445 0 LA051290-0136 0
445 0 LA051390-0219 0
445 0 LA051489-0009 0
445 0 LA051489-0100 0
445 0 LA051490-0051 0
445 0 LA051490-0054 0
445 0 LA051690-0021 0
445 0 LA051690-0070 0
445 0 LA051789-0147 0
445 0 LA051890-0074 0
445 0 LA051890-0148 0
445 0 LA051989-0030 0
445 0 LA051990-0137 0
445 0 LA052390-0071 0
445 0 LA052490-0122 0
445 0 LA052690-0103 0
445 0 LA052790-0141 0
445 0 LA052989-0020 0
445 0 LA053090-0042 0
445 0 LA053190-0065 0
445 0 LA060189-0041 0
445 0 LA060190-0027 0
445 0 LA060289-0068 0
445 0 LA060389-0004 0
445 0 LA060390-0087 0
445 0 LA060390-0103 0
445 0 LA060489-0113 0
445 0 LA060489-0141 0
445 0 LA060589-0056 0
445 0 LA060590-0007 0
445 0 LA060689-0019 0
445 0 LA060689-0057 0
445 0 LA060790-0184 0
445 0 LA061089-0093 0
445 0 LA061089-0094 0
445 0 LA061089-0096 0
445 0 LA061090-0213 0
445 0 LA061189-0149 0
445 0 LA061189-0192 0
445 0 LA061290-0016 0
445 0 LA061389-0008 0
445 0 LA061390-0071 0
445 0 LA061889-0128 0
445 0 LA062190-0053 0
445 0 LA062389-0125 0
445 0 LA062390-0117 0
445 0 LA062489-0042 0
445 0 LA062489-0098 0
445 0 LA062589-0169 0
445 0 LA062690-0116 0
445 0 LA062889-0016 0
445 0 LA062989-0178 0
445 0 LA063089-0060 0
445 0 LA063090-0070 0
445 0 LA063090-0103 0
445 0 LA063090-0129 0
445 0 LA070289-0036 0
445 0 LA070289-0174 0
445 0 LA070389-0073 0
445 0 LA070389-0092 0
445 0 LA070390-0073 0
445 0 LA070390-0079 0
445 0 LA070490-0102 0
445 0 LA070490-0119 0
445 0 LA070790-0120 0
445 0 LA070890-0152 0
445 0 LA071290-0125 0
445 0 LA071389-0086 0
445 0 LA071589-0014 0
445 0 LA071589-0107 0
445 0 LA071690-0041 0
445 0 LA071890-0162 0
445 0 LA071990-0116 0
445 0 LA072289-0074 0
445 0 LA072289-0094 0
445 0 LA072290-0001 0
445 0 LA072290-0115 0
445 0 LA072389-0041 0
445 0 LA072389-0053 0
445 0 LA072389-0160 0
445 0 LA072390-0035 0
445 0 LA072489-0004 0
445 0 LA072489-0040 0
445 0 LA072490-0158 0
445 0 LA072589-0006 0
445 0 LA072590-0123 0
445 0 LA072689-0038 0
445 0 LA072890-0106 0
445 0 LA073089-0073 0
445 0 LA080189-0097 0
445 0 LA080189-0138 0
445 0 LA080190-0082 0
445 0 LA080290-0043 0
445 0 LA080290-0072 0
445 0 LA080290-0200 0
445 0 LA080589-0097 0
445 0 LA080590-0034 0
445 0 LA080590-0046 0
445 0 LA080590-0145 0
445 0 LA080590-0159 0
445 0 LA080689-0085 0
445 0 LA080690-0070 0
445 0 LA080890-0153 0
445 0 LA081089-0018 0
445 0 LA081090-0180 0
445 0 LA081190-0037 0
445 0 LA081190-0090 0
445 0 LA081289-0097 0
445 0 LA081389-0026 0
445 0 LA081489-0047 0
445 0 LA081490-0005 0
445 0 LA081790-0055 0
445 0 LA081889-0012 0
445 0 LA081889-0124 0
445 0 LA081989-0053 0
445 0 LA082089-0019 0
445 0 LA082190-0018 0
445 0 LA082390-0182 0
445 0 LA082390-0184 0
445 0 LA082489-0084 0
445 0 LA082489-0101 0
445 0 LA082490-0008 0
445 0 LA082689-0076 0
445 0 LA082690-0091 0
445 0 LA083090-0056 0
445 0 LA090190-0133 0
445 0 LA090289-0110 0
445 0 LA090290-0035 0
445 0 LA090389-0006 0
445 0 LA090489-0050 0
445 0 LA090489-0057 0
445 0 LA090590-0115 0
445 0 LA090890-0116 0
445 0 LA090890-0117 0
445 0 LA091190-0138 0
445 0 LA091390-0005 0
445 0 LA091390-0008 0
445 0 LA091390-0018 0
445 0 LA091490-0138 0
445 0 LA091589-0123 0
445 0 LA091689-0089 0
445 0 LA091690-0009 0
445 0 LA091889-0001 0
445 0 LA092189-0174 0
445 0 LA092489-0049 0
445 0 LA092889-0077 0
445 0 LA092889-0143 0
445 0 LA092890-0010 0
445 0 LA092890-0184 0
445 0 LA093089-0111 0
445 0 LA093090-0069 0
445 0 LA093090-0106 0
445 0 LA100289-0043 0
445 0 LA100390-0039 0
445 0 LA100489-0136 0
445 0 LA100590-0045 0
445 0 LA100689-0161 0
445 0 LA100789-0103 0
445 0 LA100790-0049 0
445 0 LA100790-0071 0
445 0 LA100889-0082 0
445 0 LA101190-0078 0
445 0 LA101290-0148 0
445 0 LA101389-0130 0
445 0 LA101389-0140 0
445 0 LA101390-0143 0
445 0 LA101490-0019 0
445 0 LA101590-0043 0
445 0 LA101590-0106 0
445 0 LA101790-0135 0
445 0 LA101889-0009 0
445 0 LA101890-0212 0
445 0 LA101989-0136 0
445 0 LA101989-0183 0
445 0 LA101990-0079 0
445 0 LA102089-0174 0
445 0 LA102189-0093 0
445 0 LA102289-0097 0
445 0 LA102290-0002 0
445 0 LA102290-0049 0
445 0 LA102290-0057 0
445 0 LA102389-0100 0
445 0 LA102489-0163 0
445 0 LA102490-0120 0
445 0 LA102689-0083 0
445 0 LA102689-0121 0
445 0 LA102789-0141 0
445 0 LA102790-0158 0
445 0 LA102889-0070 0
445 0 LA102890-0058 0
445 0 LA102989-0079 0
445 0 LA102989-0132 0
445 0 LA102990-0049 0
445 0 LA102990-0050 0
445 0 LA103089-0062 0
445 0 LA110189-0119 0
445 0 LA110289-0048 0
445 0 LA110389-0166 0
445 0 LA110390-0113 0
445 0 LA110490-0020 0
445 0 LA110589-0189 0
445 0 LA110589-0228 0
445 0 LA110689-0057 0
445 0 LA110790-0043 0
445 0 LA111089-0013 0
445 0 LA111189-0030 0
445 0 LA111289-0072 0
445 0 LA111289-0077 0
445 0 LA111390-0095 0
445 0 LA111489-0033 0
445 0 LA111489-0153 0
445 0 LA111590-0044 0
445 0 LA111789-0013 0
445 0 LA111789-0152 0
445 0 LA111790-0057 0
445 0 LA111889-0136 0
445 0 LA111989-0133 0
445 0 LA111989-0149 0
445 0 LA111989-0215 0
445 0 LA112189-0070 0
445 0 LA112189-0119 0
445 0 LA112289-0012 0
445 0 LA112389-0160 0
445 0 LA112489-0112 0
445 0 LA112490-0085 0
445 0 LA112889-0106 0
445 0 LA112989-0070 0
445 0 LA113090-0141 0
445 0 LA120289-0027 0
445 0 LA120289-0148 0
445 0 LA120489-0062 0
445 0 LA120590-0050 0
445 0 LA120689-0026 0
445 0 LA120690-0001 0
445 0 LA120789-0126 0
445 0 LA120789-0132 0
445 0 LA120790-0111 0
445 0 LA120790-0115 0
445 0 LA120890-0111 0
445 0 LA121189-0036 0
445 0 LA121189-0051 0
445 0 LA121189-0062 0
445 0 LA121190-0076 0
445 0 LA121389-0001 0
445 0 LA121389-0141 0
445 0 LA121390-0017 0
445 0 LA121589-0026 0
445 0 LA121590-0081 0
445 0 LA121689-0031 0
445 0 LA121689-0060 0
445 0 LA121690-0044 0
445 0 LA121690-0222 0
445 0 LA121789-0007 0
445 0 LA121789-0181 0
445 0 LA122090-0016 0
445 0 LA122189-0034 0
445 0 LA122189-0039 0
445 0 LA122189-0165 0
445 0 LA122190-0169 0
445 0 LA122389-0122 0
445 0 LA122489-0114 0
445 0 LA122590-0062 0
445 0 LA122590-0099 0
445 0 LA122690-0079 0
445 0 LA122789-0046 0
445 0 LA122889-0092 0
445 0 LA123089-0028 0
445 0 LA123089-0125 0
445 0 LA123189-0141 0
