448 0 FBIS3-12772 0
448 0 FBIS3-12871 0
448 0 FBIS3-14182 0
448 0 FBIS3-14599 0
448 0 FBIS3-14600 0
448 0 FBIS3-14601 0
448 0 FBIS3-14684 0
448 0 FBIS3-14686 0
448 0 FBIS3-14711 0
448 0 FBIS3-15651 0
448 0 FBIS3-16102 0
448 0 FBIS3-1635 0
448 0 FBIS3-16826 0
448 0 FBIS3-17230 0
448 0 FBIS3-17429 0
448 0 FBIS3-17828 0
448 0 FBIS3-17919 0
448 0 FBIS3-17932 0
448 0 FBIS3-19170 0
448 0 FBIS3-19721 0
448 0 FBIS3-19919 0
448 0 FBIS3-20511 0
448 0 FBIS3-20575 0
448 0 FBIS3-20597 0
448 0 FBIS3-20762 0
448 0 FBIS3-20796 0
448 0 FBIS3-20900 0
448 0 FBIS3-21019 0
448 0 FBIS3-21159 0
448 0 FBIS3-21177 0
448 0 FBIS3-21198 0
448 0 FBIS3-21242 0
448 0 FBIS3-22172 0
448 0 FBIS3-22334 0
448 0 FBIS3-22355 0
448 0 FBIS3-22420 0
448 0 FBIS3-23 0
448 0 FBIS3-23511 0
448 0 FBIS3-23521 0
448 0 FBIS3-23524 0
448 0 FBIS3-23561 0
448 0 FBIS3-23567 0
448 0 FBIS3-23571 0
448 0 FBIS3-23600 0
448 0 FBIS3-23613 0
448 0 FBIS3-23633 0
448 0 FBIS3-23635 0
448 0 FBIS3-23691 0
448 0 FBIS3-23962 0
448 0 FBIS3-24065 0
448 0 FBIS3-24146 0
448 0 FBIS3-24189 0
448 0 FBIS3-24202 0
448 0 FBIS3-24433 0
448 0 FBIS3-24653 0
448 0 FBIS3-24656 0
448 0 FBIS3-24678 0
448 0 FBIS3-26006 0
448 0 FBIS3-26035 0
448 0 FBIS3-26064 0
448 0 FBIS3-26239 0
448 0 FBIS3-26568 0
448 0 FBIS3-26692 0
448 0 FBIS3-26913 0
448 0 FBIS3-27035 0
448 0 FBIS3-27649 0
448 0 FBIS3-27833 0
448 0 FBIS3-27897 0
448 0 FBIS3-27933 0
448 0 FBIS3-27951 0
448 0 FBIS3-29180 0
448 0 FBIS3-29933 0
448 0 FBIS3-3084 0
448 0 FBIS3-32365 0
448 0 FBIS3-32560 0
448 0 FBIS3-32867 0
448 0 FBIS3-33000 0
448 0 FBIS3-33704 0
448 0 FBIS3-33789 0
448 0 FBIS3-33801 0
448 0 FBIS3-33974 0
448 0 FBIS3-34023 0
448 0 FBIS3-36078 0
448 0 FBIS3-36519 0
448 0 FBIS3-37404 0
448 0 FBIS3-37626 0
448 0 FBIS3-3777 0
448 0 FBIS3-37821 0
448 0 FBIS3-37929 0
448 0 FBIS3-37947 0
448 0 FBIS3-3860 0
448 0 FBIS3-39335 0
448 0 FBIS3-39494 0
448 0 FBIS3-40071 0
448 0 FBIS3-40089 0
448 0 FBIS3-40130 0
448 0 FBIS3-40292 0
448 0 FBIS3-40388 0
448 0 FBIS3-40399 0
448 0 FBIS3-40450 0
448 0 FBIS3-40497 0
448 0 FBIS3-40527 0
448 0 FBIS3-40914 0
448 0 FBIS3-4094 0
448 0 FBIS3-40993 0
448 0 FBIS3-41159 0
448 0 FBIS3-41439 0
448 0 FBIS3-41601 0
448 0 FBIS3-41603 0
448 0 FBIS3-41604 0
448 0 FBIS3-41608 0
448 0 FBIS3-41620 0
448 0 FBIS3-42077 0
448 0 FBIS3-42381 0
448 0 FBIS3-42399 0
448 0 FBIS3-42470 0
448 0 FBIS3-42477 0
448 0 FBIS3-42484 0
448 0 FBIS3-42485 0
448 0 FBIS3-42487 0
448 0 FBIS3-42493 0
448 0 FBIS3-42496 0
448 0 FBIS3-42766 0
448 0 FBIS3-42811 0
448 0 FBIS3-42873 0
448 0 FBIS3-42932 0
448 0 FBIS3-43116 0
448 0 FBIS3-43128 0
448 0 FBIS3-43142 0
448 0 FBIS3-43160 0
448 0 FBIS3-43166 0
448 0 FBIS3-43169 0
448 0 FBIS3-43175 0
448 0 FBIS3-43186 0
448 0 FBIS3-43196 0
448 0 FBIS3-43214 0
448 0 FBIS3-43220 0
448 0 FBIS3-4354 0
448 0 FBIS3-44569 0
448 0 FBIS3-44717 0
448 0 FBIS3-45053 0
448 0 FBIS3-45659 0
448 0 FBIS3-45911 0
448 0 FBIS3-46117 0
448 0 FBIS3-46689 0
448 0 FBIS3-47758 0
448 0 FBIS3-48483 0
448 0 FBIS3-48642 0
448 0 FBIS3-4871 0
448 0 FBIS3-48723 0
448 0 FBIS3-4992 0
448 0 FBIS3-5145 0
448 0 FBIS3-51459 0
448 0 FBIS3-51617 0
448 0 FBIS3-51656 0
448 0 FBIS3-5234 0
448 0 FBIS3-52963 0
448 0 FBIS3-538 0
448 0 FBIS3-54403 0
448 0 FBIS3-54766 0
448 0 FBIS3-54977 0
448 0 FBIS3-55320 0
448 0 FBIS3-55743 0
448 0 FBIS3-56085 0
448 0 FBIS3-56149 0
448 0 FBIS3-56182 0
448 0 FBIS3-57175 0
448 0 FBIS3-57634 0
448 0 FBIS3-57658 0
448 0 FBIS3-57705 0
448 0 FBIS3-57706 0
448 0 FBIS3-57733 0
448 0 FBIS3-58 0
448 0 FBIS3-58044 0
448 0 FBIS3-58883 0
448 0 FBIS3-59267 0
448 0 FBIS3-59296 0
448 0 FBIS3-59352 0
448 0 FBIS3-59506 0
448 0 FBIS3-59747 0
448 0 FBIS3-59748 0
448 0 FBIS3-59750 0
448 0 FBIS3-59751 0
448 0 FBIS3-59753 0
448 0 FBIS3-59755 0
448 0 FBIS3-59756 0
448 0 FBIS3-59787 0
448 0 FBIS3-60 0
448 0 FBIS3-60218 0
448 0 FBIS3-60254 0
448 0 FBIS3-60314 0
448 0 FBIS3-60336 0
448 0 FBIS3-60342 0
448 0 FBIS3-60362 0
448 0 FBIS3-60521 0
448 0 FBIS3-60644 0
448 0 FBIS3-61026 0
448 0 FBIS3-61042 0
448 0 FBIS3-61051 0
448 0 FBIS3-61053 0
448 0 FBIS3-61054 0
448 0 FBIS3-61056 0
448 0 FBIS3-61070 0
448 0 FBIS3-61173 0
448 0 FBIS3-61192 0
448 0 FBIS3-61322 0
448 0 FBIS3-61329 0
448 0 FBIS3-61335 0
448 0 FBIS3-61336 0
448 0 FBIS3-61498 0
448 0 FBIS3-6166 0
448 0 FBIS3-6482 0
448 0 FBIS3-6496 0
448 0 FBIS3-67 0
448 0 FBIS3-8389 0
448 0 FBIS4-11436 0
448 0 FBIS4-11805 0
448 0 FBIS4-11825 0
448 0 FBIS4-11884 0
448 0 FBIS4-11918 0
448 0 FBIS4-11920 0
448 0 FBIS4-11924 0
448 0 FBIS4-11988 0
448 0 FBIS4-11989 0
448 0 FBIS4-13197 0
448 0 FBIS4-13245 0
448 0 FBIS4-13395 0
448 0 FBIS4-13577 0
448 0 FBIS4-13825 0
448 0 FBIS4-13828 0
448 0 FBIS4-13829 0
448 0 FBIS4-14055 0
448 0 FBIS4-14057 0
448 0 FBIS4-14077 0
448 0 FBIS4-15611 0
448 0 FBIS4-15709 0
448 0 FBIS4-15755 0
448 0 FBIS4-15803 0
448 0 FBIS4-15804 0
448 0 FBIS4-15861 0
448 0 FBIS4-15915 0
448 0 FBIS4-16041 0
448 0 FBIS4-16143 0
448 0 FBIS4-16268 0
448 0 FBIS4-16269 0
448 0 FBIS4-16270 0
448 0 FBIS4-16275 0
448 0 FBIS4-16276 0
448 0 FBIS4-16359 0
448 0 FBIS4-16524 0
448 0 FBIS4-16528 0
448 0 FBIS4-16530 0
448 0 FBIS4-16817 0
448 0 FBIS4-16902 0
448 0 FBIS4-16926 0
448 0 FBIS4-16954 0
448 0 FBIS4-16956 0
448 0 FBIS4-17004 0
448 0 FBIS4-17127 0
448 0 FBIS4-17181 0
448 0 FBIS4-17182 0
448 0 FBIS4-17186 0
448 0 FBIS4-17188 0
448 0 FBIS4-17189 0
448 0 FBIS4-17441 0
448 0 FBIS4-17458 0
448 0 FBIS4-17459 0
448 0 FBIS4-17460 0
448 0 FBIS4-17464 0
448 0 FBIS4-17465 0
448 0 FBIS4-17467 0
448 0 FBIS4-17468 0
448 0 FBIS4-17470 0
448 0 FBIS4-17471 0
448 0 FBIS4-17537 0
448 0 FBIS4-17590 0
448 0 FBIS4-17592 0
448 0 FBIS4-17669 0
448 0 FBIS4-17672 0
448 0 FBIS4-1775 0
448 0 FBIS4-17828 0
448 0 FBIS4-17965 0
448 0 FBIS4-1828 0
448 0 FBIS4-18349 0
448 0 FBIS4-18511 0
448 0 FBIS4-18714 0
448 0 FBIS4-18949 0
448 0 FBIS4-1897 0
448 0 FBIS4-19450 0
448 0 FBIS4-19562 0
448 0 FBIS4-19915 0
448 0 FBIS4-20337 0
448 0 FBIS4-20436 0
448 0 FBIS4-2047 0
448 0 FBIS4-20473 0
448 0 FBIS4-20606 0
448 0 FBIS4-20686 0
448 0 FBIS4-20842 0
448 0 FBIS4-21383 0
448 0 FBIS4-21416 0
448 0 FBIS4-21976 0
448 0 FBIS4-22027 0
448 0 FBIS4-22145 0
448 0 FBIS4-22152 0
448 0 FBIS4-22172 0
448 0 FBIS4-22177 0
448 0 FBIS4-22190 0
448 0 FBIS4-22199 0
448 0 FBIS4-22220 0
448 0 FBIS4-22355 0
448 0 FBIS4-22361 0
448 0 FBIS4-22429 0
448 0 FBIS4-22447 0
448 0 FBIS4-22457 0
448 0 FBIS4-22526 0
448 0 FBIS4-22614 0
448 0 FBIS4-22629 0
448 0 FBIS4-22736 0
448 0 FBIS4-22933 0
448 0 FBIS4-23084 0
448 0 FBIS4-23089 0
448 0 FBIS4-23131 0
448 0 FBIS4-23556 0
448 0 FBIS4-2406 0
448 0 FBIS4-24982 0
448 0 FBIS4-25180 0
448 0 FBIS4-25409 0
448 0 FBIS4-25456 0
448 0 FBIS4-25592 0
448 0 FBIS4-25730 0
448 0 FBIS4-25748 0
448 0 FBIS4-25852 0
448 0 FBIS4-2596 0
448 0 FBIS4-26769 0
448 0 FBIS4-27331 0
448 0 FBIS4-27637 0
448 0 FBIS4-27658 0
448 0 FBIS4-27787 0
448 0 FBIS4-28447 0
448 0 FBIS4-28712 0
448 0 FBIS4-29002 0
448 0 FBIS4-29487 0
448 0 FBIS4-29809 0
448 0 FBIS4-30266 0
448 0 FBIS4-30416 0
448 0 FBIS4-30673 0
448 0 FBIS4-31197 0
448 0 FBIS4-31787 0
448 0 FBIS4-32733 0
448 0 FBIS4-32825 0
448 0 FBIS4-32866 0
448 0 FBIS4-33312 0
448 0 FBIS4-33487 0
448 0 FBIS4-33765 0
448 0 FBIS4-33914 0
448 0 FBIS4-3458 0
448 0 FBIS4-34709 0
448 0 FBIS4-34761 0
448 0 FBIS4-34825 0
448 0 FBIS4-35449 0
448 0 FBIS4-36321 0
448 0 FBIS4-36326 0
448 0 FBIS4-36798 0
448 0 FBIS4-37184 0
448 0 FBIS4-37349 0
448 0 FBIS4-37709 0
448 0 FBIS4-38230 0
448 0 FBIS4-38311 0
448 0 FBIS4-38413 0
448 0 FBIS4-38511 0
448 0 FBIS4-38595 0
448 0 FBIS4-38596 0
448 0 FBIS4-38640 0
448 0 FBIS4-38775 0
448 0 FBIS4-38990 0
448 0 FBIS4-39042 0
448 0 FBIS4-39121 0
448 0 FBIS4-39122 0
448 0 FBIS4-39144 0
448 0 FBIS4-3922 0
448 0 FBIS4-39645 0
448 0 FBIS4-39655 0
448 0 FBIS4-39796 0
448 0 FBIS4-39798 0
448 0 FBIS4-39948 0
448 0 FBIS4-40256 0
448 0 FBIS4-40466 0
448 0 FBIS4-4068 0
448 0 FBIS4-40966 0
448 0 FBIS4-41050 0
448 0 FBIS4-43315 0
448 0 FBIS4-4421 0
448 0 FBIS4-44484 0
448 0 FBIS4-44525 0
448 0 FBIS4-44532 0
448 0 FBIS4-44711 0
448 0 FBIS4-44914 0
448 0 FBIS4-44915 0
448 0 FBIS4-44916 0
448 0 FBIS4-44919 0
448 0 FBIS4-45041 0
448 0 FBIS4-45272 0
448 0 FBIS4-45621 0
448 0 FBIS4-45649 0
448 0 FBIS4-45726 0
448 0 FBIS4-45766 0
448 0 FBIS4-45768 0
448 0 FBIS4-45770 0
448 0 FBIS4-45781 0
448 0 FBIS4-45786 0
448 0 FBIS4-45793 0
448 0 FBIS4-45815 0
448 0 FBIS4-46459 0
448 0 FBIS4-46461 0
448 0 FBIS4-46469 0
448 0 FBIS4-46470 0
448 0 FBIS4-46471 0
448 0 FBIS4-46477 0
448 0 FBIS4-46478 0
448 0 FBIS4-46479 0
448 0 FBIS4-46486 0
448 0 FBIS4-46499 0
448 0 FBIS4-46560 0
448 0 FBIS4-46562 0
448 0 FBIS4-46596 0
448 0 FBIS4-46597 0
448 0 FBIS4-46602 0
448 0 FBIS4-46623 0
448 0 FBIS4-46624 0
448 0 FBIS4-46737 0
448 0 FBIS4-46756 0
448 0 FBIS4-46837 0
448 0 FBIS4-46933 0
448 0 FBIS4-46962 0
448 0 FBIS4-47012 0
448 0 FBIS4-47016 0
448 0 FBIS4-47034 0
448 0 FBIS4-47119 0
448 0 FBIS4-47169 0
448 0 FBIS4-47239 0
448 0 FBIS4-47493 0
448 0 FBIS4-47609 0
448 0 FBIS4-47613 0
448 0 FBIS4-47642 0
448 0 FBIS4-48 0
448 0 FBIS4-4816 0
448 0 FBIS4-48373 0
448 0 FBIS4-48374 0
448 0 FBIS4-48968 0
448 0 FBIS4-49075 0
448 0 FBIS4-49251 0
448 0 FBIS4-49386 0
448 0 FBIS4-49718 0
448 0 FBIS4-49750 0
448 0 FBIS4-49821 0
448 0 FBIS4-50011 0
448 0 FBIS4-50164 0
448 0 FBIS4-50254 0
448 0 FBIS4-50576 0
448 0 FBIS4-50706 0
448 0 FBIS4-50873 0
448 0 FBIS4-50954 0
448 0 FBIS4-50970 0
448 0 FBIS4-50993 0
448 0 FBIS4-51793 0
448 0 FBIS4-52024 0
448 0 FBIS4-52040 0
448 0 FBIS4-52105 0
448 0 FBIS4-52159 0
448 0 FBIS4-52303 0
448 0 FBIS4-52514 0
448 0 FBIS4-52587 0
448 0 FBIS4-52825 0
448 0 FBIS4-52843 0
448 0 FBIS4-53078 0
448 0 FBIS4-53281 0
448 0 FBIS4-53339 0
448 0 FBIS4-53862 0
448 0 FBIS4-53916 0
448 0 FBIS4-54007 0
448 0 FBIS4-54321 0
448 0 FBIS4-54625 0
448 0 FBIS4-54626 0
448 0 FBIS4-55673 0
448 0 FBIS4-5588 0
448 0 FBIS4-56465 0
448 0 FBIS4-57268 0
448 0 FBIS4-57629 0
448 0 FBIS4-57944 0
448 0 FBIS4-58113 0
448 0 FBIS4-58121 0
448 0 FBIS4-58133 0
448 0 FBIS4-58412 0
448 0 FBIS4-58413 0
448 0 FBIS4-58414 0
448 0 FBIS4-58518 0
448 0 FBIS4-58996 0
448 0 FBIS4-58997 0
448 0 FBIS4-5902 0
448 0 FBIS4-59197 0
448 0 FBIS4-59236 0
448 0 FBIS4-59566 0
448 0 FBIS4-59606 0
448 0 FBIS4-60441 0
448 0 FBIS4-60809 0
448 0 FBIS4-60972 0
448 0 FBIS4-61085 0
448 0 FBIS4-61193 0
448 0 FBIS4-61195 0
448 0 FBIS4-61433 0
448 0 FBIS4-61906 0
448 0 FBIS4-61907 0
448 0 FBIS4-62035 0
448 0 FBIS4-62067 0
448 0 FBIS4-62206 0
448 0 FBIS4-62431 0
448 0 FBIS4-62432 0
448 0 FBIS4-62499 0
448 0 FBIS4-62641 0
448 0 FBIS4-6324 0
448 0 FBIS4-63358 0
448 0 FBIS4-63422 0
448 0 FBIS4-63461 0
448 0 FBIS4-63495 0
448 0 FBIS4-63767 0
448 0 FBIS4-63803 0
448 0 FBIS4-63808 0
448 0 FBIS4-63809 0
448 0 FBIS4-63810 0
448 0 FBIS4-63880 0
448 0 FBIS4-63968 0
448 0 FBIS4-63994 0
448 0 FBIS4-64056 0
448 0 FBIS4-65020 0
448 0 FBIS4-65623 0
448 0 FBIS4-65627 0
448 0 FBIS4-66227 0
448 0 FBIS4-6624 0
448 0 FBIS4-66258 0
448 0 FBIS4-66308 0
448 0 FBIS4-66404 0
448 0 FBIS4-67450 0
448 0 FBIS4-67574 0
448 0 FBIS4-67712 0
448 0 FBIS4-68154 0
448 0 FBIS4-68211 0
448 0 FBIS4-68220 0
448 0 FBIS4-68226 0
448 0 FBIS4-68235 0
448 0 FBIS4-68269 0
448 0 FBIS4-68286 0
448 0 FBIS4-68287 0
448 0 FBIS4-68289 0
448 0 FBIS4-68292 0
448 0 FBIS4-68295 0
448 0 FBIS4-68296 0
448 0 FBIS4-68297 0
448 0 FBIS4-68306 0
448 0 FBIS4-68346 0
448 0 FBIS4-68349 0
448 0 FBIS4-68357 0
448 0 FBIS4-68403 0
448 0 FBIS4-68411 0
448 0 FBIS4-68423 0
448 0 FBIS4-68429 0
448 0 FBIS4-68445 0
448 0 FBIS4-68494 0
448 0 FBIS4-68508 0
448 0 FBIS4-68517 0
448 0 FBIS4-68582 0
448 0 FBIS4-68591 0
448 0 FBIS4-68602 0
448 0 FBIS4-68606 0
448 0 FBIS4-68639 0
448 0 FBIS4-68752 0
448 0 FBIS4-68774 0
448 0 FBIS4-68782 0
448 0 FBIS4-68849 0
448 0 FBIS4-68863 0
448 0 FBIS4-7389 0
448 0 FBIS4-7509 0
448 0 FBIS4-7864 0
448 0 FBIS4-8221 0
448 0 FBIS4-8716 0
448 0 FBIS4-9082 0
448 0 FBIS4-9748 0
448 0 FR940105-2-00109 0
448 0 FR940110-2-00085 0
448 0 FR940111-2-00069 0
448 0 FR940112-2-00052 0
448 0 FR940112-2-00086 0
448 0 FR940114-0-00042 0
448 0 FR940114-0-00046 0
448 0 FR940114-1-00045 0
448 0 FR940119-2-00083 0
448 0 FR940128-1-00061 0
448 0 FR940128-1-00064 0
448 0 FR940128-1-00130 0
448 0 FR940128-2-00106 0
448 0 FR940202-0-00029 0
448 0 FR940202-0-00040 0
448 0 FR940202-1-00032 0
448 0 FR940202-1-00043 0
448 0 FR940203-0-00055 0
448 0 FR940203-0-00057 0
448 0 FR940203-0-00062 0
448 0 FR940203-0-00065 0
448 0 FR940203-0-00071 0
448 0 FR940203-0-00072 0
448 0 FR940203-0-00073 0
448 0 FR940204-0-00045 0
448 0 FR940204-0-00062 0
448 0 FR940207-2-00152 0
448 0 FR940214-1-00021 0
448 0 FR940216-0-00052 0
448 0 FR940216-2-00036 0
448 0 FR940217-1-00037 0
448 0 FR940217-1-00122 0
448 0 FR940217-1-00125 0
448 0 FR940217-1-00126 0
448 0 FR940217-1-00127 0
448 0 FR940217-1-00129 0
448 0 FR940217-1-00131 0
448 0 FR940217-1-00132 0
448 0 FR940217-1-00141 0
448 0 FR940223-0-00054 0
448 0 FR940223-2-00100 0
448 0 FR940224-1-00045 0
448 0 FR940224-2-00134 0
448 0 FR940228-2-00031 0
448 0 FR940303-2-00134 0
448 0 FR940304-1-00091 0
448 0 FR940304-1-00102 0
448 0 FR940304-1-00107 0
448 0 FR940314-2-00105 0
448 0 FR940318-0-00065 0
448 0 FR940318-0-00066 0
448 0 FR940318-0-00091 0
448 0 FR940323-2-00143 0
448 0 FR940325-1-00023 0
448 0 FR940325-1-00027 0
448 0 FR940328-2-00119 0
448 0 FR940405-0-00020 0
448 0 FR940406-0-00190 0
448 0 FR940406-1-00029 0
448 0 FR940412-1-00034 0
448 0 FR940412-1-00084 0
448 0 FR940413-0-00060 0
448 0 FR940414-2-00110 0
448 0 FR940414-2-00111 0
448 0 FR940414-2-00113 0
448 0 FR940418-1-00004 0
448 0 FR940418-1-00015 0
448 0 FR940418-1-00016 0
448 0 FR940419-0-00121 0
448 0 FR940419-0-00124 0
448 0 FR940425-0-00038 0
448 0 FR940503-1-00065 0
448 0 FR940503-1-00081 0
448 0 FR940505-0-00083 0
448 0 FR940505-1-00002 0
448 0 FR940505-1-00169 0
448 0 FR940505-1-00170 0
448 0 FR940505-1-00171 0
448 0 FR940505-1-00176 0
448 0 FR940506-2-00145 0
448 0 FR940511-0-00040 0
448 0 FR940511-0-00043 0
448 0 FR940511-0-00051 0
448 0 FR940511-0-00064 0
448 0 FR940511-0-00076 0
448 0 FR940511-1-00042 0
448 0 FR940512-0-00034 0
448 0 FR940513-0-00064 0
448 0 FR940513-0-00068 0
448 0 FR940513-0-00069 0
448 0 FR940513-0-00076 0
448 0 FR940513-0-00078 0
448 0 FR940513-0-00083 0
448 0 FR940513-0-00084 0
448 0 FR940516-1-00047 0
448 0 FR940525-0-00006 0
448 0 FR940527-1-00096 0
448 0 FR940602-1-00084 0
448 0 FR940603-0-00058 0
448 0 FR940603-0-00059 0
448 0 FR940603-2-00120 0
448 0 FR940606-1-00069 0
448 0 FR940610-2-00169 0
448 0 FR940616-0-00071 0
448 0 FR940620-1-00008 0
448 0 FR940621-0-00031 0
448 0 FR940621-1-00008 0
448 0 FR940622-0-00010 0
448 0 FR940622-0-00012 0
448 0 FR940622-0-00013 0
448 0 FR940622-0-00014 0
448 0 FR940628-0-00019 0
448 0 FR940630-2-00145 0
448 0 FR940712-1-00027 0
448 0 FR940713-1-00054 0
448 0 FR940713-2-00142 0
448 0 FR940719-1-00021 0
448 0 FR940720-1-00018 0
448 0 FR940721-2-00021 0
448 0 FR940722-1-00018 0
448 0 FR940722-1-00035 0
448 0 FR940725-0-00026 0
448 0 FR940725-0-00027 0
448 0 FR940725-0-00028 0
448 0 FR940725-0-00030 0
448 0 FR940725-0-00031 0
448 0 FR940725-0-00032 0
448 0 FR940725-0-00033 0
448 0 FR940725-0-00037 0
448 0 FR940725-0-00038 0
448 0 FR940725-0-00041 0
448 0 FR940727-1-00067 0
448 0 FR940728-0-00034 0
448 0 FR940802-1-00006 0
448 0 FR940803-2-00061 0
448 0 FR940805-2-00024 0
448 0 FR940810-0-00175 0
448 0 FR940810-1-00016 0
448 0 FR940811-0-00011 0
448 0 FR940817-0-00077 0
448 0 FR940817-2-00280 0
448 0 FR940817-2-00283 0
448 0 FR940817-2-00284 0
448 0 FR940819-0-00073 0
448 0 FR940819-0-00074 0
448 0 FR940819-0-00076 0
448 0 FR940819-0-00080 0
448 0 FR940819-0-00081 0
448 0 FR940822-0-00071 0
448 0 FR940822-0-00073 0
448 0 FR940825-2-00027 0
448 0 FR940826-1-00039 0
448 0 FR940830-1-00084 0
448 0 FR940830-1-00091 0
448 0 FR940831-0-00065 0
448 0 FR940831-2-00057 0
448 0 FR940831-2-00185 0
448 0 FR940902-1-00048 0
448 0 FR940913-1-00034 0
448 0 FR940913-1-00044 0
448 0 FR940916-2-00114 0
448 0 FR940919-2-00173 0
448 0 FR940927-0-00113 0
448 0 FR940928-0-00072 0
448 0 FR940928-0-00074 0
448 0 FR940928-0-00075 0
448 0 FR941003-2-00186 0
448 0 FR941004-0-00010 0
448 0 FR941004-0-00012 0
448 0 FR941006-0-00049 0
448 0 FR941007-0-00084 0
448 0 FR941007-0-00086 0
448 0 FR941007-0-00088 0
448 0 FR941007-0-00092 0
448 0 FR941007-0-00096 0
448 0 FR941007-0-00100 0
448 0 FR941011-0-00036 0
448 0 FR941011-0-00039 0
448 0 FR941011-0-00040 0
448 0 FR941011-0-00041 0
448 0 FR941011-0-00042 0
448 0 FR941011-0-00043 0
448 0 FR941012-2-00106 0
448 0 FR941019-0-00079 0
448 0 FR941019-2-00194 0
448 0 FR941020-0-00032 0
448 0 FR941027-2-00117 0
448 0 FR941028-2-00139 0
448 0 FR941031-2-00109 0
448 0 FR941103-0-00037 0
448 0 FR941107-0-00034 0
448 0 FR941117-2-00150 0
448 0 FR941130-0-00122 0
448 0 FR941130-2-00120 0
448 0 FR941202-2-00034 0
448 0 FR941206-1-00103 0
448 0 FR941212-0-00124 0
448 0 FR941212-0-00125 0
448 0 FR941212-0-00131 0
448 0 FR941212-1-00009 0
448 0 FR941212-1-00066 0
448 0 FR941216-0-00074 0
448 0 FR941216-0-00075 0
448 0 FR941216-1-00094 0
448 0 FR941219-2-00164 0
448 0 FR941221-1-00015 0
448 0 FR941221-2-00104 0
448 0 FR941227-0-00048 0
448 0 FR941227-0-00051 0
448 0 FR941227-0-00057 0
448 0 FR941227-0-00058 0
448 0 FR941227-0-00059 0
448 0 FR941227-0-00060 0
448 0 FR941227-0-00061 0
448 0 FR941227-0-00064 0
448 0 FR941227-0-00073 0
448 0 FR941230-0-00056 0
448 0 FR941230-0-00119 0
448 0 FR941230-1-00025 0
448 0 FT911-1185 0
448 0 FT911-1248 1
448 0 FT911-1349 0
448 0 FT911-1403 0
448 0 FT911-1465 0
448 0 FT911-2199 0
448 0 FT911-3164 0
448 0 FT911-3387 0
448 0 FT911-3403 0
448 0 FT911-3439 0
448 0 FT911-3483 0
448 0 FT911-3599 0
448 0 FT911-3810 0
448 0 FT911-4251 0
448 0 FT911-4306 0
448 0 FT911-4516 0
448 0 FT911-4682 0
448 0 FT911-490 0
448 0 FT911-4926 0
448 0 FT911-5001 0
448 0 FT911-5168 0
448 0 FT911-5291 0
448 0 FT911-821 0
448 0 FT921-10244 0
448 0 FT921-10387 0
448 0 FT921-10549 0
448 0 FT921-10554 0
448 0 FT921-11469 0
448 0 FT921-11596 0
448 0 FT921-11599 0
448 0 FT921-11638 0
448 0 FT921-12089 0
448 0 FT921-12434 0
448 0 FT921-1286 0
448 0 FT921-12937 0
448 0 FT921-12955 0
448 0 FT921-13210 0
448 0 FT921-13316 0
448 0 FT921-13480 0
448 0 FT921-13482 0
448 0 FT921-13738 0
448 0 FT921-13927 0
448 0 FT921-14318 0
448 0 FT921-14335 0
448 0 FT921-15598 0
448 0 FT921-157 0
448 0 FT921-16100 0
448 0 FT921-16501 0
448 0 FT921-2738 0
448 0 FT921-2740 0
448 0 FT921-2995 0
448 0 FT921-324 0
448 0 FT921-365 0
448 0 FT921-407 0
448 0 FT921-408 0
448 0 FT921-5405 0
448 0 FT921-5549 0
448 0 FT921-5674 0
448 0 FT921-5791 0
448 0 FT921-630 0
448 0 FT921-7218 0
448 0 FT921-7498 0
448 0 FT921-7499 0
448 0 FT921-7636 0
448 0 FT921-7703 0
448 0 FT921-7829 0
448 0 FT921-924 0
448 0 FT921-9537 0
448 0 FT921-9554 0
448 0 FT922-10027 0
448 0 FT922-10028 0
448 0 FT922-10174 0
448 0 FT922-10721 0
448 0 FT922-10730 0
448 0 FT922-10805 0
448 0 FT922-10809 0
448 0 FT922-10944 0
448 0 FT922-11134 0
448 0 FT922-11883 0
448 0 FT922-11891 0
448 0 FT922-12387 0
448 0 FT922-12530 0
448 0 FT922-12989 0
448 0 FT922-1325 0
448 0 FT922-13279 0
448 0 FT922-13519 0
448 0 FT922-13819 0
448 0 FT922-14108 0
448 0 FT922-14158 0
448 0 FT922-14753 0
448 0 FT922-15088 1
448 0 FT922-15139 0
448 0 FT922-1727 1
448 0 FT922-1872 0
448 0 FT922-1929 0
448 0 FT922-2763 0
448 0 FT922-2909 0
448 0 FT922-315 0
448 0 FT922-3486 0
448 0 FT922-46 0
448 0 FT922-4928 0
448 0 FT922-5105 0
448 0 FT922-577 0
448 0 FT922-5916 0
448 0 FT922-5969 0
448 0 FT922-6004 0
448 0 FT922-6122 0
448 0 FT922-6309 0
448 0 FT922-6621 0
448 0 FT922-6659 0
448 0 FT922-6671 0
448 0 FT922-6993 0
448 0 FT922-7694 0
448 0 FT922-7702 0
448 0 FT922-7914 0
448 0 FT922-8062 0
448 0 FT922-8450 0
448 0 FT922-8540 0
448 0 FT922-9396 0
448 0 FT922-9403 0
448 0 FT922-9445 0
448 0 FT922-9572 0
448 0 FT923-10239 0
448 0 FT923-10508 0
448 0 FT923-10556 0
448 0 FT923-10610 0
448 0 FT923-10727 0
448 0 FT923-11225 0
448 0 FT923-11233 0
448 0 FT923-11241 0
448 0 FT923-11552 0
448 0 FT923-11578 0
448 0 FT923-12433 0
448 0 FT923-12606 0
448 0 FT923-12721 0
448 0 FT923-12738 0
448 0 FT923-13217 0
448 0 FT923-13278 0
448 0 FT923-13405 0
448 0 FT923-13598 0
448 0 FT923-14373 0
448 0 FT923-14462 0
448 0 FT923-15284 0
448 0 FT923-1998 0
448 0 FT923-2007 0
448 0 FT923-2103 0
448 0 FT923-2285 0
448 0 FT923-2628 0
448 0 FT923-3762 0
448 0 FT923-3793 0
448 0 FT923-4394 0
448 0 FT923-5134 0
448 0 FT923-5148 0
448 0 FT923-5264 0
448 0 FT923-5420 0
448 0 FT923-5863 0
448 0 FT923-5887 0
448 0 FT923-5892 0
448 0 FT923-5947 0
448 0 FT923-6036 0
448 0 FT923-6038 0
448 0 FT923-6141 0
448 0 FT923-6241 0
448 0 FT923-6269 0
448 0 FT923-6528 0
448 0 FT923-6560 0
448 0 FT923-6587 0
448 0 FT923-7409 0
448 0 FT923-9314 0
448 0 FT923-9461 0
448 0 FT924-11110 0
448 0 FT924-11552 0
448 0 FT924-11752 0
448 0 FT924-11804 0
448 0 FT924-11909 0
448 0 FT924-12552 0
448 0 FT924-12946 0
448 0 FT924-12956 0
448 0 FT924-13150 0
448 0 FT924-13587 0
448 0 FT924-14616 0
448 0 FT924-14635 0
448 0 FT924-14687 0
448 0 FT924-1496 0
448 0 FT924-15907 0
448 0 FT924-15957 0
448 0 FT924-15967 0
448 0 FT924-1783 0
448 0 FT924-3043 0
448 0 FT924-3280 0
448 0 FT924-3514 0
448 0 FT924-385 0
448 0 FT924-4069 1
448 0 FT924-4157 0
448 0 FT924-42 0
448 0 FT924-4432 0
448 0 FT924-5039 0
448 0 FT924-5288 0
448 0 FT924-5735 0
448 0 FT924-6242 0
448 0 FT924-7151 0
448 0 FT924-7326 0
448 0 FT924-7520 0
448 0 FT924-8281 0
448 0 FT924-8833 0
448 0 FT924-8839 0
448 0 FT924-8993 0
448 0 FT924-9089 0
448 0 FT924-9390 0
448 0 FT924-9656 0
448 0 FT924-9738 0
448 0 FT931-10042 0
448 0 FT931-10068 0
448 0 FT931-10104 0
448 0 FT931-1056 0
448 0 FT931-10785 0
448 0 FT931-10799 0
448 0 FT931-10840 0
448 0 FT931-11105 0
448 0 FT931-11257 0
448 0 FT931-11440 0
448 0 FT931-11441 0
448 0 FT931-11712 0
448 0 FT931-11839 0
448 0 FT931-11886 0
448 0 FT931-11888 0
448 0 FT931-12007 0
448 0 FT931-12132 0
448 0 FT931-12404 0
448 0 FT931-12424 0
448 0 FT931-12442 0
448 0 FT931-12456 0
448 0 FT931-12524 0
448 0 FT931-13007 0
448 0 FT931-13725 0
448 0 FT931-13736 0
448 0 FT931-13755 1
448 0 FT931-14731 0
448 0 FT931-14982 0
448 0 FT931-15025 1
448 0 FT931-15040 0
448 0 FT931-15059 0
448 0 FT931-15089 0
448 0 FT931-15213 0
448 0 FT931-15214 0
448 0 FT931-15279 0
448 0 FT931-15302 0
448 0 FT931-1531 0
448 0 FT931-15376 0
448 0 FT931-15711 0
448 0 FT931-15751 0
448 0 FT931-15795 0
448 0 FT931-15812 0
448 0 FT931-16032 0
448 0 FT931-16200 0
448 0 FT931-16245 0
448 0 FT931-16363 0
448 0 FT931-16401 1
448 0 FT931-16402 0
448 0 FT931-16405 0
448 0 FT931-16587 0
448 0 FT931-16589 0
448 0 FT931-1828 0
448 0 FT931-1850 0
448 0 FT931-2057 0
448 0 FT931-2075 0
448 0 FT931-2374 0
448 0 FT931-2412 0
448 0 FT931-2532 0
448 0 FT931-2686 0
448 0 FT931-2882 0
448 0 FT931-2896 0
448 0 FT931-3032 0
448 0 FT931-3383 0
448 0 FT931-3603 0
448 0 FT931-370 0
448 0 FT931-377 0
448 0 FT931-415 0
448 0 FT931-4356 0
448 0 FT931-5697 0
448 0 FT931-5714 0
448 0 FT931-5756 0
448 0 FT931-577 0
448 0 FT931-5940 0
448 0 FT931-5989 0
448 0 FT931-6247 0
448 0 FT931-6263 0
448 0 FT931-6413 0
448 0 FT931-6467 0
448 0 FT931-6475 0
448 0 FT931-6508 0
448 0 FT931-6966 0
448 0 FT931-720 0
448 0 FT931-7328 0
448 0 FT931-7367 0
448 0 FT931-7404 0
448 0 FT931-7539 0
448 0 FT931-7645 0
448 0 FT931-7723 0
448 0 FT931-8080 0
448 0 FT931-8485 1
448 0 FT931-8873 0
448 0 FT931-9050 0
448 0 FT931-9413 0
448 0 FT931-9563 0
448 0 FT931-965 0
448 0 FT931-9749 0
448 0 FT931-9765 0
448 0 FT931-9791 0
448 0 FT932-10274 0
448 0 FT932-10445 0
448 0 FT932-10607 0
448 0 FT932-10801 0
448 0 FT932-1083 0
448 0 FT932-1084 0
448 0 FT932-1087 0
448 0 FT932-10916 0
448 0 FT932-10951 0
448 0 FT932-11196 0
448 0 FT932-1141 0
448 0 FT932-12009 0
448 0 FT932-1228 0
448 0 FT932-12299 0
448 0 FT932-12412 0
448 0 FT932-13525 0
448 0 FT932-13610 0
448 0 FT932-14010 0
448 0 FT932-14545 0
448 0 FT932-14792 0
448 0 FT932-15021 0
448 0 FT932-15302 0
448 0 FT932-15589 0
448 0 FT932-16212 0
448 0 FT932-16501 0
448 0 FT932-1654 0
448 0 FT932-1677 0
448 0 FT932-1684 0
448 0 FT932-16919 0
448 0 FT932-16987 0
448 0 FT932-17015 0
448 0 FT932-17312 0
448 0 FT932-1794 0
448 0 FT932-1915 0
448 0 FT932-1958 0
448 0 FT932-2419 0
448 0 FT932-2487 0
448 0 FT932-2526 0
448 0 FT932-2544 0
448 0 FT932-2632 0
448 0 FT932-2809 0
448 0 FT932-3784 0
448 0 FT932-3911 0
448 0 FT932-3923 0
448 0 FT932-4030 0
448 0 FT932-4255 0
448 0 FT932-4268 0
448 0 FT932-4503 0
448 0 FT932-4544 0
448 0 FT932-4583 0
448 0 FT932-4746 0
448 0 FT932-4966 0
448 0 FT932-5 0
448 0 FT932-5387 0
448 0 FT932-6352 0
448 0 FT932-676 0
448 0 FT932-7574 0
448 0 FT932-7653 0
448 0 FT932-7740 0
448 0 FT932-7820 0
448 0 FT932-8309 0
448 0 FT932-863 0
448 0 FT932-8787 0
448 0 FT932-8984 0
448 0 FT932-9348 0
448 0 FT933-1018 0
448 0 FT933-105 0
448 0 FT933-10525 0
448 0 FT933-1095 0
448 0 FT933-10988 0
448 0 FT933-1187 0
448 0 FT933-11911 0
448 0 FT933-12493 0
448 0 FT933-12646 0
448 0 FT933-13074 0
448 0 FT933-13236 0
448 0 FT933-13440 0
448 0 FT933-13695 0
448 0 FT933-13808 0
448 0 FT933-13864 0
448 0 FT933-13898 0
448 0 FT933-13912 0
448 0 FT933-14134 0
448 0 FT933-14142 0
448 0 FT933-14378 0
448 0 FT933-14598 0
448 0 FT933-14673 0
448 0 FT933-1476 0
448 0 FT933-14762 0
448 0 FT933-1483 0
448 0 FT933-15029 0
448 0 FT933-15576 0
448 0 FT933-15630 0
448 0 FT933-16427 0
448 0 FT933-1696 0
448 0 FT933-205 0
448 0 FT933-2407 0
448 0 FT933-3039 0
448 0 FT933-3274 0
448 0 FT933-3525 0
448 0 FT933-3715 0
448 0 FT933-3858 0
448 0 FT933-5563 0
448 0 FT933-5755 0
448 0 FT933-6159 0
448 0 FT933-6566 0
448 0 FT933-6678 0
448 0 FT933-714 0
448 0 FT933-736 0
448 0 FT933-7428 0
448 0 FT933-7505 0
448 0 FT933-7612 0
448 0 FT933-7775 0
448 0 FT933-7977 0
448 0 FT933-8939 0
448 0 FT933-9121 0
448 0 FT933-9178 0
448 0 FT933-9274 0
448 0 FT934-10042 0
448 0 FT934-10961 0
448 0 FT934-11109 0
448 0 FT934-11350 0
448 0 FT934-11352 0
448 0 FT934-11364 0
448 0 FT934-11565 0
448 0 FT934-13201 0
448 0 FT934-13230 0
448 0 FT934-13343 0
448 0 FT934-1403 1
448 0 FT934-14599 0
448 0 FT934-15077 0
448 0 FT934-15121 0
448 0 FT934-15234 0
448 0 FT934-15292 0
448 0 FT934-15612 0
448 0 FT934-15867 0
448 0 FT934-15943 0
448 0 FT934-15978 0
448 0 FT934-1643 0
448 0 FT934-17220 0
448 0 FT934-17223 0
448 0 FT934-17269 0
448 0 FT934-2386 0
448 0 FT934-2742 0
448 0 FT934-2802 0
448 0 FT934-2818 0
448 0 FT934-3271 0
448 0 FT934-3371 0
448 0 FT934-4404 0
448 0 FT934-4487 0
448 0 FT934-4721 0
448 0 FT934-48 0
448 0 FT934-5293 0
448 0 FT934-5544 0
448 0 FT934-6045 0
448 0 FT934-6146 0
448 0 FT934-6249 0
448 0 FT934-7434 0
448 0 FT934-7455 0
448 0 FT934-7639 0
448 0 FT934-7650 0
448 0 FT934-860 0
448 0 FT934-8644 0
448 0 FT934-8714 0
448 0 FT934-9395 0
448 0 FT934-9751 0
448 0 FT941-10475 0
448 0 FT941-10669 0
448 0 FT941-10673 0
448 0 FT941-10825 0
448 0 FT941-1111 0
448 0 FT941-1119 0
448 0 FT941-1121 0
448 0 FT941-11665 0
448 0 FT941-12024 0
448 0 FT941-12677 0
448 0 FT941-12771 0
448 0 FT941-1329 0
448 0 FT941-13388 0
448 0 FT941-1347 0
448 0 FT941-13528 0
448 0 FT941-14248 0
448 0 FT941-14331 0
448 0 FT941-1485 0
448 0 FT941-14891 0
448 0 FT941-15761 0
448 0 FT941-16080 0
448 0 FT941-16360 0
448 0 FT941-17394 0
448 0 FT941-17399 0
448 0 FT941-1932 0
448 0 FT941-2781 0
448 0 FT941-2883 0
448 0 FT941-3515 0
448 0 FT941-365 0
448 0 FT941-3675 0
448 0 FT941-3832 0
448 0 FT941-4108 0
448 0 FT941-4272 0
448 0 FT941-4797 0
448 0 FT941-5205 0
448 0 FT941-5370 0
448 0 FT941-5732 0
448 0 FT941-576 0
448 0 FT941-5806 0
448 0 FT941-619 0
448 0 FT941-6227 0
448 0 FT941-6405 0
448 0 FT941-6484 0
448 0 FT941-6761 0
448 0 FT941-6961 0
448 0 FT941-7443 0
448 0 FT941-8622 0
448 0 FT941-9038 0
448 0 FT941-9569 0
448 0 FT941-9637 0
448 0 FT941-9916 0
448 0 FT941-9950 0
448 0 FT941-9968 0
448 0 FT942-10043 0
448 0 FT942-1007 0
448 0 FT942-10137 0
448 0 FT942-10443 0
448 0 FT942-1087 0
448 0 FT942-11110 0
448 0 FT942-11113 0
448 0 FT942-11130 0
448 0 FT942-11139 0
448 0 FT942-1121 0
448 0 FT942-11464 0
448 0 FT942-1166 0
448 0 FT942-12176 0
448 0 FT942-12225 0
448 0 FT942-12424 0
448 0 FT942-1248 0
448 0 FT942-1261 0
448 0 FT942-13087 0
448 0 FT942-13229 0
448 0 FT942-13340 0
448 0 FT942-13447 0
448 0 FT942-13945 0
448 0 FT942-14056 0
448 0 FT942-14636 0
448 0 FT942-14683 0
448 0 FT942-14690 0
448 0 FT942-15013 0
448 0 FT942-15544 0
448 0 FT942-15801 0
448 0 FT942-16950 0
448 0 FT942-1994 0
448 0 FT942-3243 0
448 0 FT942-3276 0
448 0 FT942-3463 0
448 0 FT942-3986 0
448 0 FT942-4077 0
448 0 FT942-47 0
448 0 FT942-5524 0
448 0 FT942-6279 0
448 0 FT942-6380 0
448 0 FT942-6629 0
448 0 FT942-6794 0
448 0 FT942-6825 0
448 0 FT942-7428 0
448 0 FT942-7648 0
448 0 FT942-8299 0
448 0 FT942-838 0
448 0 FT942-8493 0
448 0 FT942-8629 0
448 0 FT942-8630 0
448 0 FT942-8946 0
448 0 FT942-9027 0
448 0 FT942-9068 0
448 0 FT943-10199 0
448 0 FT943-10598 0
448 0 FT943-11468 0
448 0 FT943-12268 0
448 0 FT943-1246 0
448 0 FT943-12921 0
448 0 FT943-1299 0
448 0 FT943-130 0
448 0 FT943-13259 0
448 0 FT943-13376 0
448 0 FT943-13496 0
448 0 FT943-13641 0
448 0 FT943-13647 0
448 0 FT943-13889 0
448 0 FT943-14303 0
448 0 FT943-14374 0
448 0 FT943-14517 0
448 0 FT943-14656 0
448 0 FT943-14658 0
448 0 FT943-1470 0
448 0 FT943-15047 0
448 0 FT943-15224 0
448 0 FT943-1589 0
448 0 FT943-16406 0
448 0 FT943-16831 0
448 0 FT943-1971 0
448 0 FT943-2356 0
448 0 FT943-2377 0
448 0 FT943-2723 0
448 0 FT943-2943 0
448 0 FT943-3202 0
448 0 FT943-3240 0
448 0 FT943-3250 0
448 0 FT943-339 0
448 0 FT943-3400 0
448 0 FT943-3410 0
448 0 FT943-3460 0
448 0 FT943-3561 0
448 0 FT943-3611 0
448 0 FT943-3717 0
448 0 FT943-3781 0
448 0 FT943-3954 0
448 0 FT943-4169 0
448 0 FT943-4414 0
448 0 FT943-4586 0
448 0 FT943-4907 0
448 0 FT943-5209 0
448 0 FT943-5292 0
448 0 FT943-535 0
448 0 FT943-539 0
448 0 FT943-5477 0
448 0 FT943-569 0
448 0 FT943-6374 0
448 0 FT943-6917 0
448 0 FT943-7036 0
448 0 FT943-7193 0
448 0 FT943-73 0
448 0 FT943-7386 0
448 0 FT943-7523 0
448 0 FT943-7551 0
448 0 FT943-7701 0
448 0 FT943-7939 0
448 0 FT943-7978 0
448 0 FT943-8029 0
448 0 FT943-8081 0
448 0 FT943-8290 0
448 0 FT943-8305 0
448 0 FT943-85 0
448 0 FT943-8612 0
448 0 FT943-8618 0
448 0 FT943-8749 0
448 0 FT943-8781 0
448 0 FT943-9334 0
448 0 FT944-10109 0
448 0 FT944-10138 0
448 0 FT944-10329 0
448 0 FT944-10611 0
448 0 FT944-10687 0
448 0 FT944-10853 0
448 0 FT944-11048 0
448 0 FT944-11191 0
448 0 FT944-11199 0
448 0 FT944-1131 0
448 0 FT944-11665 0
448 0 FT944-11828 0
448 0 FT944-11878 0
448 0 FT944-12428 0
448 0 FT944-12676 0
448 0 FT944-12735 0
448 0 FT944-13729 0
448 0 FT944-14360 0
448 0 FT944-14594 0
448 0 FT944-14691 0
448 0 FT944-14797 0
448 0 FT944-15006 0
448 0 FT944-15057 0
448 0 FT944-15661 1
448 0 FT944-16130 0
448 0 FT944-16238 0
448 0 FT944-1624 1
448 0 FT944-16372 0
448 0 FT944-16485 0
448 0 FT944-16644 0
448 0 FT944-16648 0
448 0 FT944-16767 0
448 0 FT944-17306 0
448 0 FT944-17680 0
448 0 FT944-17957 0
448 0 FT944-17958 1
448 0 FT944-18204 0
448 0 FT944-18221 0
448 0 FT944-18281 0
448 0 FT944-18479 1
448 0 FT944-18592 1
448 0 FT944-18870 0
448 0 FT944-18877 1
448 0 FT944-2124 0
448 0 FT944-2211 0
448 0 FT944-2256 0
448 0 FT944-2267 0
448 0 FT944-2339 0
448 0 FT944-2383 0
448 0 FT944-2437 0
448 0 FT944-2545 0
448 0 FT944-2697 0
448 0 FT944-2708 0
448 0 FT944-2780 0
448 0 FT944-302 0
448 0 FT944-3635 0
448 0 FT944-4754 0
448 0 FT944-4868 0
448 0 FT944-4933 0
448 0 FT944-5084 0
448 0 FT944-5569 0
448 0 FT944-5860 0
448 0 FT944-589 0
448 0 FT944-6156 0
448 0 FT944-6361 0
448 0 FT944-6974 0
448 0 FT944-708 0
448 0 FT944-7910 0
448 0 FT944-8818 0
448 0 FT944-8861 0
448 0 FT944-8975 0
448 0 FT944-9735 0
448 0 LA010189-0064 0
448 0 LA010490-0001 0
448 0 LA010490-0002 0
448 0 LA010490-0003 0
448 0 LA010490-0004 0
448 0 LA010490-0005 0
448 0 LA010490-0006 0
448 0 LA010490-0007 0
448 0 LA010490-0008 0
448 0 LA010490-0009 0
448 0 LA010490-0010 0
448 0 LA010490-0011 0
448 0 LA010490-0012 0
448 0 LA010490-0013 0
448 0 LA010490-0014 0
448 0 LA010490-0015 0
448 0 LA010490-0016 0
448 0 LA010490-0017 0
448 0 LA010490-0018 0
448 0 LA010490-0019 0
448 0 LA010490-0020 0
448 0 LA010490-0021 0
448 0 LA010490-0022 0
448 0 LA010490-0023 0
448 0 LA010490-0024 0
448 0 LA010490-0025 0
448 0 LA010490-0026 0
448 0 LA010490-0027 0
448 0 LA010490-0028 0
448 0 LA010490-0029 0
448 0 LA010490-0030 0
448 0 LA010490-0031 0
448 0 LA010490-0032 0
448 0 LA010490-0033 0
448 0 LA010490-0034 0
448 0 LA010490-0035 0
448 0 LA010490-0036 0
448 0 LA010490-0037 0
448 0 LA010490-0038 0
448 0 LA010490-0039 0
448 0 LA010490-0040 0
448 0 LA010490-0041 0
448 0 LA010490-0042 0
448 0 LA010490-0043 0
448 0 LA010490-0044 0
448 0 LA010490-0045 0
448 0 LA010490-0046 0
448 0 LA010490-0047 0
448 0 LA010490-0048 0
448 0 LA010490-0049 0
448 0 LA010490-0050 0
448 0 LA010490-0051 0
448 0 LA010490-0052 0
448 0 LA010490-0053 0
448 0 LA010490-0054 0
448 0 LA010490-0055 0
448 0 LA010490-0056 0
448 0 LA010490-0057 0
448 0 LA010490-0058 0
448 0 LA010490-0059 0
448 0 LA010490-0060 0
448 0 LA010490-0061 0
448 0 LA010490-0062 0
448 0 LA010490-0063 0
448 0 LA010490-0064 0
448 0 LA010490-0065 0
448 0 LA010490-0066 0
448 0 LA010490-0067 0
448 0 LA010589-0124 1
448 0 LA010689-0041 1
448 0 LA010690-0049 0
448 0 LA010790-0153 0
448 0 LA011890-0181 0
448 0 LA011990-0052 0
448 0 LA012489-0058 0
448 0 LA012590-0026 0
448 0 LA012789-0151 0
448 0 LA012790-0001 0
448 0 LA020190-0137 0
448 0 LA020289-0019 0
448 0 LA020290-0141 0
448 0 LA020389-0037 0
448 0 LA020490-0186 0
448 0 LA020590-0044 0
448 0 LA020590-0068 0
448 0 LA020590-0108 0
448 0 LA020689-0030 0
448 0 LA020690-0103 0
448 0 LA020890-0204 0
448 0 LA020990-0083 0
448 0 LA020990-0084 0
448 0 LA021089-0082 0
448 0 LA021190-0052 0
448 0 LA021190-0068 0
448 0 LA021190-0190 0
448 0 LA021289-0059 0
448 0 LA021390-0034 0
448 0 LA021390-0063 0
448 0 LA021690-0119 0
448 0 LA021889-0042 0
448 0 LA021890-0047 0
448 0 LA021890-0119 0
448 0 LA021890-0175 0
448 0 LA021890-0203 0
448 0 LA021989-0085 0
448 0 LA021989-0130 0
448 0 LA022290-0053 0
448 0 LA022290-0148 0
448 0 LA022390-0145 0
448 0 LA022689-0005 0
448 0 LA022689-0155 0
448 0 LA030289-0006 0
448 0 LA030390-0022 0
448 0 LA030589-0046 0
448 0 LA030589-0068 0
448 0 LA030589-0073 1
448 0 LA030589-0135 0
448 0 LA030889-0122 0
448 0 LA031189-0102 0
448 0 LA031190-0198 0
448 0 LA031289-0203 0
448 0 LA031789-0132 0
448 0 LA031890-0181 0
448 0 LA031989-0174 0
448 0 LA032189-0106 0
448 0 LA032289-0054 0
448 0 LA032389-0011 0
448 0 LA032490-0126 0
448 0 LA032490-0127 0
448 0 LA032789-0096 0
448 0 LA032890-0022 0
448 0 LA032890-0046 0
448 0 LA032989-0052 0
448 0 LA032990-0029 0
448 0 LA033089-0153 0
448 0 LA033090-0086 0
448 0 LA040190-0039 0
448 0 LA040289-0036 0
448 0 LA040289-0164 0
448 0 LA040389-0101 0
448 0 LA040490-0124 0
448 0 LA040589-0080 0
448 0 LA040590-0010 0
448 0 LA040590-0149 0
448 0 LA040590-0192 0
448 0 LA040689-0056 0
448 0 LA040690-0151 0
448 0 LA040889-0048 0
448 0 LA040890-0070 0
448 0 LA040890-0160 0
448 0 LA040989-0122 0
448 0 LA040990-0072 0
448 0 LA040990-0103 0
448 0 LA041189-0032 0
448 0 LA041290-0102 0
448 0 LA041389-0012 0
448 0 LA041689-0032 0
448 0 LA041989-0067 0
448 0 LA042089-0156 0
448 0 LA042389-0098 0
448 0 LA042489-0051 0
448 0 LA042490-0161 0
448 0 LA042690-0256 0
448 0 LA042889-0161 0
448 0 LA050289-0080 0
448 0 LA050289-0149 0
448 0 LA050290-0025 0
448 0 LA050389-0071 0
448 0 LA050490-0044 0
448 0 LA050490-0056 1
448 0 LA050490-0107 0
448 0 LA050589-0007 0
448 0 LA050590-0111 0
448 0 LA050689-0101 0
448 0 LA050690-0095 0
448 0 LA050889-0087 0
448 0 LA050990-0004 0
448 0 LA051089-0007 0
448 0 LA051090-0071 0
448 0 LA051090-0143 0
448 0 LA051189-0060 0
448 0 LA051489-0195 0
448 0 LA051490-0001 0
448 0 LA051690-0152 0
448 0 LA051789-0047 0
448 0 LA052189-0055 0
448 0 LA052189-0110 0
448 0 LA052190-0072 0
448 0 LA052390-0009 0
448 0 LA052489-0093 0
448 0 LA052490-0022 0
448 0 LA052590-0001 0
448 0 LA052689-0008 0
448 0 LA052689-0073 0
448 0 LA052990-0048 0
448 0 LA053089-0040 0
448 0 LA053190-0084 0
448 0 LA060189-0027 0
448 0 LA060289-0032 0
448 0 LA060390-0001 0
448 0 LA060390-0078 0
448 0 LA060390-0084 0
448 0 LA060390-0223 0
448 0 LA060489-0055 0
448 0 LA060589-0054 0
448 0 LA060689-0099 0
448 0 LA060889-0055 0
448 0 LA060989-0136 0
448 0 LA061089-0042 0
448 0 LA061189-0160 0
448 0 LA061189-0205 0
448 0 LA061190-0038 0
448 0 LA061190-0043 0
448 0 LA061190-0059 0
448 0 LA061190-0061 0
448 0 LA061190-0090 0
448 0 LA061290-0030 0
448 0 LA061389-0048 0
448 0 LA061390-0005 0
448 0 LA061589-0141 0
448 0 LA061789-0033 0
448 0 LA061889-0115 0
448 0 LA062090-0036 0
448 0 LA062189-0089 0
448 0 LA062190-0113 0
448 0 LA062289-0126 0
448 0 LA062290-0052 0
448 0 LA062290-0070 0
448 0 LA062389-0042 0
448 0 LA062490-0048 0
448 0 LA062490-0201 0
448 0 LA062589-0028 0
448 0 LA062589-0156 0
448 0 LA062689-0002 0
448 0 LA062689-0009 0
448 0 LA062789-0100 0
448 0 LA062889-0066 0
448 0 LA062990-0117 0
448 0 LA063090-0073 0
448 0 LA070189-0070 0
448 0 LA070189-0142 0
448 0 LA070289-0026 0
448 0 LA070389-0015 0
448 0 LA070589-0011 0
448 0 LA070589-0091 0
448 0 LA070590-0150 0
448 0 LA070689-0088 0
448 0 LA070690-0040 0
448 0 LA070889-0002 0
448 0 LA070889-0011 0
448 0 LA070890-0209 0
448 0 LA071189-0127 0
448 0 LA071190-0013 0
448 0 LA071190-0016 0
448 0 LA071289-0091 0
448 0 LA071390-0071 0
448 0 LA071789-0040 0
448 0 LA071789-0059 0
448 0 LA071790-0136 0
448 0 LA071889-0013 0
448 0 LA071989-0101 0
448 0 LA071990-0205 0
448 0 LA072089-0082 0
448 0 LA072089-0085 0
448 0 LA072190-0078 0
448 0 LA072489-0054 0
448 0 LA072689-0101 0
448 0 LA072790-0075 0
448 0 LA072889-0090 0
448 0 LA072989-0035 0
448 0 LA072990-0024 0
448 0 LA073089-0061 0
448 0 LA073090-0048 0
448 0 LA073189-0093 0
448 0 LA073190-0127 0
448 0 LA080289-0005 0
448 0 LA080690-0029 0
448 0 LA080789-0091 0
448 0 LA080890-0060 0
448 0 LA080990-0094 0
448 0 LA081089-0114 0
448 0 LA081290-0041 0
448 0 LA081290-0110 0
448 0 LA081389-0033 0
448 0 LA081390-0035 0
448 0 LA081590-0001 0
448 0 LA081590-0073 0
448 0 LA081590-0093 0
448 0 LA081690-0059 0
448 0 LA081690-0073 0
448 0 LA081690-0074 0
448 0 LA081789-0019 0
448 0 LA081789-0208 0
448 0 LA081790-0101 0
448 0 LA081790-0195 0
448 0 LA081890-0012 0
448 0 LA081989-0093 0
448 0 LA082089-0053 0
448 0 LA082090-0120 0
448 0 LA082389-0064 0
448 0 LA082690-0119 1
448 0 LA082690-0123 0
448 0 LA083089-0060 0
448 0 LA090390-0040 0
448 0 LA090390-0077 0
448 0 LA090390-0085 0
448 0 LA090489-0045 0
448 0 LA090490-0123 0
448 0 LA090690-0002 0
448 0 LA090690-0071 0
448 0 LA090690-0094 0
448 0 LA090789-0166 0
448 0 LA090790-0008 0
448 0 LA090889-0022 0
448 0 LA090989-0085 0
448 0 LA090990-0039 0
448 0 LA090990-0119 0
448 0 LA090990-0124 0
448 0 LA091089-0095 0
448 0 LA091090-0071 0
448 0 LA091189-0045 0
448 0 LA091189-0050 0
448 0 LA091189-0051 0
448 0 LA091190-0052 0
448 0 LA091290-0003 0
448 0 LA092089-0014 0
448 0 LA092090-0006 0
448 0 LA092189-0225 0
448 0 LA092289-0089 0
448 0 LA092389-0056 0
448 0 LA092389-0155 0
448 0 LA092390-0059 0
448 0 LA092390-0183 0
448 0 LA092390-0218 0
448 0 LA092489-0033 0
448 0 LA092489-0049 0
448 0 LA092489-0143 0
448 0 LA092590-0070 0
448 0 LA092889-0093 0
448 0 LA092889-0202 0
448 0 LA093090-0088 0
448 0 LA100189-0060 0
448 0 LA100189-0062 0
448 0 LA100189-0095 0
448 0 LA100290-0004 0
448 0 LA100290-0161 0
448 0 LA100390-0046 0
448 0 LA100390-0118 0
448 0 LA100589-0136 0
448 0 LA100589-0202 0
448 0 LA100590-0178 0
448 0 LA100889-0155 0
448 0 LA100890-0072 0
448 0 LA100990-0061 0
448 0 LA101190-0007 0
448 0 LA101190-0091 0
448 0 LA101289-0146 1
448 0 LA101390-0102 0
448 0 LA101589-0073 0
448 0 LA101589-0082 0
448 0 LA101589-0180 0
448 0 LA101690-0096 0
448 0 LA101789-0068 0
448 0 LA102089-0107 0
448 0 LA102089-0163 0
448 0 LA102090-0023 0
448 0 LA102090-0035 0
448 0 LA102190-0154 0
448 0 LA102289-0104 0
448 0 LA102290-0046 0
448 0 LA102389-0100 0
448 0 LA102390-0059 0
448 0 LA102390-0139 0
448 0 LA102490-0101 0
448 0 LA102690-0116 0
448 0 LA102690-0158 0
448 0 LA102690-0198 0
448 0 LA102789-0141 0
448 0 LA102890-0026 0
448 0 LA102890-0046 0
448 0 LA102989-0160 0
448 0 LA102989-0162 0
448 0 LA102989-0165 0
448 0 LA102989-0209 0
448 0 LA102990-0095 0
448 0 LA103190-0052 0
448 0 LA110189-0021 0
448 0 LA110190-0244 0
448 0 LA110289-0214 0
448 0 LA110390-0011 0
448 0 LA110689-0100 0
448 0 LA110789-0044 0
448 0 LA110890-0120 0
448 0 LA111089-0022 0
448 0 LA111090-0016 0
448 0 LA111190-0047 1
448 0 LA111289-0106 0
448 0 LA111289-0197 0
448 0 LA111389-0007 0
448 0 LA111489-0144 0
448 0 LA111489-0146 0
448 0 LA111690-0084 0
448 0 LA111889-0101 0
448 0 LA111889-0112 0
448 0 LA111890-0085 0
448 0 LA111890-0123 0
448 0 LA111890-0257 0
448 0 LA111989-0086 0
448 0 LA111990-0047 0
448 0 LA112189-0107 0
448 0 LA112289-0037 0
448 0 LA112290-0068 0
448 0 LA112389-0014 0
448 0 LA112489-0060 0
448 0 LA112489-0069 0
448 0 LA112489-0092 0
448 0 LA112490-0090 0
448 0 LA112590-0021 0
448 0 LA112590-0223 0
448 0 LA112690-0071 0
448 0 LA112790-0112 0
448 0 LA112790-0151 0
448 0 LA112790-0153 0
448 0 LA112889-0013 0
448 0 LA112990-0096 0
448 0 LA120290-0076 0
448 0 LA120389-0052 0
448 0 LA120389-0130 0
448 0 LA120389-0161 0
448 0 LA120389-0164 0
448 0 LA120389-0240 0
448 0 LA120390-0022 0
448 0 LA120489-0045 0
448 0 LA121089-0041 0
448 0 LA121089-0228 0
448 0 LA121190-0023 0
448 0 LA121190-0083 0
448 0 LA121289-0071 0
448 0 LA121489-0152 0
448 0 LA121690-0065 0
448 0 LA121890-0080 0
448 0 LA121890-0104 0
448 0 LA121989-0059 0
448 0 LA121990-0075 0
448 0 LA122089-0059 0
448 0 LA122089-0156 0
448 0 LA122189-0006 0
448 0 LA122190-0050 0
448 0 LA122289-0116 0
448 0 LA122290-0084 0
448 0 LA122390-0159 0
448 0 LA122489-0041 0
448 0 LA122489-0136 0
448 0 LA122490-0038 0
448 0 LA122589-0032 1
448 0 LA122590-0013 0
448 0 LA122590-0070 0
448 0 LA122689-0085 0
448 0 LA122789-0007 0
448 0 LA122789-0061 0
448 0 LA123089-0113 0
448 0 LA123089-0140 0
448 0 LA123189-0038 0
448 0 LA123189-0120 0
448 0 LA123190-0041 0
448 0 LA123190-0063 0
