413 0 FBIS3-10291 0
413 0 FBIS3-10650 0
413 0 FBIS3-11189 0
413 0 FBIS3-13309 0
413 0 FBIS3-13526 0
413 0 FBIS3-14832 0
413 0 FBIS3-1629 0
413 0 FBIS3-1771 0
413 0 FBIS3-1790 0
413 0 FBIS3-1850 0
413 0 FBIS3-2005 0
413 0 FBIS3-20169 0
413 0 FBIS3-20418 0
413 0 FBIS3-20511 0
413 0 FBIS3-20526 0
413 0 FBIS3-20565 0
413 0 FBIS3-20638 0
413 0 FBIS3-20667 0
413 0 FBIS3-20797 0
413 0 FBIS3-20964 0
413 0 FBIS3-21061 0
413 0 FBIS3-21134 0
413 0 FBIS3-21193 0
413 0 FBIS3-21203 0
413 0 FBIS3-21211 0
413 0 FBIS3-21213 1
413 0 FBIS3-21219 1
413 0 FBIS3-21255 0
413 0 FBIS3-21262 0
413 0 FBIS3-21263 0
413 0 FBIS3-21265 0
413 0 FBIS3-21267 0
413 0 FBIS3-21269 1
413 0 FBIS3-21335 0
413 0 FBIS3-21356 0
413 0 FBIS3-23561 0
413 0 FBIS3-23603 0
413 0 FBIS3-23841 0
413 0 FBIS3-23945 0
413 0 FBIS3-24260 0
413 0 FBIS3-24265 0
413 0 FBIS3-24372 0
413 0 FBIS3-24463 0
413 0 FBIS3-24557 0
413 0 FBIS3-24648 0
413 0 FBIS3-24653 0
413 0 FBIS3-24654 0
413 0 FBIS3-2486 0
413 0 FBIS3-25815 0
413 0 FBIS3-25901 0
413 0 FBIS3-25902 0
413 0 FBIS3-26161 0
413 0 FBIS3-26252 0
413 0 FBIS3-26474 0
413 0 FBIS3-26617 0
413 0 FBIS3-29 0
413 0 FBIS3-29448 0
413 0 FBIS3-29824 0
413 0 FBIS3-31719 0
413 0 FBIS3-3252 0
413 0 FBIS3-33912 0
413 0 FBIS3-33991 0
413 0 FBIS3-36078 0
413 0 FBIS3-37947 0
413 0 FBIS3-38363 0
413 0 FBIS3-38447 0
413 0 FBIS3-3892 0
413 0 FBIS3-39329 0
413 0 FBIS3-39332 0
413 0 FBIS3-40068 0
413 0 FBIS3-40093 0
413 0 FBIS3-40131 0
413 0 FBIS3-40136 0
413 0 FBIS3-40328 0
413 0 FBIS3-40340 0
413 0 FBIS3-40495 0
413 0 FBIS3-40551 0
413 0 FBIS3-4065 0
413 0 FBIS3-40700 0
413 0 FBIS3-40705 0
413 0 FBIS3-41126 0
413 0 FBIS3-41650 1
413 0 FBIS3-41662 0
413 0 FBIS3-41725 0
413 0 FBIS3-42399 0
413 0 FBIS3-42400 0
413 0 FBIS3-42459 0
413 0 FBIS3-42519 0
413 0 FBIS3-42620 0
413 0 FBIS3-42625 0
413 0 FBIS3-42726 0
413 0 FBIS3-42818 1
413 0 FBIS3-42971 0
413 0 FBIS3-42974 0
413 0 FBIS3-43012 0
413 0 FBIS3-43068 0
413 0 FBIS3-43116 0
413 0 FBIS3-43120 0
413 0 FBIS3-43136 1
413 0 FBIS3-43160 0
413 0 FBIS3-43166 0
413 0 FBIS3-43170 0
413 0 FBIS3-43174 0
413 0 FBIS3-43190 1
413 0 FBIS3-43214 0
413 0 FBIS3-43220 0
413 0 FBIS3-44556 0
413 0 FBIS3-44757 0
413 0 FBIS3-44973 0
413 0 FBIS3-44990 0
413 0 FBIS3-45053 0
413 0 FBIS3-45056 0
413 0 FBIS3-45247 0
413 0 FBIS3-45645 0
413 0 FBIS3-45763 0
413 0 FBIS3-46142 0
413 0 FBIS3-46614 0
413 0 FBIS3-46832 0
413 0 FBIS3-47268 0
413 0 FBIS3-48210 0
413 0 FBIS3-50971 0
413 0 FBIS3-5369 0
413 0 FBIS3-54460 0
413 0 FBIS3-54461 0
413 0 FBIS3-54961 0
413 0 FBIS3-5533 0
413 0 FBIS3-55947 0
413 0 FBIS3-56710 0
413 0 FBIS3-56773 0
413 0 FBIS3-5782 0
413 0 FBIS3-59315 0
413 0 FBIS3-59343 0
413 0 FBIS3-59357 0
413 0 FBIS3-59401 0
413 0 FBIS3-59615 0
413 0 FBIS3-59635 0
413 0 FBIS3-59769 0
413 0 FBIS3-59791 0
413 0 FBIS3-60336 0
413 0 FBIS3-60340 0
413 0 FBIS3-60342 0
413 0 FBIS3-60343 0
413 0 FBIS3-60427 0
413 0 FBIS3-61084 0
413 0 FBIS3-61115 0
413 0 FBIS3-61228 0
413 0 FBIS3-61249 0
413 0 FBIS3-61257 0
413 0 FBIS3-61300 0
413 0 FBIS3-61335 0
413 0 FBIS3-61336 0
413 0 FBIS3-61369 0
413 0 FBIS3-61425 0
413 0 FBIS3-6487 0
413 0 FBIS3-67 1
413 0 FBIS3-6714 0
413 0 FBIS3-6884 0
413 0 FBIS3-7079 0
413 0 FBIS3-7154 0
413 0 FBIS3-8297 0
413 0 FBIS3-9884 0
413 0 FBIS4-15413 0
413 0 FBIS4-1664 0
413 0 FBIS4-17337 0
413 0 FBIS4-1844 0
413 0 FBIS4-1862 0
413 0 FBIS4-1866 0
413 0 FBIS4-20414 0
413 0 FBIS4-20473 0
413 0 FBIS4-20477 0
413 0 FBIS4-2052 0
413 0 FBIS4-20569 0
413 0 FBIS4-20680 0
413 0 FBIS4-20703 0
413 0 FBIS4-20704 0
413 0 FBIS4-20762 0
413 0 FBIS4-20794 0
413 0 FBIS4-2111 0
413 0 FBIS4-21379 0
413 0 FBIS4-21487 0
413 0 FBIS4-22296 0
413 0 FBIS4-22351 0
413 0 FBIS4-22518 0
413 0 FBIS4-22542 0
413 0 FBIS4-22629 0
413 0 FBIS4-22632 0
413 0 FBIS4-22827 0
413 0 FBIS4-22834 0
413 0 FBIS4-22897 0
413 0 FBIS4-23084 0
413 0 FBIS4-23114 0
413 0 FBIS4-23131 0
413 0 FBIS4-2322 0
413 0 FBIS4-24436 0
413 0 FBIS4-24660 0
413 0 FBIS4-24785 0
413 0 FBIS4-24808 0
413 0 FBIS4-25085 0
413 0 FBIS4-25236 0
413 0 FBIS4-25324 0
413 0 FBIS4-25453 0
413 0 FBIS4-25512 0
413 0 FBIS4-25528 0
413 0 FBIS4-25607 0
413 0 FBIS4-25647 0
413 0 FBIS4-26422 1
413 0 FBIS4-27300 0
413 0 FBIS4-2770 0
413 0 FBIS4-28315 0
413 0 FBIS4-28775 0
413 0 FBIS4-3100 0
413 0 FBIS4-31028 0
413 0 FBIS4-31032 0
413 0 FBIS4-31746 0
413 0 FBIS4-3244 0
413 0 FBIS4-33295 0
413 0 FBIS4-33740 0
413 0 FBIS4-33792 0
413 0 FBIS4-38 0
413 0 FBIS4-38963 0
413 0 FBIS4-39654 0
413 0 FBIS4-4067 0
413 0 FBIS4-42080 0
413 0 FBIS4-42170 0
413 0 FBIS4-43915 0
413 0 FBIS4-44 0
413 0 FBIS4-44415 0
413 0 FBIS4-44772 0
413 0 FBIS4-44777 0
413 0 FBIS4-44833 0
413 0 FBIS4-44892 0
413 0 FBIS4-44906 0
413 0 FBIS4-45031 0
413 0 FBIS4-45041 0
413 0 FBIS4-45120 0
413 0 FBIS4-45690 0
413 0 FBIS4-45781 0
413 0 FBIS4-45794 0
413 0 FBIS4-46469 0
413 0 FBIS4-46649 0
413 0 FBIS4-46684 0
413 0 FBIS4-46698 0
413 0 FBIS4-46704 0
413 0 FBIS4-46752 0
413 0 FBIS4-46847 0
413 0 FBIS4-47016 0
413 0 FBIS4-47330 0
413 0 FBIS4-47441 0
413 0 FBIS4-47599 0
413 0 FBIS4-47602 0
413 0 FBIS4-47605 0
413 0 FBIS4-47609 0
413 0 FBIS4-49198 0
413 0 FBIS4-49245 0
413 0 FBIS4-49457 0
413 0 FBIS4-49580 0
413 0 FBIS4-49832 0
413 0 FBIS4-50195 0
413 0 FBIS4-50222 0
413 0 FBIS4-50519 0
413 0 FBIS4-50767 0
413 0 FBIS4-50901 0
413 0 FBIS4-51002 0
413 0 FBIS4-51194 0
413 0 FBIS4-51260 0
413 0 FBIS4-51773 0
413 0 FBIS4-51880 0
413 0 FBIS4-52037 0
413 0 FBIS4-52038 0
413 0 FBIS4-52041 0
413 0 FBIS4-52513 0
413 0 FBIS4-5296 0
413 0 FBIS4-53435 0
413 0 FBIS4-53436 0
413 0 FBIS4-5349 0
413 0 FBIS4-53872 1
413 0 FBIS4-53873 0
413 0 FBIS4-54624 0
413 0 FBIS4-54626 0
413 0 FBIS4-5590 0
413 0 FBIS4-56326 0
413 0 FBIS4-56568 0
413 0 FBIS4-57433 0
413 0 FBIS4-58121 0
413 0 FBIS4-58298 0
413 0 FBIS4-5860 0
413 0 FBIS4-58609 0
413 0 FBIS4-58740 0
413 0 FBIS4-59415 0
413 0 FBIS4-60253 0
413 0 FBIS4-60897 0
413 0 FBIS4-61193 0
413 0 FBIS4-63354 0
413 0 FBIS4-64195 0
413 0 FBIS4-66158 0
413 0 FBIS4-66160 0
413 0 FBIS4-66187 0
413 0 FBIS4-66188 0
413 0 FBIS4-66195 0
413 0 FBIS4-66205 0
413 0 FBIS4-66210 0
413 0 FBIS4-66234 0
413 0 FBIS4-66255 0
413 0 FBIS4-66257 0
413 0 FBIS4-66258 0
413 0 FBIS4-66278 0
413 0 FBIS4-66281 0
413 0 FBIS4-66298 0
413 0 FBIS4-66399 0
413 0 FBIS4-66401 0
413 0 FBIS4-66404 0
413 0 FBIS4-66426 0
413 0 FBIS4-66427 0
413 0 FBIS4-66436 1
413 0 FBIS4-66442 0
413 0 FBIS4-66460 0
413 0 FBIS4-66587 0
413 0 FBIS4-66611 0
413 0 FBIS4-66882 0
413 0 FBIS4-67388 0
413 0 FBIS4-67393 0
413 0 FBIS4-67400 1
413 0 FBIS4-67498 0
413 0 FBIS4-67533 0
413 0 FBIS4-67594 0
413 0 FBIS4-67659 0
413 0 FBIS4-67744 0
413 0 FBIS4-68219 0
413 0 FBIS4-68275 0
413 0 FBIS4-68337 0
413 0 FBIS4-68349 0
413 0 FBIS4-68385 0
413 0 FBIS4-68435 0
413 0 FBIS4-68487 0
413 0 FBIS4-68582 0
413 0 FBIS4-68593 0
413 0 FBIS4-68606 0
413 0 FBIS4-68611 0
413 0 FBIS4-68651 0
413 0 FBIS4-68702 0
413 0 FBIS4-68718 0
413 0 FBIS4-68741 0
413 0 FBIS4-68761 0
413 0 FBIS4-68773 0
413 0 FBIS4-68827 0
413 0 FBIS4-68893 0
413 0 FBIS4-7006 0
413 0 FBIS4-9518 0
413 0 FBIS4-9741 0
413 0 FR940104-0-00034 0
413 0 FR940105-2-00109 0
413 0 FR940106-2-00022 0
413 0 FR940112-1-00044 0
413 0 FR940114-2-00049 0
413 0 FR940118-1-00003 0
413 0 FR940119-0-00034 0
413 0 FR940119-2-00067 0
413 0 FR940126-2-00014 0
413 0 FR940126-2-00049 0
413 0 FR940127-2-00012 0
413 0 FR940127-2-00013 0
413 0 FR940128-1-00098 0
413 0 FR940128-1-00106 0
413 0 FR940128-2-00004 0
413 0 FR940128-2-00014 0
413 0 FR940128-2-00019 0
413 0 FR940128-2-00149 0
413 0 FR940202-0-00024 0
413 0 FR940202-0-00032 0
413 0 FR940202-2-00072 0
413 0 FR940203-0-00084 0
413 0 FR940204-1-00053 0
413 0 FR940204-2-00150 0
413 0 FR940207-2-00129 0
413 0 FR940208-0-00075 0
413 0 FR940216-2-00036 0
413 0 FR940222-2-00059 0
413 0 FR940223-2-00042 0
413 0 FR940223-2-00109 0
413 0 FR940224-2-00017 0
413 0 FR940228-2-00021 0
413 0 FR940228-2-00022 0
413 0 FR940302-2-00082 0
413 0 FR940303-2-00188 0
413 0 FR940304-1-00047 0
413 0 FR940304-1-00049 0
413 0 FR940304-1-00180 0
413 0 FR940314-2-00028 0
413 0 FR940314-2-00030 0
413 0 FR940314-2-00031 0
413 0 FR940317-2-00049 0
413 0 FR940318-0-00190 0
413 0 FR940325-2-00017 0
413 0 FR940325-2-00019 0
413 0 FR940328-2-00032 0
413 0 FR940405-2-00009 0
413 0 FR940405-2-00010 0
413 0 FR940406-0-00190 0
413 0 FR940406-2-00105 0
413 0 FR940407-0-00035 0
413 0 FR940412-2-00120 0
413 0 FR940413-2-00090 0
413 0 FR940413-2-00130 0
413 0 FR940414-2-00108 0
413 0 FR940418-1-00028 0
413 0 FR940418-2-00006 0
413 0 FR940418-2-00007 0
413 0 FR940418-2-00013 0
413 0 FR940418-2-00017 0
413 0 FR940418-2-00076 0
413 0 FR940425-1-00003 0
413 0 FR940425-2-00005 0
413 0 FR940426-1-00060 0
413 0 FR940429-2-00117 0
413 0 FR940503-1-00084 0
413 0 FR940504-2-00010 0
413 0 FR940505-1-00212 0
413 0 FR940505-1-00244 0
413 0 FR940506-1-00007 0
413 0 FR940511-1-00041 0
413 0 FR940512-0-00033 0
413 0 FR940512-2-00052 0
413 0 FR940513-0-00129 0
413 0 FR940513-0-00167 0
413 0 FR940516-0-00059 0
413 0 FR940516-1-00077 0
413 0 FR940523-2-00050 0
413 0 FR940525-1-00002 1
413 0 FR940525-2-00067 0
413 0 FR940526-2-00118 0
413 0 FR940527-0-00054 0
413 0 FR940527-1-00141 0
413 0 FR940527-1-00142 0
413 0 FR940527-1-00143 0
413 0 FR940527-1-00144 0
413 0 FR940527-1-00145 0
413 0 FR940527-1-00146 0
413 0 FR940527-1-00147 0
413 0 FR940527-1-00148 0
413 0 FR940527-1-00149 0
413 0 FR940527-1-00150 0
413 0 FR940527-1-00151 0
413 0 FR940527-1-00152 0
413 0 FR940527-1-00153 0
413 0 FR940527-1-00154 0
413 0 FR940527-1-00155 0
413 0 FR940527-1-00156 0
413 0 FR940527-1-00157 0
413 0 FR940527-1-00163 0
413 0 FR940527-1-00172 0
413 0 FR940527-1-00176 0
413 0 FR940602-2-00038 0
413 0 FR940602-2-00094 0
413 0 FR940603-2-00175 0
413 0 FR940603-2-00178 0
413 0 FR940610-2-00005 0
413 0 FR940610-2-00184 0
413 0 FR940610-2-00239 0
413 0 FR940613-1-00041 0
413 0 FR940617-2-00029 0
413 0 FR940620-0-00169 0
413 0 FR940621-1-00016 0
413 0 FR940621-2-00072 0
413 0 FR940622-2-00075 0
413 0 FR940627-0-00171 0
413 0 FR940628-1-00030 0
413 0 FR940630-2-00029 0
413 0 FR940630-2-00031 0
413 0 FR940705-2-00074 0
413 0 FR940706-0-00060 0
413 0 FR940706-0-00063 0
413 0 FR940706-2-00046 0
413 0 FR940706-2-00126 0
413 0 FR940712-1-00027 0
413 0 FR940719-1-00039 0
413 0 FR940721-2-00134 0
413 0 FR940722-2-00055 0
413 0 FR940725-2-00120 0
413 0 FR940725-2-00141 0
413 0 FR940727-0-00024 0
413 0 FR940728-2-00014 0
413 0 FR940802-1-00012 0
413 0 FR940803-2-00009 0
413 0 FR940803-2-00061 0
413 0 FR940803-2-00081 0
413 0 FR940804-1-00057 0
413 0 FR940810-0-00181 0
413 0 FR940810-0-00182 0
413 0 FR940810-1-00011 0
413 0 FR940817-0-00077 0
413 0 FR940817-2-00098 0
413 0 FR940817-2-00213 0
413 0 FR940819-0-00066 0
413 0 FR940819-0-00067 0
413 0 FR940819-0-00068 0
413 0 FR940822-0-00067 0
413 0 FR940822-0-00077 0
413 0 FR940822-1-00012 0
413 0 FR940825-0-00046 0
413 0 FR940825-1-00013 0
413 0 FR940826-0-00050 0
413 0 FR940830-2-00136 0
413 0 FR940831-0-00074 0
413 0 FR940831-1-00024 0
413 0 FR940831-2-00004 0
413 0 FR940831-2-00095 0
413 0 FR940831-2-00107 0
413 0 FR940831-2-00165 0
413 0 FR940919-2-00006 0
413 0 FR940920-1-00116 0
413 0 FR940921-2-00028 0
413 0 FR940922-2-00125 0
413 0 FR940922-2-00126 0
413 0 FR940922-2-00127 0
413 0 FR940926-0-00045 0
413 0 FR940926-0-00048 0
413 0 FR940926-1-00031 0
413 0 FR940926-1-00033 0
413 0 FR940927-0-00080 0
413 0 FR940927-0-00082 0
413 0 FR940927-0-00113 0
413 0 FR940928-1-00051 0
413 0 FR940930-2-00032 0
413 0 FR941003-2-00012 0
413 0 FR941004-2-00015 0
413 0 FR941004-2-00021 0
413 0 FR941004-2-00022 0
413 0 FR941006-0-00082 0
413 0 FR941007-1-00166 0
413 0 FR941012-0-00096 0
413 0 FR941012-2-00106 0
413 0 FR941019-0-00079 0
413 0 FR941019-2-00169 0
413 0 FR941021-0-00006 0
413 0 FR941021-0-00012 0
413 0 FR941021-0-00072 0
413 0 FR941021-2-00024 0
413 0 FR941025-0-00054 0
413 0 FR941025-2-00026 0
413 0 FR941025-2-00048 0
413 0 FR941026-2-00082 0
413 0 FR941027-1-00030 0
413 0 FR941028-1-00032 0
413 0 FR941031-2-00017 0
413 0 FR941031-2-00029 0
413 0 FR941102-1-00119 0
413 0 FR941102-2-00041 0
413 0 FR941103-0-00109 0
413 0 FR941107-0-00034 0
413 0 FR941107-2-00019 0
413 0 FR941107-2-00231 0
413 0 FR941110-2-00067 0
413 0 FR941116-0-00016 0
413 0 FR941117-2-00158 0
413 0 FR941122-2-00131 0
413 0 FR941122-2-00132 0
413 0 FR941128-2-00015 0
413 0 FR941128-2-00187 0
413 0 FR941202-1-00049 0
413 0 FR941202-2-00011 0
413 0 FR941202-2-00014 0
413 0 FR941205-1-00029 0
413 0 FR941205-2-00110 0
413 0 FR941207-2-00032 0
413 0 FR941207-2-00068 0
413 0 FR941213-0-00032 0
413 0 FR941213-0-00084 0
413 0 FR941216-0-00074 0
413 0 FR941219-1-00036 0
413 0 FR941219-2-00180 0
413 0 FR941221-2-00104 0
413 0 FR941222-2-00028 0
413 0 FT911-133 0
413 0 FT911-142 0
413 0 FT911-1839 0
413 0 FT911-2479 0
413 0 FT911-3961 0
413 0 FT911-4236 0
413 0 FT911-4409 0
413 0 FT911-4815 0
413 0 FT911-4913 0
413 0 FT911-4960 0
413 0 FT911-5159 0
413 0 FT911-5273 0
413 0 FT911-5356 0
413 0 FT921-10199 0
413 0 FT921-10622 0
413 0 FT921-10810 0
413 0 FT921-1089 0
413 0 FT921-10983 0
413 0 FT921-11458 0
413 0 FT921-11466 0
413 0 FT921-11621 0
413 0 FT921-12275 0
413 0 FT921-12378 0
413 0 FT921-12619 0
413 0 FT921-12776 0
413 0 FT921-13572 0
413 0 FT921-1368 0
413 0 FT921-13728 0
413 0 FT921-13787 0
413 0 FT921-14415 0
413 0 FT921-14463 0
413 0 FT921-14533 0
413 0 FT921-14683 0
413 0 FT921-15598 0
413 0 FT921-15624 0
413 0 FT921-15788 0
413 0 FT921-1819 0
413 0 FT921-2813 0
413 0 FT921-4955 0
413 0 FT921-6113 0
413 0 FT921-6291 0
413 0 FT921-8433 0
413 0 FT921-8581 0
413 0 FT921-8663 0
413 0 FT921-8809 0
413 0 FT921-9559 0
413 0 FT921-9645 0
413 0 FT922-10174 0
413 0 FT922-10285 0
413 0 FT922-103 0
413 0 FT922-10730 1
413 0 FT922-10840 0
413 0 FT922-11049 0
413 0 FT922-12091 0
413 0 FT922-12197 0
413 0 FT922-12212 0
413 0 FT922-12286 0
413 0 FT922-12712 0
413 0 FT922-13076 0
413 0 FT922-13114 0
413 0 FT922-13310 0
413 0 FT922-13549 0
413 0 FT922-14407 0
413 0 FT922-1444 0
413 0 FT922-1446 0
413 0 FT922-14632 0
413 0 FT922-147 0
413 0 FT922-152 0
413 0 FT922-15227 1
413 0 FT922-154 0
413 0 FT922-15423 0
413 0 FT922-15443 0
413 0 FT922-15482 0
413 0 FT922-1561 0
413 0 FT922-1844 0
413 0 FT922-1945 0
413 0 FT922-2842 0
413 0 FT922-3672 0
413 0 FT922-3893 0
413 0 FT922-3962 0
413 0 FT922-4416 0
413 0 FT922-4419 0
413 0 FT922-4420 0
413 0 FT922-4740 0
413 0 FT922-4850 0
413 0 FT922-4970 0
413 0 FT922-5147 0
413 0 FT922-5316 0
413 0 FT922-5876 0
413 0 FT922-5927 0
413 0 FT922-5972 0
413 0 FT922-6424 0
413 0 FT922-6696 0
413 0 FT922-6753 0
413 0 FT922-734 0
413 0 FT922-7374 0
413 0 FT922-759 0
413 0 FT922-8067 0
413 0 FT922-8756 0
413 0 FT922-897 0
413 0 FT922-9153 0
413 0 FT923-10184 0
413 0 FT923-10392 0
413 0 FT923-10530 0
413 0 FT923-10681 0
413 0 FT923-10822 0
413 0 FT923-11616 0
413 0 FT923-11742 0
413 0 FT923-11791 0
413 0 FT923-11894 0
413 0 FT923-12023 0
413 0 FT923-12128 0
413 0 FT923-13074 0
413 0 FT923-13165 0
413 0 FT923-13166 0
413 0 FT923-13547 0
413 0 FT923-14619 0
413 0 FT923-14622 0
413 0 FT923-14655 0
413 0 FT923-15658 1
413 0 FT923-1670 0
413 0 FT923-1996 0
413 0 FT923-2266 0
413 0 FT923-2929 0
413 0 FT923-315 0
413 0 FT923-3410 0
413 0 FT923-4025 0
413 0 FT923-4206 0
413 0 FT923-4224 0
413 0 FT923-5622 0
413 0 FT923-6038 0
413 0 FT923-6117 0
413 0 FT923-631 0
413 0 FT923-7265 0
413 0 FT923-7793 0
413 0 FT923-8268 0
413 0 FT923-841 0
413 0 FT924-10452 0
413 0 FT924-10521 0
413 0 FT924-10717 0
413 0 FT924-10911 0
413 0 FT924-11197 0
413 0 FT924-11301 1
413 0 FT924-11910 0
413 0 FT924-12216 0
413 0 FT924-12529 0
413 0 FT924-12548 0
413 0 FT924-12749 0
413 0 FT924-12763 0
413 0 FT924-13205 0
413 0 FT924-13806 0
413 0 FT924-13884 0
413 0 FT924-13944 0
413 0 FT924-14494 0
413 0 FT924-14619 0
413 0 FT924-14718 0
413 0 FT924-15149 0
413 0 FT924-15502 0
413 0 FT924-15596 0
413 0 FT924-15688 0
413 0 FT924-1763 0
413 0 FT924-2011 0
413 0 FT924-2208 0
413 0 FT924-4317 0
413 0 FT924-4540 0
413 0 FT924-5222 0
413 0 FT924-5331 0
413 0 FT924-5704 0
413 0 FT924-5765 0
413 0 FT924-5838 0
413 0 FT924-5902 0
413 0 FT924-5968 0
413 0 FT924-6067 1
413 0 FT924-6104 0
413 0 FT924-6474 0
413 0 FT924-6539 0
413 0 FT924-6549 0
413 0 FT924-6664 0
413 0 FT924-6754 0
413 0 FT924-7121 0
413 0 FT924-7242 0
413 0 FT924-7391 0
413 0 FT924-7454 0
413 0 FT924-7458 0
413 0 FT924-7776 0
413 0 FT924-7781 0
413 0 FT924-8241 0
413 0 FT924-8352 0
413 0 FT924-8478 0
413 0 FT924-8549 0
413 0 FT924-9188 0
413 0 FT924-9683 0
413 0 FT924-9815 0
413 0 FT931-10022 0
413 0 FT931-10046 0
413 0 FT931-10386 0
413 0 FT931-10584 0
413 0 FT931-10615 0
413 0 FT931-10637 0
413 0 FT931-10847 0
413 0 FT931-11463 0
413 0 FT931-11466 0
413 0 FT931-11718 0
413 0 FT931-12024 0
413 0 FT931-1225 0
413 0 FT931-12256 0
413 0 FT931-12259 0
413 0 FT931-12260 0
413 0 FT931-12261 0
413 0 FT931-12262 0
413 0 FT931-12449 0
413 0 FT931-1246 0
413 0 FT931-13012 0
413 0 FT931-13111 0
413 0 FT931-13519 0
413 0 FT931-13520 0
413 0 FT931-13623 0
413 0 FT931-13757 0
413 0 FT931-13807 0
413 0 FT931-13874 0
413 0 FT931-14558 0
413 0 FT931-14768 0
413 0 FT931-14842 0
413 0 FT931-14845 1
413 0 FT931-14971 0
413 0 FT931-14986 0
413 0 FT931-15229 0
413 0 FT931-15306 0
413 0 FT931-15731 0
413 0 FT931-16179 0
413 0 FT931-1632 0
413 0 FT931-16490 0
413 0 FT931-1783 0
413 0 FT931-1900 0
413 0 FT931-1965 0
413 0 FT931-3419 0
413 0 FT931-3934 0
413 0 FT931-3936 0
413 0 FT931-3992 0
413 0 FT931-4013 0
413 0 FT931-4228 0
413 0 FT931-4310 0
413 0 FT931-4936 0
413 0 FT931-5296 0
413 0 FT931-560 0
413 0 FT931-5796 0
413 0 FT931-6155 0
413 0 FT931-6244 1
413 0 FT931-6282 0
413 0 FT931-6483 0
413 0 FT931-6839 0
413 0 FT931-6840 0
413 0 FT931-6979 0
413 0 FT931-7268 0
413 0 FT931-7355 0
413 0 FT931-7398 0
413 0 FT931-7574 0
413 0 FT931-7682 0
413 0 FT931-7720 0
413 0 FT931-7912 0
413 0 FT931-7960 0
413 0 FT931-8019 0
413 0 FT931-8520 0
413 0 FT931-8565 0
413 0 FT931-8640 0
413 0 FT931-8764 0
413 0 FT931-8858 0
413 0 FT931-8979 0
413 0 FT931-8986 0
413 0 FT931-9280 0
413 0 FT931-9288 0
413 0 FT931-935 0
413 0 FT931-9687 0
413 0 FT931-9706 0
413 0 FT931-973 0
413 0 FT931-9732 0
413 0 FT932-10280 0
413 0 FT932-10326 0
413 0 FT932-10929 0
413 0 FT932-11459 0
413 0 FT932-11526 0
413 0 FT932-1156 0
413 0 FT932-12070 0
413 0 FT932-12076 0
413 0 FT932-12302 0
413 0 FT932-12347 0
413 0 FT932-12604 0
413 0 FT932-12613 0
413 0 FT932-13324 0
413 0 FT932-13473 0
413 0 FT932-13786 0
413 0 FT932-13836 0
413 0 FT932-1389 0
413 0 FT932-1392 0
413 0 FT932-1393 0
413 0 FT932-14863 0
413 0 FT932-14924 0
413 0 FT932-15049 0
413 0 FT932-15299 0
413 0 FT932-15556 0
413 0 FT932-15759 0
413 0 FT932-16079 0
413 0 FT932-16231 0
413 0 FT932-1626 0
413 0 FT932-1632 0
413 0 FT932-16717 0
413 0 FT932-1817 0
413 0 FT932-1955 0
413 0 FT932-2060 0
413 0 FT932-2207 0
413 0 FT932-256 0
413 0 FT932-2584 0
413 0 FT932-281 0
413 0 FT932-4342 0
413 0 FT932-4352 0
413 0 FT932-4447 0
413 0 FT932-4650 0
413 0 FT932-4698 0
413 0 FT932-4978 0
413 0 FT932-5162 0
413 0 FT932-5164 0
413 0 FT932-5177 0
413 0 FT932-5393 0
413 0 FT932-5420 0
413 0 FT932-5453 0
413 0 FT932-5571 0
413 0 FT932-5693 0
413 0 FT932-5732 0
413 0 FT932-5956 0
413 0 FT932-6271 0
413 0 FT932-6795 0
413 0 FT932-7682 0
413 0 FT932-7967 0
413 0 FT932-8094 0
413 0 FT932-8200 0
413 0 FT932-8217 0
413 0 FT932-8221 0
413 0 FT932-840 0
413 0 FT932-8514 0
413 0 FT932-9478 0
413 0 FT933-10010 0
413 0 FT933-10072 0
413 0 FT933-10144 0
413 0 FT933-10147 0
413 0 FT933-10303 0
413 0 FT933-10338 0
413 0 FT933-10712 0
413 0 FT933-1135 0
413 0 FT933-11548 0
413 0 FT933-11551 0
413 0 FT933-11554 0
413 0 FT933-11632 0
413 0 FT933-11634 0
413 0 FT933-11648 0
413 0 FT933-11796 0
413 0 FT933-12070 0
413 0 FT933-12106 0
413 0 FT933-12511 0
413 0 FT933-12610 0
413 0 FT933-13122 0
413 0 FT933-13243 0
413 0 FT933-14159 0
413 0 FT933-14419 0
413 0 FT933-14561 0
413 0 FT933-15081 0
413 0 FT933-1509 0
413 0 FT933-15211 0
413 0 FT933-15370 0
413 0 FT933-15602 0
413 0 FT933-15752 0
413 0 FT933-16150 0
413 0 FT933-16533 0
413 0 FT933-17011 0
413 0 FT933-1846 0
413 0 FT933-1891 0
413 0 FT933-2052 0
413 0 FT933-23 0
413 0 FT933-2312 0
413 0 FT933-234 0
413 0 FT933-2580 0
413 0 FT933-2960 0
413 0 FT933-3034 0
413 0 FT933-334 1
413 0 FT933-349 0
413 0 FT933-3571 0
413 0 FT933-3589 0
413 0 FT933-3815 0
413 0 FT933-4096 0
413 0 FT933-4436 0
413 0 FT933-4457 0
413 0 FT933-4605 0
413 0 FT933-4606 0
413 0 FT933-5492 0
413 0 FT933-576 0
413 0 FT933-6678 0
413 0 FT933-752 0
413 0 FT933-7845 0
413 0 FT933-819 0
413 0 FT933-8728 0
413 0 FT933-8808 0
413 0 FT933-8921 0
413 0 FT933-8939 0
413 0 FT933-8978 0
413 0 FT934-10182 0
413 0 FT934-11033 0
413 0 FT934-11153 0
413 0 FT934-12285 0
413 0 FT934-12359 0
413 0 FT934-12552 0
413 0 FT934-13249 0
413 0 FT934-13281 0
413 0 FT934-13373 0
413 0 FT934-13399 0
413 0 FT934-13436 0
413 0 FT934-13443 0
413 0 FT934-1359 0
413 0 FT934-1362 0
413 0 FT934-13925 0
413 0 FT934-1447 0
413 0 FT934-14608 0
413 0 FT934-14805 0
413 0 FT934-14859 0
413 0 FT934-15025 0
413 0 FT934-15097 0
413 0 FT934-15099 0
413 0 FT934-15529 0
413 0 FT934-15570 0
413 0 FT934-1561 0
413 0 FT934-15890 0
413 0 FT934-1616 0
413 0 FT934-17436 0
413 0 FT934-1797 0
413 0 FT934-226 0
413 0 FT934-3012 0
413 0 FT934-3758 0
413 0 FT934-3769 0
413 0 FT934-3995 0
413 0 FT934-4083 0
413 0 FT934-4380 0
413 0 FT934-4388 0
413 0 FT934-5515 0
413 0 FT934-6522 0
413 0 FT934-6529 0
413 0 FT934-6699 0
413 0 FT934-6915 0
413 0 FT934-7328 0
413 0 FT934-7635 0
413 0 FT934-7644 0
413 0 FT934-7651 0
413 0 FT934-7664 0
413 0 FT934-8360 0
413 0 FT934-8406 0
413 0 FT934-8892 0
413 0 FT934-9016 0
413 0 FT934-9126 0
413 0 FT934-9199 0
413 0 FT934-9387 0
413 0 FT934-9405 0
413 0 FT934-9439 0
413 0 FT934-9644 0
413 0 FT934-9946 0
413 0 FT941-10409 0
413 0 FT941-10452 1
413 0 FT941-11509 0
413 0 FT941-11763 0
413 0 FT941-11836 0
413 0 FT941-12704 0
413 0 FT941-12964 0
413 0 FT941-12965 0
413 0 FT941-12988 0
413 0 FT941-13066 0
413 0 FT941-13247 0
413 0 FT941-1351 0
413 0 FT941-13749 0
413 0 FT941-14406 0
413 0 FT941-15182 0
413 0 FT941-15999 0
413 0 FT941-16195 0
413 0 FT941-16412 0
413 0 FT941-16758 0
413 0 FT941-17006 0
413 0 FT941-17373 0
413 0 FT941-1987 0
413 0 FT941-2076 0
413 0 FT941-263 0
413 0 FT941-2751 0
413 0 FT941-3100 0
413 0 FT941-3342 0
413 0 FT941-3362 1
413 0 FT941-3369 0
413 0 FT941-3562 0
413 0 FT941-5257 0
413 0 FT941-5463 0
413 0 FT941-557 0
413 0 FT941-6227 0
413 0 FT941-6439 0
413 0 FT941-8283 0
413 0 FT941-8907 0
413 0 FT941-9021 0
413 0 FT941-9066 0
413 0 FT941-9281 0
413 0 FT941-9405 0
413 0 FT941-9534 0
413 0 FT941-9871 0
413 0 FT941-9945 0
413 0 FT942-1114 0
413 0 FT942-11678 0
413 0 FT942-12225 0
413 0 FT942-1225 0
413 0 FT942-12359 0
413 0 FT942-12542 0
413 0 FT942-12776 0
413 0 FT942-13255 0
413 0 FT942-13676 0
413 0 FT942-13762 0
413 0 FT942-13835 0
413 0 FT942-14061 0
413 0 FT942-14308 0
413 0 FT942-14437 0
413 0 FT942-1487 0
413 0 FT942-15017 1
413 0 FT942-15328 0
413 0 FT942-1603 0
413 0 FT942-16827 0
413 0 FT942-16832 0
413 0 FT942-1922 0
413 0 FT942-2005 0
413 0 FT942-2033 0
413 0 FT942-2083 0
413 0 FT942-21 0
413 0 FT942-2942 0
413 0 FT942-3012 0
413 0 FT942-3073 0
413 0 FT942-3194 0
413 0 FT942-3536 0
413 0 FT942-3827 0
413 0 FT942-3829 0
413 0 FT942-3832 0
413 0 FT942-3957 0
413 0 FT942-3961 0
413 0 FT942-4617 0
413 0 FT942-4996 0
413 0 FT942-5171 0
413 0 FT942-5733 0
413 0 FT942-5836 0
413 0 FT942-5841 0
413 0 FT942-6066 0
413 0 FT942-6179 0
413 0 FT942-6296 1
413 0 FT942-6437 0
413 0 FT942-7096 0
413 0 FT942-78 0
413 0 FT942-8082 0
413 0 FT942-8279 1
413 0 FT942-8630 0
413 0 FT942-9083 1
413 0 FT942-9351 0
413 0 FT943-10945 1
413 0 FT943-11243 0
413 0 FT943-11553 0
413 0 FT943-11703 0
413 0 FT943-11906 0
413 0 FT943-12206 0
413 0 FT943-12736 0
413 0 FT943-12948 0
413 0 FT943-13058 0
413 0 FT943-13085 0
413 0 FT943-13087 0
413 0 FT943-13302 0
413 0 FT943-13567 0
413 0 FT943-1359 0
413 0 FT943-13613 0
413 0 FT943-13766 0
413 0 FT943-14350 0
413 0 FT943-16018 0
413 0 FT943-1616 0
413 0 FT943-1650 0
413 0 FT943-16915 0
413 0 FT943-1749 0
413 0 FT943-1778 0
413 0 FT943-1915 0
413 0 FT943-249 0
413 0 FT943-2857 0
413 0 FT943-3052 0
413 0 FT943-3411 0
413 0 FT943-4480 0
413 0 FT943-4825 0
413 0 FT943-5731 0
413 0 FT943-5912 0
413 0 FT943-6473 0
413 0 FT943-6543 0
413 0 FT943-7241 0
413 0 FT943-7419 0
413 0 FT943-7440 0
413 0 FT943-7613 0
413 0 FT943-857 0
413 0 FT943-9044 0
413 0 FT943-9705 0
413 0 FT944-10038 1
413 0 FT944-10191 0
413 0 FT944-10256 0
413 0 FT944-10414 0
413 0 FT944-1045 0
413 0 FT944-10885 0
413 0 FT944-10894 0
413 0 FT944-10932 0
413 0 FT944-11666 0
413 0 FT944-11669 0
413 0 FT944-11817 0
413 0 FT944-11975 0
413 0 FT944-12226 0
413 0 FT944-1260 0
413 0 FT944-12616 0
413 0 FT944-13154 0
413 0 FT944-13331 0
413 0 FT944-13448 0
413 0 FT944-13687 0
413 0 FT944-13693 0
413 0 FT944-13742 0
413 0 FT944-13785 0
413 0 FT944-13800 0
413 0 FT944-13899 0
413 0 FT944-13915 0
413 0 FT944-13932 0
413 0 FT944-13955 0
413 0 FT944-13997 0
413 0 FT944-14052 0
413 0 FT944-14178 0
413 0 FT944-14233 1
413 0 FT944-14391 0
413 0 FT944-1489 0
413 0 FT944-15027 0
413 0 FT944-15029 0
413 0 FT944-15030 0
413 0 FT944-15146 0
413 0 FT944-15150 0
413 0 FT944-15224 0
413 0 FT944-1533 0
413 0 FT944-1535 0
413 0 FT944-15363 0
413 0 FT944-15367 0
413 0 FT944-15387 0
413 0 FT944-15751 0
413 0 FT944-15755 0
413 0 FT944-1612 0
413 0 FT944-16122 0
413 0 FT944-17457 0
413 0 FT944-1751 0
413 0 FT944-17975 0
413 0 FT944-18142 0
413 0 FT944-18209 0
413 0 FT944-18240 0
413 0 FT944-18698 0
413 0 FT944-18723 0
413 0 FT944-1890 0
413 0 FT944-2248 0
413 0 FT944-2249 0
413 0 FT944-2265 0
413 0 FT944-2306 0
413 0 FT944-2689 0
413 0 FT944-2690 0
413 0 FT944-3169 0
413 0 FT944-3200 0
413 0 FT944-3204 0
413 0 FT944-3433 0
413 0 FT944-3667 1
413 0 FT944-4173 0
413 0 FT944-4304 0
413 0 FT944-4345 0
413 0 FT944-5467 0
413 0 FT944-5521 0
413 0 FT944-5547 0
413 0 FT944-5551 0
413 0 FT944-5579 0
413 0 FT944-5803 0
413 0 FT944-5931 0
413 0 FT944-6118 0
413 0 FT944-6228 0
413 0 FT944-6731 0
413 0 FT944-7200 0
413 0 FT944-7406 0
413 0 FT944-765 0
413 0 FT944-8976 0
413 0 FT944-9179 0
413 0 FT944-9507 0
413 0 FT944-9677 0
413 0 FT944-9779 0
413 0 FT944-9870 0
413 0 LA010189-0103 0
413 0 LA010390-0069 0
413 0 LA010490-0052 0
413 0 LA010490-0170 0
413 0 LA010589-0059 0
413 0 LA010589-0102 0
413 0 LA010790-0092 0
413 0 LA010989-0075 0
413 0 LA010990-0078 0
413 0 LA011190-0041 0
413 0 LA011190-0120 0
413 0 LA011190-0150 0
413 0 LA011290-0037 0
413 0 LA011290-0192 0
413 0 LA011389-0118 0
413 0 LA011390-0033 0
413 0 LA011489-0004 0
413 0 LA011489-0080 0
413 0 LA011490-0069 0
413 0 LA011490-0091 0
413 0 LA011490-0163 0
413 0 LA011490-0197 0
413 0 LA011690-0056 0
413 0 LA011889-0127 0
413 0 LA011989-0032 0
413 0 LA011989-0060 0
413 0 LA012490-0172 0
413 0 LA013090-0001 0
413 0 LA021889-0147 0
413 0 LA021890-0017 0
413 0 LA021890-0038 0
413 0 LA021890-0093 0
413 0 LA021890-0112 0
413 0 LA021890-0130 0
413 0 LA021890-0145 0
413 0 LA021890-0159 0
413 0 LA021890-0170 0
413 0 LA021890-0171 0
413 0 LA021890-0173 0
413 0 LA021890-0215 0
413 0 LA021989-0055 0
413 0 LA021989-0090 0
413 0 LA021989-0207 0
413 0 LA021990-0093 0
413 0 LA022089-0054 0
413 0 LA022089-0058 0
413 0 LA022090-0051 0
413 0 LA022389-0074 0
413 0 LA022390-0114 0
413 0 LA030589-0036 0
413 0 LA031389-0012 0
413 0 LA032689-0159 0
413 0 LA032789-0068 0
413 0 LA040489-0133 0
413 0 LA042990-0184 0
413 0 LA050689-0111 0
413 0 LA050789-0225 0
413 0 LA051890-0016 0
413 0 LA060590-0103 0
413 0 LA061090-0141 0
413 0 LA061290-0124 1
413 0 LA062890-0238 0
413 0 LA071690-0090 0
413 0 LA072089-0117 0
413 0 LA072889-0017 0
413 0 LA080290-0136 0
413 0 LA080789-0073 0
413 0 LA090489-0043 0
413 0 LA101590-0075 0
413 0 LA102290-0103 0
413 0 LA102689-0065 0
413 0 LA112789-0056 0
413 0 LA120490-0146 0
413 0 LA120490-0151 0
413 0 LA120590-0024 0
413 0 LA120590-0090 0
413 0 LA120789-0179 0
413 0 LA120790-0125 0
413 0 LA121089-0232 0
413 0 LA121289-0144 0
413 0 LA121589-0135 0
413 0 LA121789-0229 0
413 0 LA121790-0090 0
413 0 LA121989-0145 0
413 0 LA122090-0063 0
413 0 LA122489-0077 0
413 0 LA122489-0088 0
413 0 LA122789-0105 0
413 0 LA122790-0033 0
413 0 LA122790-0050 0
413 0 LA122790-0066 0
413 0 LA122790-0087 0
413 0 LA122890-0092 0
413 0 LA122989-0049 0
413 0 LA122989-0130 0
413 0 LA122990-0073 0
413 0 LA123090-0193 0
