447 0 FBIS3-10062 0
447 0 FBIS3-10083 0
447 0 FBIS3-10084 0
447 0 FBIS3-1016 0
447 0 FBIS3-10254 0
447 0 FBIS3-10607 0
447 0 FBIS3-10639 0
447 0 FBIS3-1077 0
447 0 FBIS3-10954 0
447 0 FBIS3-11041 0
447 0 FBIS3-11146 0
447 0 FBIS3-12056 0
447 0 FBIS3-12777 0
447 0 FBIS3-12862 0
447 0 FBIS3-13220 0
447 0 FBIS3-13229 0
447 0 FBIS3-13304 0
447 0 FBIS3-13651 0
447 0 FBIS3-1411 0
447 0 FBIS3-14200 0
447 0 FBIS3-14577 0
447 0 FBIS3-14579 0
447 0 FBIS3-14800 0
447 0 FBIS3-14890 0
447 0 FBIS3-15595 0
447 0 FBIS3-15637 0
447 0 FBIS3-16581 0
447 0 FBIS3-16836 0
447 0 FBIS3-16911 0
447 0 FBIS3-17140 0
447 0 FBIS3-17235 0
447 0 FBIS3-17326 0
447 0 FBIS3-17533 0
447 0 FBIS3-17542 0
447 0 FBIS3-17716 0
447 0 FBIS3-17954 0
447 0 FBIS3-18157 0
447 0 FBIS3-18163 0
447 0 FBIS3-18204 0
447 0 FBIS3-18487 0
447 0 FBIS3-18688 0
447 0 FBIS3-19256 0
447 0 FBIS3-20050 0
447 0 FBIS3-20203 0
447 0 FBIS3-20948 0
447 0 FBIS3-21027 0
447 0 FBIS3-21112 0
447 0 FBIS3-21211 0
447 0 FBIS3-21222 0
447 0 FBIS3-2154 0
447 0 FBIS3-22727 0
447 0 FBIS3-22763 0
447 0 FBIS3-22764 0
447 0 FBIS3-23048 0
447 0 FBIS3-23052 0
447 0 FBIS3-23332 0
447 0 FBIS3-23511 0
447 0 FBIS3-2363 0
447 0 FBIS3-23692 0
447 0 FBIS3-23697 0
447 0 FBIS3-23823 0
447 0 FBIS3-24648 0
447 0 FBIS3-24654 0
447 0 FBIS3-2516 0
447 0 FBIS3-27297 0
447 0 FBIS3-27956 0
447 0 FBIS3-2817 0
447 0 FBIS3-29329 0
447 0 FBIS3-29781 0
447 0 FBIS3-30261 0
447 0 FBIS3-3030 0
447 0 FBIS3-31077 0
447 0 FBIS3-3248 0
447 0 FBIS3-32621 0
447 0 FBIS3-3287 0
447 0 FBIS3-34823 0
447 0 FBIS3-3496 0
447 0 FBIS3-35 0
447 0 FBIS3-35436 0
447 0 FBIS3-3556 0
447 0 FBIS3-35601 0
447 0 FBIS3-36697 0
447 0 FBIS3-40075 0
447 0 FBIS3-40130 0
447 0 FBIS3-40345 0
447 0 FBIS3-40353 0
447 0 FBIS3-40360 0
447 0 FBIS3-40374 0
447 0 FBIS3-40383 0
447 0 FBIS3-40434 0
447 0 FBIS3-40471 0
447 0 FBIS3-40490 0
447 0 FBIS3-40495 0
447 0 FBIS3-40507 0
447 0 FBIS3-40509 0
447 0 FBIS3-40548 0
447 0 FBIS3-40554 0
447 0 FBIS3-40860 0
447 0 FBIS3-4108 0
447 0 FBIS3-4129 0
447 0 FBIS3-41563 0
447 0 FBIS3-41656 0
447 0 FBIS3-41659 0
447 0 FBIS3-42088 0
447 0 FBIS3-42376 0
447 0 FBIS3-42397 0
447 0 FBIS3-42436 0
447 0 FBIS3-42443 0
447 0 FBIS3-42973 0
447 0 FBIS3-42976 0
447 0 FBIS3-4298 0
447 0 FBIS3-42984 0
447 0 FBIS3-43014 0
447 0 FBIS3-43022 0
447 0 FBIS3-43043 0
447 0 FBIS3-43054 0
447 0 FBIS3-43108 0
447 0 FBIS3-43112 0
447 0 FBIS3-43160 0
447 0 FBIS3-43214 0
447 0 FBIS3-45593 0
447 0 FBIS3-47041 0
447 0 FBIS3-48009 0
447 0 FBIS3-48260 0
447 0 FBIS3-4851 0
447 0 FBIS3-49051 0
447 0 FBIS3-4981 0
447 0 FBIS3-5369 0
447 0 FBIS3-54080 0
447 0 FBIS3-5513 0
447 0 FBIS3-5614 0
447 0 FBIS3-57760 0
447 0 FBIS3-58 0
447 0 FBIS3-58048 0
447 0 FBIS3-5836 0
447 0 FBIS3-59494 0
447 0 FBIS3-59506 0
447 0 FBIS3-59638 0
447 0 FBIS3-59648 0
447 0 FBIS3-59650 0
447 0 FBIS3-59674 0
447 0 FBIS3-59686 0
447 0 FBIS3-59723 0
447 0 FBIS3-59750 0
447 0 FBIS3-59752 0
447 0 FBIS3-59756 0
447 0 FBIS3-59771 0
447 0 FBIS3-60 0
447 0 FBIS3-60330 0
447 0 FBIS3-60344 0
447 0 FBIS3-60378 0
447 0 FBIS3-60612 0
447 0 FBIS3-61016 0
447 0 FBIS3-61017 0
447 0 FBIS3-6216 0
447 0 FBIS3-6504 0
447 0 FBIS3-6594 0
447 0 FBIS3-7079 0
447 0 FBIS3-7110 0
447 0 FBIS3-7680 0
447 0 FBIS3-7781 0
447 0 FBIS3-8769 0
447 0 FBIS3-8893 0
447 0 FBIS3-9398 0
447 0 FBIS3-955 0
447 0 FBIS3-9629 0
447 0 FBIS3-9661 0
447 0 FBIS4-10000 0
447 0 FBIS4-10326 0
447 0 FBIS4-1340 0
447 0 FBIS4-14194 0
447 0 FBIS4-14894 0
447 0 FBIS4-15026 0
447 0 FBIS4-15204 0
447 0 FBIS4-15617 0
447 0 FBIS4-17055 0
447 0 FBIS4-17316 0
447 0 FBIS4-18167 0
447 0 FBIS4-19 0
447 0 FBIS4-19071 0
447 0 FBIS4-19749 0
447 0 FBIS4-20311 0
447 0 FBIS4-20421 0
447 0 FBIS4-20472 0
447 0 FBIS4-20504 0
447 0 FBIS4-20505 0
447 0 FBIS4-20537 0
447 0 FBIS4-20563 0
447 0 FBIS4-20565 0
447 0 FBIS4-20566 0
447 0 FBIS4-20618 0
447 0 FBIS4-20621 0
447 0 FBIS4-20637 0
447 0 FBIS4-20665 0
447 0 FBIS4-20675 0
447 0 FBIS4-20687 0
447 0 FBIS4-21521 0
447 0 FBIS4-21598 0
447 0 FBIS4-21605 0
447 0 FBIS4-21933 0
447 0 FBIS4-22174 0
447 0 FBIS4-22614 0
447 0 FBIS4-22654 0
447 0 FBIS4-22976 0
447 0 FBIS4-23114 0
447 0 FBIS4-23470 0
447 0 FBIS4-2931 0
447 0 FBIS4-29824 0
447 0 FBIS4-30248 0
447 0 FBIS4-31202 0
447 0 FBIS4-3547 0
447 0 FBIS4-36035 0
447 0 FBIS4-36358 0
447 0 FBIS4-40348 0
447 0 FBIS4-40685 0
447 0 FBIS4-42745 0
447 0 FBIS4-44605 0
447 0 FBIS4-44635 0
447 0 FBIS4-44643 0
447 0 FBIS4-44663 0
447 0 FBIS4-44781 0
447 0 FBIS4-44815 0
447 0 FBIS4-44840 0
447 0 FBIS4-44845 0
447 0 FBIS4-44854 0
447 0 FBIS4-44891 0
447 0 FBIS4-44892 0
447 0 FBIS4-44900 0
447 0 FBIS4-44905 0
447 0 FBIS4-44967 0
447 0 FBIS4-46525 0
447 0 FBIS4-46559 0
447 0 FBIS4-46670 0
447 0 FBIS4-46887 0
447 0 FBIS4-4689 0
447 0 FBIS4-47089 0
447 0 FBIS4-49687 0
447 0 FBIS4-52825 0
447 0 FBIS4-52831 0
447 0 FBIS4-53463 0
447 0 FBIS4-54626 0
447 0 FBIS4-55839 0
447 0 FBIS4-5884 0
447 0 FBIS4-63014 0
447 0 FBIS4-63072 0
447 0 FBIS4-64037 0
447 0 FBIS4-66278 0
447 0 FBIS4-66308 0
447 0 FBIS4-66312 0
447 0 FBIS4-66336 0
447 0 FBIS4-66382 0
447 0 FBIS4-66422 0
447 0 FBIS4-66428 0
447 0 FBIS4-66474 0
447 0 FBIS4-66480 0
447 0 FBIS4-66488 0
447 0 FBIS4-66490 0
447 0 FBIS4-66493 0
447 0 FBIS4-67744 0
447 0 FBIS4-68211 0
447 0 FBIS4-68275 0
447 0 FBIS4-68335 0
447 0 FBIS4-68337 0
447 0 FBIS4-68611 0
447 0 FBIS4-8251 0
447 0 FBIS4-8438 0
447 0 FBIS4-9141 0
447 0 FR940104-2-00023 0
447 0 FR940105-2-00109 0
447 0 FR940106-1-00107 0
447 0 FR940106-2-00007 0
447 0 FR940111-1-00016 0
447 0 FR940111-1-00019 0
447 0 FR940112-1-00044 0
447 0 FR940114-2-00049 0
447 0 FR940114-2-00055 0
447 0 FR940114-2-00148 0
447 0 FR940119-2-00067 0
447 0 FR940124-2-00040 0
447 0 FR940126-2-00049 0
447 0 FR940202-2-00072 0
447 0 FR940204-1-00041 0
447 0 FR940204-1-00043 0
447 0 FR940204-1-00044 0
447 0 FR940204-1-00045 0
447 0 FR940204-2-00150 0
447 0 FR940208-0-00075 0
447 0 FR940214-0-00088 0
447 0 FR940214-2-00021 0
447 0 FR940214-2-00071 0
447 0 FR940214-2-00177 0
447 0 FR940216-0-00076 0
447 0 FR940216-2-00036 0
447 0 FR940223-2-00042 0
447 0 FR940224-0-00049 0
447 0 FR940224-1-00029 0
447 0 FR940302-2-00041 0
447 0 FR940302-2-00082 0
447 0 FR940303-2-00136 0
447 0 FR940303-2-00167 0
447 0 FR940303-2-00185 0
447 0 FR940303-2-00188 0
447 0 FR940304-1-00075 0
447 0 FR940304-1-00145 0
447 0 FR940304-2-00034 0
447 0 FR940317-1-00141 0
447 0 FR940318-0-00140 0
447 0 FR940318-0-00141 0
447 0 FR940318-0-00142 0
447 0 FR940318-0-00143 0
447 0 FR940318-0-00144 0
447 0 FR940318-0-00145 0
447 0 FR940318-0-00148 0
447 0 FR940318-0-00150 0
447 0 FR940318-0-00158 0
447 0 FR940318-0-00161 0
447 0 FR940318-0-00162 0
447 0 FR940318-0-00163 0
447 0 FR940318-0-00164 0
447 0 FR940318-0-00165 0
447 0 FR940318-0-00166 0
447 0 FR940318-0-00168 0
447 0 FR940318-0-00173 0
447 0 FR940318-0-00175 0
447 0 FR940318-0-00176 0
447 0 FR940318-0-00177 0
447 0 FR940318-0-00192 0
447 0 FR940318-0-00193 0
447 0 FR940318-0-00194 0
447 0 FR940318-0-00196 0
447 0 FR940318-0-00197 0
447 0 FR940318-0-00198 0
447 0 FR940318-0-00199 0
447 0 FR940318-0-00200 0
447 0 FR940318-0-00201 0
447 0 FR940318-0-00202 0
447 0 FR940318-0-00209 0
447 0 FR940318-0-00210 0
447 0 FR940318-0-00211 0
447 0 FR940318-0-00212 0
447 0 FR940318-0-00214 0
447 0 FR940318-0-00215 0
447 0 FR940318-0-00216 0
447 0 FR940318-0-00219 0
447 0 FR940318-0-00222 0
447 0 FR940318-0-00223 0
447 0 FR940318-0-00224 0
447 0 FR940318-0-00234 0
447 0 FR940318-0-00235 0
447 0 FR940318-0-00236 0
447 0 FR940324-2-00042 0
447 0 FR940325-0-00039 0
447 0 FR940325-0-00040 0
447 0 FR940325-0-00041 0
447 0 FR940328-1-00020 0
447 0 FR940328-2-00032 0
447 0 FR940404-2-00156 0
447 0 FR940404-2-00168 0
447 0 FR940405-2-00044 0
447 0 FR940406-0-00136 0
447 0 FR940406-0-00147 0
447 0 FR940406-0-00153 0
447 0 FR940406-0-00190 0
447 0 FR940406-2-00151 0
447 0 FR940407-0-00013 0
447 0 FR940407-0-00031 0
447 0 FR940407-0-00035 0
447 0 FR940407-2-00046 0
447 0 FR940407-2-00060 0
447 0 FR940407-2-00068 0
447 0 FR940412-0-00010 0
447 0 FR940413-1-00031 0
447 0 FR940413-2-00035 0
447 0 FR940413-2-00130 0
447 0 FR940414-1-00032 0
447 0 FR940418-2-00058 0
447 0 FR940418-2-00079 0
447 0 FR940425-1-00003 0
447 0 FR940426-2-00088 0
447 0 FR940428-2-00027 0
447 0 FR940429-2-00117 0
447 0 FR940503-1-00014 0
447 0 FR940503-1-00084 0
447 0 FR940505-0-00029 0
447 0 FR940505-0-00051 0
447 0 FR940505-1-00028 0
447 0 FR940505-1-00040 0
447 0 FR940505-1-00061 0
447 0 FR940505-1-00063 0
447 0 FR940505-1-00081 0
447 0 FR940505-1-00082 0
447 0 FR940505-1-00105 0
447 0 FR940505-1-00106 0
447 0 FR940505-1-00109 0
447 0 FR940505-1-00117 0
447 0 FR940505-1-00122 0
447 0 FR940505-1-00123 0
447 0 FR940505-1-00124 0
447 0 FR940505-1-00125 0
447 0 FR940505-1-00128 0
447 0 FR940505-1-00129 0
447 0 FR940505-1-00130 0
447 0 FR940505-1-00132 0
447 0 FR940505-1-00133 0
447 0 FR940505-1-00134 0
447 0 FR940505-1-00156 0
447 0 FR940505-1-00165 0
447 0 FR940505-1-00166 0
447 0 FR940505-1-00174 0
447 0 FR940505-1-00194 0
447 0 FR940505-1-00204 0
447 0 FR940505-1-00210 0
447 0 FR940505-1-00222 0
447 0 FR940505-1-00223 0
447 0 FR940505-1-00226 0
447 0 FR940505-1-00227 0
447 0 FR940505-1-00239 0
447 0 FR940505-1-00240 0
447 0 FR940505-1-00242 0
447 0 FR940505-1-00243 0
447 0 FR940505-1-00245 0
447 0 FR940505-1-00325 0
447 0 FR940505-1-00333 0
447 0 FR940505-1-00346 0
447 0 FR940505-1-00403 0
447 0 FR940505-1-00408 0
447 0 FR940505-1-00458 0
447 0 FR940505-1-00460 0
447 0 FR940505-1-00462 0
447 0 FR940505-1-00466 0
447 0 FR940505-1-00472 0
447 0 FR940505-1-00473 0
447 0 FR940505-2-00034 0
447 0 FR940511-2-00021 0
447 0 FR940511-2-00065 0
447 0 FR940516-0-00004 0
447 0 FR940516-1-00082 0
447 0 FR940516-1-00083 0
447 0 FR940516-1-00084 0
447 0 FR940516-1-00088 0
447 0 FR940516-1-00090 0
447 0 FR940516-1-00091 0
447 0 FR940516-1-00092 0
447 0 FR940516-1-00097 0
447 0 FR940516-1-00098 0
447 0 FR940516-1-00099 0
447 0 FR940516-1-00101 0
447 0 FR940516-1-00102 0
447 0 FR940516-1-00105 0
447 0 FR940516-1-00107 0
447 0 FR940516-1-00108 0
447 0 FR940516-1-00109 0
447 0 FR940516-1-00110 0
447 0 FR940516-1-00111 0
447 0 FR940516-1-00113 0
447 0 FR940516-1-00114 0
447 0 FR940516-1-00119 0
447 0 FR940516-1-00121 0
447 0 FR940516-1-00122 0
447 0 FR940525-2-00126 0
447 0 FR940526-0-00030 0
447 0 FR940526-2-00118 0
447 0 FR940527-1-00141 0
447 0 FR940527-1-00142 0
447 0 FR940527-1-00143 0
447 0 FR940527-1-00144 0
447 0 FR940527-1-00145 0
447 0 FR940527-1-00146 0
447 0 FR940527-1-00147 0
447 0 FR940527-1-00148 0
447 0 FR940527-1-00149 0
447 0 FR940527-1-00150 0
447 0 FR940527-1-00151 0
447 0 FR940527-1-00152 0
447 0 FR940527-1-00153 0
447 0 FR940527-1-00154 0
447 0 FR940527-1-00155 0
447 0 FR940527-1-00156 0
447 0 FR940527-1-00157 0
447 0 FR940527-1-00163 0
447 0 FR940527-1-00172 0
447 0 FR940527-1-00176 0
447 0 FR940527-2-00053 0
447 0 FR940602-1-00023 0
447 0 FR940602-1-00058 0
447 0 FR940602-2-00034 0
447 0 FR940602-2-00038 0
447 0 FR940603-1-00091 0
447 0 FR940603-1-00205 0
447 0 FR940610-2-00184 0
447 0 FR940613-2-00044 0
447 0 FR940617-0-00110 0
447 0 FR940617-0-00111 0
447 0 FR940617-0-00112 0
447 0 FR940617-0-00114 0
447 0 FR940617-0-00116 0
447 0 FR940617-0-00118 0
447 0 FR940617-0-00120 0
447 0 FR940617-0-00122 0
447 0 FR940617-0-00123 0
447 0 FR940617-0-00124 0
447 0 FR940617-0-00125 0
447 0 FR940617-0-00126 0
447 0 FR940617-0-00129 0
447 0 FR940617-0-00130 0
447 0 FR940617-0-00131 0
447 0 FR940617-0-00133 0
447 0 FR940617-0-00135 0
447 0 FR940617-0-00136 0
447 0 FR940617-0-00140 0
447 0 FR940617-0-00142 0
447 0 FR940617-0-00143 0
447 0 FR940617-0-00144 0
447 0 FR940617-0-00150 0
447 0 FR940617-0-00155 0
447 0 FR940617-0-00158 0
447 0 FR940617-0-00159 0
447 0 FR940617-0-00160 0
447 0 FR940617-0-00161 0
447 0 FR940617-0-00162 0
447 0 FR940617-0-00163 0
447 0 FR940617-0-00164 0
447 0 FR940617-0-00165 0
447 0 FR940617-0-00168 0
447 0 FR940617-0-00189 0
447 0 FR940617-0-00200 0
447 0 FR940617-0-00207 0
447 0 FR940617-0-00208 0
447 0 FR940617-0-00211 0
447 0 FR940617-0-00212 0
447 0 FR940617-0-00213 0
447 0 FR940617-0-00225 0
447 0 FR940617-0-00226 0
447 0 FR940617-0-00227 0
447 0 FR940617-0-00228 0
447 0 FR940617-0-00229 0
447 0 FR940617-0-00230 0
447 0 FR940617-0-00231 0
447 0 FR940617-0-00232 0
447 0 FR940617-0-00233 0
447 0 FR940617-0-00234 0
447 0 FR940617-0-00235 0
447 0 FR940617-0-00237 0
447 0 FR940617-0-00238 0
447 0 FR940617-0-00239 0
447 0 FR940617-0-00241 0
447 0 FR940617-0-00242 0
447 0 FR940617-2-00078 0
447 0 FR940620-0-00019 0
447 0 FR940620-0-00073 0
447 0 FR940620-0-00169 0
447 0 FR940621-2-00072 0
447 0 FR940622-2-00075 0
447 0 FR940627-0-00137 0
447 0 FR940627-0-00139 0
447 0 FR940627-0-00212 0
447 0 FR940627-0-00234 0
447 0 FR940630-0-00014 0
447 0 FR940630-1-00028 0
447 0 FR940630-1-00040 0
447 0 FR940630-1-00046 0
447 0 FR940630-2-00029 0
447 0 FR940630-2-00031 0
447 0 FR940705-2-00236 0
447 0 FR940706-2-00126 0
447 0 FR940707-1-00010 0
447 0 FR940711-1-00006 0
447 0 FR940711-2-00054 0
447 0 FR940712-1-00027 0
447 0 FR940719-1-00033 0
447 0 FR940719-1-00039 0
447 0 FR940720-0-00100 0
447 0 FR940720-0-00101 0
447 0 FR940720-0-00104 0
447 0 FR940720-0-00105 0
447 0 FR940720-0-00110 0
447 0 FR940720-0-00113 0
447 0 FR940720-0-00114 0
447 0 FR940720-0-00116 0
447 0 FR940720-0-00121 0
447 0 FR940721-0-00070 0
447 0 FR940721-0-00089 0
447 0 FR940721-2-00134 0
447 0 FR940722-2-00054 0
447 0 FR940722-2-00114 0
447 0 FR940725-1-00074 0
447 0 FR940725-1-00075 0
447 0 FR940725-1-00077 0
447 0 FR940725-2-00141 0
447 0 FR940728-1-00018 0
447 0 FR940803-0-00117 0
447 0 FR940803-0-00122 0
447 0 FR940803-2-00023 0
447 0 FR940803-2-00061 0
447 0 FR940803-2-00081 0
447 0 FR940804-1-00043 0
447 0 FR940810-0-00073 0
447 0 FR940810-0-00096 0
447 0 FR940810-0-00115 0
447 0 FR940810-0-00160 0
447 0 FR940810-1-00011 0
447 0 FR940810-2-00024 0
447 0 FR940811-0-00017 0
447 0 FR940817-0-00077 0
447 0 FR940817-1-00022 0
447 0 FR940817-2-00098 0
447 0 FR940817-2-00213 0
447 0 FR940819-0-00056 0
447 0 FR940819-0-00059 0
447 0 FR940825-1-00008 0
447 0 FR940826-0-00084 0
447 0 FR940826-0-00085 0
447 0 FR940826-0-00086 0
447 0 FR940826-0-00087 0
447 0 FR940826-0-00088 0
447 0 FR940826-0-00089 0
447 0 FR940826-0-00090 0
447 0 FR940826-0-00091 0
447 0 FR940826-0-00092 0
447 0 FR940826-0-00096 0
447 0 FR940826-0-00098 0
447 0 FR940826-0-00099 0
447 0 FR940826-0-00100 0
447 0 FR940826-0-00101 0
447 0 FR940826-0-00102 0
447 0 FR940826-0-00103 0
447 0 FR940826-2-00040 0
447 0 FR940830-0-00096 0
447 0 FR940830-2-00026 0
447 0 FR940830-2-00136 0
447 0 FR940831-0-00021 0
447 0 FR940831-0-00074 0
447 0 FR940831-2-00107 0
447 0 FR940831-2-00165 0
447 0 FR940902-0-00019 0
447 0 FR940902-1-00048 0
447 0 FR940906-1-00006 0
447 0 FR940907-2-00093 0
447 0 FR940913-2-00117 0
447 0 FR940916-0-00070 0
447 0 FR940916-0-00071 0
447 0 FR940916-0-00072 0
447 0 FR940916-1-00029 0
447 0 FR940916-1-00133 0
447 0 FR940919-2-00010 0
447 0 FR940920-1-00116 0
447 0 FR940920-2-00051 0
447 0 FR940921-0-00039 0
447 0 FR940921-0-00064 0
447 0 FR940921-0-00065 0
447 0 FR940921-0-00066 0
447 0 FR940921-0-00080 0
447 0 FR940921-0-00089 0
447 0 FR940921-0-00136 0
447 0 FR940921-0-00147 0
447 0 FR940921-0-00151 0
447 0 FR940921-0-00152 0
447 0 FR940921-0-00153 0
447 0 FR940921-2-00028 0
447 0 FR940922-2-00055 0
447 0 FR940926-1-00032 0
447 0 FR940926-1-00033 0
447 0 FR940926-1-00034 0
447 0 FR940926-1-00035 0
447 0 FR940926-1-00038 0
447 0 FR940926-1-00039 0
447 0 FR940927-0-00113 0
447 0 FR940930-0-00149 0
447 0 FR940930-0-00150 0
447 0 FR940930-0-00151 0
447 0 FR940930-0-00152 0
447 0 FR940930-1-00003 0
447 0 FR940930-1-00004 0
447 0 FR940930-1-00025 0
447 0 FR940930-1-00061 0
447 0 FR940930-2-00027 0
447 0 FR941003-0-00077 0
447 0 FR941004-1-00014 0
447 0 FR941005-0-00018 0
447 0 FR941006-0-00060 0
447 0 FR941006-0-00082 0
447 0 FR941007-2-00051 0
447 0 FR941007-2-00052 0
447 0 FR941011-2-00023 0
447 0 FR941012-2-00106 0
447 0 FR941012-2-00146 0
447 0 FR941013-0-00006 0
447 0 FR941013-0-00010 0
447 0 FR941013-1-00033 0
447 0 FR941017-2-00035 0
447 0 FR941017-2-00036 0
447 0 FR941019-0-00079 0
447 0 FR941020-2-00153 0
447 0 FR941021-0-00072 0
447 0 FR941021-2-00024 0
447 0 FR941021-2-00119 0
447 0 FR941025-0-00026 0
447 0 FR941025-0-00062 0
447 0 FR941026-2-00082 0
447 0 FR941028-2-00010 0
447 0 FR941028-2-00057 0
447 0 FR941107-2-00231 0
447 0 FR941110-1-00008 0
447 0 FR941110-1-00075 0
447 0 FR941110-1-00077 0
447 0 FR941110-1-00098 0
447 0 FR941110-1-00120 0
447 0 FR941116-0-00016 0
447 0 FR941116-1-00015 0
447 0 FR941117-2-00158 0
447 0 FR941121-1-00003 0
447 0 FR941122-1-00032 0
447 0 FR941122-2-00131 0
447 0 FR941122-2-00132 0
447 0 FR941130-2-00022 0
447 0 FR941205-2-00110 0
447 0 FR941206-1-00134 0
447 0 FR941207-2-00032 0
447 0 FR941207-2-00068 0
447 0 FR941212-0-00137 0
447 0 FR941212-1-00040 0
447 0 FR941212-2-00012 0
447 0 FR941216-0-00074 0
447 0 FR941216-1-00003 0
447 0 FR941219-2-00040 0
447 0 FR941219-2-00180 0
447 0 FR941220-1-00002 0
447 0 FR941221-2-00104 0
447 0 FR941222-2-00028 0
447 0 FT911-1233 0
447 0 FT911-140 0
447 0 FT911-2720 0
447 0 FT911-3642 0
447 0 FT911-3908 0
447 0 FT911-3927 0
447 0 FT911-4015 0
447 0 FT921-10458 0
447 0 FT921-10955 0
447 0 FT921-11158 0
447 0 FT921-11425 0
447 0 FT921-12267 0
447 0 FT921-12538 0
447 0 FT921-13904 0
447 0 FT921-1413 0
447 0 FT921-14319 0
447 0 FT921-14345 0
447 0 FT921-14919 0
447 0 FT921-15034 0
447 0 FT921-15337 0
447 0 FT921-2430 0
447 0 FT921-2582 0
447 0 FT921-3133 0
447 0 FT921-3223 0
447 0 FT921-371 0
447 0 FT921-3810 0
447 0 FT921-4411 0
447 0 FT921-5241 0
447 0 FT921-6743 0
447 0 FT921-7321 0
447 0 FT921-7699 0
447 0 FT921-8293 0
447 0 FT921-8541 0
447 0 FT921-9791 0
447 0 FT922-10214 0
447 0 FT922-11393 0
447 0 FT922-11395 0
447 0 FT922-11612 0
447 0 FT922-12247 0
447 0 FT922-12332 0
447 0 FT922-12594 0
447 0 FT922-12812 0
447 0 FT922-12862 0
447 0 FT922-12942 0
447 0 FT922-13041 0
447 0 FT922-13357 0
447 0 FT922-13531 0
447 0 FT922-13581 0
447 0 FT922-13613 0
447 0 FT922-14027 0
447 0 FT922-14088 0
447 0 FT922-14099 0
447 0 FT922-1423 0
447 0 FT922-14470 0
447 0 FT922-14515 0
447 0 FT922-1459 0
447 0 FT922-1480 0
447 0 FT922-15514 0
447 0 FT922-2885 0
447 0 FT922-2906 0
447 0 FT922-3067 0
447 0 FT922-3108 0
447 0 FT922-4077 0
447 0 FT922-4933 0
447 0 FT922-4951 0
447 0 FT922-5394 0
447 0 FT922-7759 0
447 0 FT922-8173 0
447 0 FT922-8931 0
447 0 FT922-9190 0
447 0 FT922-9302 0
447 0 FT922-9470 0
447 0 FT923-10032 0
447 0 FT923-10246 0
447 0 FT923-10433 0
447 0 FT923-11555 0
447 0 FT923-12018 0
447 0 FT923-13222 0
447 0 FT923-14549 0
447 0 FT923-14945 0
447 0 FT923-15456 0
447 0 FT923-15543 0
447 0 FT923-15544 0
447 0 FT923-1955 0
447 0 FT923-3280 0
447 0 FT923-3577 0
447 0 FT923-4505 0
447 0 FT923-5250 0
447 0 FT923-5256 0
447 0 FT923-528 0
447 0 FT923-6013 0
447 0 FT923-7180 0
447 0 FT923-733 0
447 0 FT923-7810 0
447 0 FT923-831 0
447 0 FT923-9316 0
447 0 FT923-9334 0
447 0 FT923-9505 0
447 0 FT924-10199 0
447 0 FT924-10352 0
447 0 FT924-10651 0
447 0 FT924-10723 0
447 0 FT924-10901 0
447 0 FT924-11003 0
447 0 FT924-12157 0
447 0 FT924-12732 0
447 0 FT924-1400 0
447 0 FT924-14007 0
447 0 FT924-14493 0
447 0 FT924-14768 0
447 0 FT924-15319 0
447 0 FT924-16059 0
447 0 FT924-1759 0
447 0 FT924-2544 0
447 0 FT924-2899 0
447 0 FT924-3606 0
447 0 FT924-3713 0
447 0 FT924-3767 0
447 0 FT924-3866 0
447 0 FT924-4250 0
447 0 FT924-4482 0
447 0 FT924-479 0
447 0 FT924-6107 0
447 0 FT924-6108 0
447 0 FT924-6531 0
447 0 FT924-671 0
447 0 FT924-7 0
447 0 FT924-7671 0
447 0 FT931-1080 0
447 0 FT931-12886 0
447 0 FT931-14488 0
447 0 FT931-16187 0
447 0 FT931-16335 0
447 0 FT931-1709 0
447 0 FT931-17101 0
447 0 FT931-2261 0
447 0 FT931-3538 0
447 0 FT931-3879 0
447 0 FT931-3928 0
447 0 FT931-4075 0
447 0 FT931-4100 0
447 0 FT931-4274 0
447 0 FT931-6015 0
447 0 FT931-6695 0
447 0 FT931-6705 0
447 0 FT931-6785 0
447 0 FT931-8135 0
447 0 FT931-8259 0
447 0 FT931-9519 0
447 0 FT931-9874 0
447 0 FT932-10258 0
447 0 FT932-10455 0
447 0 FT932-10600 0
447 0 FT932-11804 0
447 0 FT932-11810 0
447 0 FT932-12401 0
447 0 FT932-13984 0
447 0 FT932-14121 0
447 0 FT932-14373 0
447 0 FT932-15038 0
447 0 FT932-15099 0
447 0 FT932-15983 0
447 0 FT932-16761 0
447 0 FT932-16955 0
447 0 FT932-1780 0
447 0 FT932-2662 0
447 0 FT932-3178 0
447 0 FT932-3539 0
447 0 FT932-366 0
447 0 FT932-3849 0
447 0 FT932-4125 0
447 0 FT932-4233 0
447 0 FT932-4600 0
447 0 FT932-4601 0
447 0 FT932-532 0
447 0 FT932-5979 0
447 0 FT932-6135 0
447 0 FT932-6167 0
447 0 FT932-6839 0
447 0 FT932-7125 0
447 0 FT932-7541 0
447 0 FT932-8184 0
447 0 FT932-8234 0
447 0 FT932-8265 0
447 0 FT932-8622 0
447 0 FT932-8692 0
447 0 FT932-9737 0
447 0 FT933-10654 0
447 0 FT933-11256 0
447 0 FT933-11280 0
447 0 FT933-11291 0
447 0 FT933-11509 0
447 0 FT933-13124 0
447 0 FT933-13190 0
447 0 FT933-13422 0
447 0 FT933-14359 0
447 0 FT933-14423 0
447 0 FT933-14617 0
447 0 FT933-15423 0
447 0 FT933-16226 0
447 0 FT933-16471 0
447 0 FT933-16481 0
447 0 FT933-1949 0
447 0 FT933-2485 0
447 0 FT933-3289 0
447 0 FT933-331 0
447 0 FT933-5448 0
447 0 FT933-5465 0
447 0 FT933-8058 0
447 0 FT933-8287 0
447 0 FT933-8657 0
447 0 FT934-10416 0
447 0 FT934-12623 0
447 0 FT934-12909 0
447 0 FT934-13051 0
447 0 FT934-13338 0
447 0 FT934-14107 0
447 0 FT934-14959 0
447 0 FT934-15523 0
447 0 FT934-15697 0
447 0 FT934-16716 0
447 0 FT934-16929 0
447 0 FT934-17193 0
447 0 FT934-17212 0
447 0 FT934-1728 0
447 0 FT934-2591 0
447 0 FT934-3030 0
447 0 FT934-3769 0
447 0 FT934-3819 0
447 0 FT934-421 0
447 0 FT934-5596 0
447 0 FT934-6882 0
447 0 FT934-7575 0
447 0 FT934-7649 0
447 0 FT934-83 0
447 0 FT934-8706 0
447 0 FT941-10129 0
447 0 FT941-11373 0
447 0 FT941-11466 0
447 0 FT941-12399 0
447 0 FT941-12475 0
447 0 FT941-13517 0
447 0 FT941-13650 0
447 0 FT941-14820 0
447 0 FT941-15061 0
447 0 FT941-16511 0
447 0 FT941-16609 0
447 0 FT941-2209 0
447 0 FT941-2776 0
447 0 FT941-3300 0
447 0 FT941-3758 0
447 0 FT941-4061 0
447 0 FT941-6189 0
447 0 FT941-6349 0
447 0 FT941-7822 0
447 0 FT941-8069 0
447 0 FT941-8389 0
447 0 FT941-9620 0
447 0 FT942-13271 0
447 0 FT942-13574 0
447 0 FT942-13849 0
447 0 FT942-14206 0
447 0 FT942-14375 0
447 0 FT942-14764 0
447 0 FT942-15408 0
447 0 FT942-16471 0
447 0 FT942-2056 0
447 0 FT942-2918 0
447 0 FT942-3638 0
447 0 FT942-3728 0
447 0 FT942-3903 0
447 0 FT942-3990 0
447 0 FT942-4406 0
447 0 FT942-5000 0
447 0 FT942-6031 0
447 0 FT942-6273 0
447 0 FT942-6749 0
447 0 FT942-8614 0
447 0 FT942-9102 0
447 0 FT942-9109 0
447 0 FT943-10133 0
447 0 FT943-10226 0
447 0 FT943-11031 0
447 0 FT943-11321 0
447 0 FT943-12126 0
447 0 FT943-13128 0
447 0 FT943-13220 0
447 0 FT943-13290 0
447 0 FT943-14265 0
447 0 FT943-14296 0
447 0 FT943-15869 0
447 0 FT943-17009 0
447 0 FT943-17111 0
447 0 FT943-2464 0
447 0 FT943-3688 0
447 0 FT943-4643 0
447 0 FT943-5193 0
447 0 FT943-5608 0
447 0 FT943-6838 0
447 0 FT943-8500 0
447 0 FT943-8628 0
447 0 FT943-947 0
447 0 FT943-9724 0
447 0 FT943-9731 0
447 0 FT944-13774 0
447 0 FT944-13978 0
447 0 FT944-140 0
447 0 FT944-14454 0
447 0 FT944-14941 0
447 0 FT944-1524 0
447 0 FT944-15306 0
447 0 FT944-15352 0
447 0 FT944-15948 0
447 0 FT944-16001 0
447 0 FT944-16009 0
447 0 FT944-16057 0
447 0 FT944-16779 0
447 0 FT944-16928 0
447 0 FT944-17790 0
447 0 FT944-17887 0
447 0 FT944-18555 0
447 0 FT944-18920 0
447 0 FT944-1907 0
447 0 FT944-2115 0
447 0 FT944-2245 0
447 0 FT944-2686 0
447 0 FT944-2950 0
447 0 FT944-3015 0
447 0 FT944-3304 0
447 0 FT944-4215 0
447 0 FT944-4995 0
447 0 FT944-5002 0
447 0 FT944-5992 0
447 0 FT944-6124 0
447 0 FT944-6367 0
447 0 FT944-6966 0
447 0 FT944-7972 0
447 0 FT944-8232 0
447 0 FT944-8320 0
447 0 FT944-8755 0
447 0 FT944-9044 0
447 0 FT944-9070 0
447 0 FT944-9268 0
447 0 LA010490-0007 0
447 0 LA010490-0008 0
447 0 LA010490-0009 0
447 0 LA010490-0010 0
447 0 LA010490-0011 0
447 0 LA010490-0012 0
447 0 LA010490-0013 0
447 0 LA010490-0014 0
447 0 LA010490-0015 0
447 0 LA010490-0016 0
447 0 LA010490-0017 0
447 0 LA010490-0018 0
447 0 LA010490-0019 0
447 0 LA010490-0020 0
447 0 LA010490-0021 0
447 0 LA010490-0022 0
447 0 LA010490-0023 0
447 0 LA010490-0024 0
447 0 LA010490-0025 0
447 0 LA010490-0026 0
447 0 LA010490-0027 0
447 0 LA010490-0028 0
447 0 LA010490-0029 0
447 0 LA010490-0030 0
447 0 LA010490-0031 0
447 0 LA010490-0032 0
447 0 LA010490-0033 0
447 0 LA010490-0034 0
447 0 LA010490-0035 0
447 0 LA010490-0036 0
447 0 LA010490-0037 0
447 0 LA010490-0038 0
447 0 LA010490-0039 0
447 0 LA010490-0040 0
447 0 LA010490-0041 0
447 0 LA010490-0042 0
447 0 LA010490-0043 0
447 0 LA010490-0044 0
447 0 LA010490-0045 0
447 0 LA010490-0046 0
447 0 LA010490-0047 0
447 0 LA010490-0048 0
447 0 LA010490-0049 0
447 0 LA010490-0050 0
447 0 LA010490-0051 0
447 0 LA010490-0052 0
447 0 LA010490-0053 0
447 0 LA010490-0054 0
447 0 LA010490-0055 0
447 0 LA010490-0056 0
447 0 LA010490-0057 0
447 0 LA010490-0058 0
447 0 LA010490-0059 0
447 0 LA010490-0060 0
447 0 LA010490-0061 0
447 0 LA010490-0062 0
447 0 LA010490-0063 0
447 0 LA010490-0064 0
447 0 LA010490-0065 0
447 0 LA010490-0066 0
447 0 LA010490-0067 0
447 0 LA010490-0068 0
447 0 LA010490-0069 0
447 0 LA010490-0070 0
447 0 LA010490-0071 0
447 0 LA010490-0072 0
447 0 LA010490-0073 0
447 0 LA010490-0074 0
447 0 LA010490-0075 0
447 0 LA010490-0076 0
447 0 LA010490-0077 0
447 0 LA010490-0078 0
447 0 LA010490-0079 0
447 0 LA010490-0080 0
447 0 LA010490-0081 0
447 0 LA010490-0082 0
447 0 LA010490-0083 0
447 0 LA010490-0084 0
447 0 LA010490-0085 0
447 0 LA010490-0086 0
447 0 LA010490-0087 0
447 0 LA010490-0088 0
447 0 LA010490-0089 0
447 0 LA010490-0090 0
447 0 LA010490-0091 0
447 0 LA010490-0092 0
447 0 LA010490-0093 0
447 0 LA010490-0094 0
447 0 LA010490-0095 0
447 0 LA010490-0096 0
447 0 LA010490-0097 0
447 0 LA010490-0098 0
447 0 LA010490-0099 0
447 0 LA010589-0062 0
447 0 LA010589-0119 0
447 0 LA010590-0100 0
447 0 LA010689-0079 0
447 0 LA010689-0095 0
447 0 LA010789-0065 0
447 0 LA010789-0071 0
447 0 LA010890-0032 0
447 0 LA010989-0043 0
447 0 LA011389-0018 0
447 0 LA012090-0151 0
447 0 LA012389-0006 0
447 0 LA012389-0075 0
447 0 LA012390-0063 0
447 0 LA012489-0023 0
447 0 LA012489-0057 0
447 0 LA012689-0067 0
447 0 LA012689-0069 0
447 0 LA012989-0016 0
447 0 LA012989-0153 0
447 0 LA013090-0011 0
447 0 LA020189-0001 0
447 0 LA020289-0038 0
447 0 LA020289-0087 0
447 0 LA020290-0075 0
447 0 LA020490-0126 0
447 0 LA020789-0121 0
447 0 LA020889-0027 0
447 0 LA020989-0097 0
447 0 LA021190-0006 0
447 0 LA021390-0093 0
447 0 LA021589-0007 0
447 0 LA021590-0063 0
447 0 LA021889-0054 0
447 0 LA021889-0140 0
447 0 LA022089-0075 0
447 0 LA022389-0088 0
447 0 LA022689-0121 0
447 0 LA022689-0123 0
447 0 LA022889-0144 0
447 0 LA030190-0062 0
447 0 LA030389-0012 0
447 0 LA030589-0180 0
447 0 LA030689-0066 0
447 0 LA030789-0009 0
447 0 LA030989-0065 0
447 0 LA031189-0069 0
447 0 LA031289-0085 0
447 0 LA031290-0124 0
447 0 LA031990-0119 0
447 0 LA032189-0038 0
447 0 LA032290-0237 0
447 0 LA032490-0002 0
447 0 LA032689-0189 0
447 0 LA032990-0037 0
447 0 LA033089-0014 0
447 0 LA033089-0020 0
447 0 LA040390-0127 0
447 0 LA040489-0056 0
447 0 LA040689-0084 0
447 0 LA041290-0078 0
447 0 LA041889-0029 0
447 0 LA041989-0004 0
447 0 LA041989-0120 0
447 0 LA042489-0048 0
447 0 LA042590-0153 0
447 0 LA042990-0226 0
447 0 LA050390-0118 0
447 0 LA050589-0089 0
447 0 LA050789-0123 0
447 0 LA050789-0197 0
447 0 LA051090-0036 0
447 0 LA051189-0038 0
447 0 LA051190-0048 0
447 0 LA051389-0131 0
447 0 LA051989-0024 0
447 0 LA052290-0106 0
447 0 LA052389-0039 0
447 0 LA052490-0076 0
447 0 LA053190-0035 0
447 0 LA060189-0046 0
447 0 LA060789-0140 0
447 0 LA060889-0112 0
447 0 LA061589-0028 0
447 0 LA062090-0046 0
447 0 LA062289-0104 0
447 0 LA062389-0067 0
447 0 LA070289-0115 0
447 0 LA070590-0012 0
447 0 LA070689-0042 0
447 0 LA071490-0052 0
447 0 LA071589-0074 0
447 0 LA071889-0130 0
447 0 LA071990-0038 0
447 0 LA073089-0199 0
447 0 LA073189-0030 0
447 0 LA080489-0058 0
447 0 LA080990-0083 0
447 0 LA081489-0001 0
447 0 LA081690-0022 0
447 0 LA082090-0138 0
447 0 LA082489-0053 0
447 0 LA082690-0126 0
447 0 LA083090-0053 0
447 0 LA083090-0156 0
447 0 LA083189-0108 0
447 0 LA090189-0116 0
447 0 LA090389-0156 0
447 0 LA090690-0039 0
447 0 LA090889-0006 0
447 0 LA090889-0090 0
447 0 LA090890-0038 0
447 0 LA091290-0101 0
447 0 LA091590-0058 0
447 0 LA091689-0004 0
447 0 LA092189-0203 0
447 0 LA092389-0092 0
447 0 LA092390-0036 0
447 0 LA092689-0134 0
447 0 LA092690-0107 0
447 0 LA092889-0027 0
447 0 LA100189-0021 0
447 0 LA100590-0047 0
447 0 LA101190-0033 0
447 0 LA101289-0181 0
447 0 LA101490-0157 0
447 0 LA101789-0038 0
447 0 LA101789-0067 0
447 0 LA101989-0051 0
447 0 LA102089-0047 0
447 0 LA102190-0219 0
447 0 LA102290-0136 0
447 0 LA102390-0040 0
447 0 LA102489-0136 0
447 0 LA102689-0070 0
447 0 LA103089-0060 0
447 0 LA110190-0069 0
447 0 LA110490-0040 0
447 0 LA110890-0133 0
447 0 LA111289-0209 0
447 0 LA111390-0128 0
447 0 LA111490-0054 0
447 0 LA111689-0031 0
447 0 LA111989-0200 0
447 0 LA112090-0119 0
447 0 LA112189-0132 0
447 0 LA112289-0057 0
447 0 LA112290-0174 0
447 0 LA112489-0071 0
447 0 LA112990-0136 0
447 0 LA113089-0055 0
447 0 LA113089-0195 0
447 0 LA113089-0201 0
447 0 LA120389-0080 0
447 0 LA120389-0135 0
447 0 LA120689-0112 0
447 0 LA121489-0066 0
447 0 LA121489-0070 0
447 0 LA121489-0072 0
447 0 LA121489-0110 0
447 0 LA122589-0038 0
447 0 LA122590-0010 0
447 0 LA122689-0047 0
447 0 LA122789-0055 0
447 0 LA122889-0006 0
447 0 LA123090-0166 0
447 0 LA123189-0051 0
447 0 LA123189-0072 0
447 0 LA123189-0078 0
447 0 LA123189-0087 0
447 0 LA123189-0105 0
447 0 LA123189-0108 0
447 0 LA123190-0042 0
