432 0 FBIS3-1190 0
432 0 FBIS3-12351 0
432 0 FBIS3-1252 0
432 0 FBIS3-1332 0
432 0 FBIS3-13430 0
432 0 FBIS3-1392 0
432 0 FBIS3-14056 0
432 0 FBIS3-14217 0
432 0 FBIS3-14832 0
432 0 FBIS3-1504 0
432 0 FBIS3-16393 0
432 0 FBIS3-1678 0
432 0 FBIS3-17354 0
432 0 FBIS3-18288 0
432 0 FBIS3-18733 0
432 0 FBIS3-18794 0
432 0 FBIS3-2044 0
432 0 FBIS3-20444 0
432 0 FBIS3-20796 0
432 0 FBIS3-20844 0
432 0 FBIS3-20856 0
432 0 FBIS3-21056 0
432 0 FBIS3-2115 0
432 0 FBIS3-21735 0
432 0 FBIS3-21879 0
432 0 FBIS3-21966 0
432 0 FBIS3-21968 0
432 0 FBIS3-22068 0
432 0 FBIS3-22825 0
432 0 FBIS3-23 0
432 0 FBIS3-23332 0
432 0 FBIS3-23333 0
432 0 FBIS3-23561 0
432 0 FBIS3-24043 0
432 0 FBIS3-24359 0
432 0 FBIS3-24469 0
432 0 FBIS3-24678 0
432 0 FBIS3-25104 0
432 0 FBIS3-25157 0
432 0 FBIS3-25603 0
432 0 FBIS3-26490 0
432 0 FBIS3-26719 0
432 0 FBIS3-27330 0
432 0 FBIS3-27452 0
432 0 FBIS3-27474 0
432 0 FBIS3-28098 0
432 0 FBIS3-2848 0
432 0 FBIS3-29 0
432 0 FBIS3-2918 0
432 0 FBIS3-3190 0
432 0 FBIS3-325 0
432 0 FBIS3-3286 0
432 0 FBIS3-34285 0
432 0 FBIS3-34377 0
432 0 FBIS3-34563 0
432 0 FBIS3-35228 0
432 0 FBIS3-35229 0
432 0 FBIS3-36078 0
432 0 FBIS3-37947 0
432 0 FBIS3-39126 0
432 0 FBIS3-39392 0
432 0 FBIS3-39883 0
432 0 FBIS3-40373 0
432 0 FBIS3-40483 0
432 0 FBIS3-40497 0
432 0 FBIS3-40705 0
432 0 FBIS3-41077 0
432 0 FBIS3-41388 0
432 0 FBIS3-41395 0
432 0 FBIS3-41959 0
432 0 FBIS3-42399 0
432 0 FBIS3-42400 0
432 0 FBIS3-42870 0
432 0 FBIS3-43068 0
432 0 FBIS3-43166 0
432 0 FBIS3-43220 0
432 0 FBIS3-43259 0
432 0 FBIS3-43349 0
432 0 FBIS3-43938 0
432 0 FBIS3-44056 0
432 0 FBIS3-4546 0
432 0 FBIS3-46142 0
432 0 FBIS3-46614 0
432 0 FBIS3-46978 0
432 0 FBIS3-47894 0
432 0 FBIS3-48060 0
432 0 FBIS3-49034 0
432 0 FBIS3-49397 0
432 0 FBIS3-49407 0
432 0 FBIS3-50510 0
432 0 FBIS3-51348 0
432 0 FBIS3-51914 0
432 0 FBIS3-53722 0
432 0 FBIS3-53728 0
432 0 FBIS3-54344 0
432 0 FBIS3-54460 0
432 0 FBIS3-54461 0
432 0 FBIS3-54564 0
432 0 FBIS3-56360 0
432 0 FBIS3-578 0
432 0 FBIS3-58 0
432 0 FBIS3-58007 0
432 0 FBIS3-58037 0
432 0 FBIS3-59174 0
432 0 FBIS3-599 0
432 0 FBIS3-59980 0
432 0 FBIS3-60044 1
432 0 FBIS3-60052 0
432 0 FBIS3-60061 0
432 0 FBIS3-60085 0
432 0 FBIS3-60086 0
432 0 FBIS3-60105 0
432 0 FBIS3-60109 0
432 0 FBIS3-60110 0
432 0 FBIS3-60168 0
432 0 FBIS3-60178 0
432 0 FBIS3-60182 0
432 0 FBIS3-60201 0
432 0 FBIS3-60336 0
432 0 FBIS3-60876 0
432 0 FBIS3-61122 0
432 0 FBIS3-61335 0
432 0 FBIS3-61336 0
432 0 FBIS3-6636 0
432 0 FBIS3-667 0
432 0 FBIS3-67 0
432 0 FBIS3-6953 0
432 0 FBIS3-7252 0
432 0 FBIS3-7547 0
432 0 FBIS3-9005 0
432 0 FBIS4-1000 0
432 0 FBIS4-10418 0
432 0 FBIS4-10485 0
432 0 FBIS4-1089 0
432 0 FBIS4-11284 0
432 0 FBIS4-11689 0
432 0 FBIS4-121 0
432 0 FBIS4-12632 0
432 0 FBIS4-13220 0
432 0 FBIS4-13523 0
432 0 FBIS4-1353 0
432 0 FBIS4-14331 0
432 0 FBIS4-14860 0
432 0 FBIS4-160 0
432 0 FBIS4-1628 0
432 0 FBIS4-164 0
432 0 FBIS4-16406 0
432 0 FBIS4-166 0
432 0 FBIS4-16605 0
432 0 FBIS4-1720 0
432 0 FBIS4-1865 0
432 0 FBIS4-18670 0
432 0 FBIS4-19 0
432 0 FBIS4-20473 0
432 0 FBIS4-21111 0
432 0 FBIS4-21286 1
432 0 FBIS4-21307 0
432 0 FBIS4-21334 0
432 0 FBIS4-2135 0
432 0 FBIS4-21522 0
432 0 FBIS4-217 0
432 0 FBIS4-21785 0
432 0 FBIS4-22055 0
432 0 FBIS4-22568 0
432 0 FBIS4-22666 0
432 0 FBIS4-22768 0
432 0 FBIS4-23084 0
432 0 FBIS4-23426 0
432 0 FBIS4-2371 0
432 0 FBIS4-2439 0
432 0 FBIS4-2451 0
432 0 FBIS4-24633 0
432 0 FBIS4-24822 0
432 0 FBIS4-24825 0
432 0 FBIS4-26331 0
432 0 FBIS4-26398 0
432 0 FBIS4-26743 0
432 0 FBIS4-27085 0
432 0 FBIS4-2734 0
432 0 FBIS4-27397 0
432 0 FBIS4-280 0
432 0 FBIS4-2850 0
432 0 FBIS4-29807 0
432 0 FBIS4-30466 0
432 0 FBIS4-30835 0
432 0 FBIS4-31645 0
432 0 FBIS4-31787 0
432 0 FBIS4-34035 0
432 0 FBIS4-35095 0
432 0 FBIS4-36129 0
432 0 FBIS4-36847 0
432 0 FBIS4-36961 0
432 0 FBIS4-37350 0
432 0 FBIS4-37437 0
432 0 FBIS4-3749 0
432 0 FBIS4-37674 0
432 0 FBIS4-38149 0
432 0 FBIS4-3961 0
432 0 FBIS4-4067 0
432 0 FBIS4-42 0
432 0 FBIS4-42282 0
432 0 FBIS4-42552 0
432 0 FBIS4-42558 0
432 0 FBIS4-42743 0
432 0 FBIS4-43801 0
432 0 FBIS4-44165 0
432 0 FBIS4-44854 0
432 0 FBIS4-44913 0
432 0 FBIS4-45191 0
432 0 FBIS4-45234 0
432 0 FBIS4-45274 0
432 0 FBIS4-45275 0
432 0 FBIS4-45298 0
432 0 FBIS4-45353 1
432 0 FBIS4-45354 1
432 0 FBIS4-45381 0
432 0 FBIS4-45413 0
432 0 FBIS4-45469 0
432 0 FBIS4-45477 0
432 0 FBIS4-45568 0
432 0 FBIS4-45576 0
432 0 FBIS4-45736 0
432 0 FBIS4-45854 0
432 0 FBIS4-46320 0
432 0 FBIS4-46339 0
432 0 FBIS4-46462 0
432 0 FBIS4-46649 0
432 0 FBIS4-46720 0
432 0 FBIS4-46733 0
432 0 FBIS4-46912 0
432 0 FBIS4-47609 0
432 0 FBIS4-4763 0
432 0 FBIS4-4766 0
432 0 FBIS4-47743 0
432 0 FBIS4-47950 0
432 0 FBIS4-48145 0
432 0 FBIS4-49075 0
432 0 FBIS4-49108 0
432 0 FBIS4-49245 0
432 0 FBIS4-49310 0
432 0 FBIS4-49457 0
432 0 FBIS4-49934 0
432 0 FBIS4-50026 0
432 0 FBIS4-50223 0
432 0 FBIS4-503 0
432 0 FBIS4-5032 0
432 0 FBIS4-50513 0
432 0 FBIS4-51037 0
432 0 FBIS4-53432 0
432 0 FBIS4-53443 0
432 0 FBIS4-54451 0
432 0 FBIS4-54510 0
432 0 FBIS4-55912 0
432 0 FBIS4-56389 0
432 0 FBIS4-56733 0
432 0 FBIS4-57453 0
432 0 FBIS4-58010 0
432 0 FBIS4-58611 0
432 0 FBIS4-58614 0
432 0 FBIS4-59105 0
432 0 FBIS4-59643 0
432 0 FBIS4-60118 0
432 0 FBIS4-60663 0
432 0 FBIS4-61192 0
432 0 FBIS4-61648 0
432 0 FBIS4-61746 0
432 0 FBIS4-64192 0
432 0 FBIS4-64199 0
432 0 FBIS4-65091 0
432 0 FBIS4-65212 0
432 0 FBIS4-66185 0
432 0 FBIS4-66951 0
432 0 FBIS4-67007 0
432 0 FBIS4-67177 0
432 0 FBIS4-67187 0
432 0 FBIS4-67301 0
432 0 FBIS4-67304 0
432 0 FBIS4-67308 0
432 0 FBIS4-67997 0
432 0 FBIS4-68220 0
432 0 FBIS4-68275 0
432 0 FBIS4-68416 0
432 0 FBIS4-68446 0
432 0 FBIS4-691 0
432 0 FBIS4-73 0
432 0 FBIS4-7346 0
432 0 FBIS4-8542 0
432 0 FBIS4-9158 0
432 0 FBIS4-9177 0
432 0 FBIS4-9836 0
432 0 FR940104-0-00032 0
432 0 FR940104-0-00033 0
432 0 FR940104-0-00034 0
432 0 FR940104-2-00022 0
432 0 FR940105-2-00109 0
432 0 FR940106-0-00046 0
432 0 FR940106-0-00051 0
432 0 FR940106-2-00033 0
432 0 FR940106-2-00049 0
432 0 FR940106-2-00134 0
432 0 FR940110-1-00118 0
432 0 FR940110-1-00120 0
432 0 FR940112-1-00043 0
432 0 FR940114-1-00026 0
432 0 FR940114-1-00043 0
432 0 FR940114-1-00049 0
432 0 FR940114-1-00054 0
432 0 FR940118-1-00026 0
432 0 FR940118-2-00122 0
432 0 FR940118-2-00123 0
432 0 FR940118-2-00124 0
432 0 FR940118-2-00128 0
432 0 FR940119-1-00047 0
432 0 FR940119-1-00048 0
432 0 FR940119-2-00067 0
432 0 FR940125-2-00017 0
432 0 FR940126-2-00112 0
432 0 FR940127-2-00157 0
432 0 FR940127-2-00160 0
432 0 FR940127-2-00163 0
432 0 FR940127-2-00166 0
432 0 FR940128-2-00034 0
432 0 FR940202-2-00072 0
432 0 FR940202-2-00089 0
432 0 FR940202-2-00111 0
432 0 FR940203-0-00084 0
432 0 FR940203-0-00089 0
432 0 FR940203-1-00053 0
432 0 FR940203-1-00069 0
432 0 FR940204-1-00002 0
432 0 FR940204-1-00003 0
432 0 FR940204-1-00004 0
432 0 FR940204-1-00006 0
432 0 FR940207-2-00037 0
432 0 FR940208-0-00138 0
432 0 FR940214-2-00041 0
432 0 FR940214-2-00042 0
432 0 FR940216-1-00025 0
432 0 FR940216-2-00036 0
432 0 FR940217-1-00056 0
432 0 FR940223-0-00056 0
432 0 FR940223-0-00059 0
432 0 FR940223-2-00023 0
432 0 FR940223-2-00027 0
432 0 FR940223-2-00133 0
432 0 FR940223-2-00143 0
432 0 FR940302-0-00009 0
432 0 FR940302-2-00059 0
432 0 FR940302-2-00082 0
432 0 FR940303-2-00091 0
432 0 FR940303-2-00111 0
432 0 FR940303-2-00115 0
432 0 FR940303-2-00182 0
432 0 FR940304-1-00096 0
432 0 FR940304-2-00090 0
432 0 FR940304-2-00095 0
432 0 FR940314-1-00041 0
432 0 FR940314-2-00097 0
432 0 FR940314-2-00102 0
432 0 FR940314-2-00106 0
432 0 FR940314-2-00107 0
432 0 FR940314-2-00110 0
432 0 FR940317-2-00052 0
432 0 FR940323-2-00044 0
432 0 FR940323-2-00167 0
432 0 FR940324-1-00037 0
432 0 FR940324-2-00020 0
432 0 FR940324-2-00042 0
432 0 FR940324-2-00046 0
432 0 FR940324-2-00145 0
432 0 FR940324-2-00146 0
432 0 FR940325-2-00223 0
432 0 FR940325-2-00224 0
432 0 FR940325-2-00225 0
432 0 FR940325-2-00226 0
432 0 FR940405-0-00038 0
432 0 FR940405-2-00168 0
432 0 FR940406-0-00168 0
432 0 FR940406-0-00190 0
432 0 FR940406-1-00035 0
432 0 FR940406-2-00081 0
432 0 FR940406-2-00182 0
432 0 FR940407-0-00035 0
432 0 FR940407-2-00153 0
432 0 FR940412-0-00010 0
432 0 FR940412-2-00043 0
432 0 FR940412-2-00100 0
432 0 FR940413-2-00130 0
432 0 FR940414-2-00132 0
432 0 FR940418-2-00079 0
432 0 FR940419-2-00027 0
432 0 FR940419-2-00049 0
432 0 FR940425-2-00038 0
432 0 FR940425-2-00063 0
432 0 FR940425-2-00100 0
432 0 FR940425-2-00104 0
432 0 FR940426-0-00075 0
432 0 FR940426-0-00077 0
432 0 FR940426-0-00078 0
432 0 FR940426-0-00081 0
432 0 FR940426-2-00028 0
432 0 FR940426-2-00040 0
432 0 FR940428-2-00015 0
432 0 FR940428-2-00056 0
432 0 FR940429-0-00175 0
432 0 FR940503-0-00048 0
432 0 FR940503-1-00068 0
432 0 FR940503-2-00052 0
432 0 FR940503-2-00056 0
432 0 FR940503-2-00060 0
432 0 FR940504-1-00065 0
432 0 FR940505-1-00116 0
432 0 FR940505-2-00031 0
432 0 FR940505-2-00140 0
432 0 FR940505-2-00141 0
432 0 FR940505-2-00145 0
432 0 FR940506-2-00022 0
432 0 FR940511-2-00094 0
432 0 FR940511-2-00192 0
432 0 FR940512-2-00172 0
432 0 FR940513-0-00120 0
432 0 FR940513-2-00078 0
432 0 FR940513-2-00089 0
432 0 FR940516-2-00152 0
432 0 FR940523-0-00058 0
432 0 FR940523-2-00059 0
432 0 FR940523-2-00130 0
432 0 FR940524-0-00038 0
432 0 FR940524-2-00064 0
432 0 FR940525-2-00195 0
432 0 FR940525-2-00196 0
432 0 FR940525-2-00197 0
432 0 FR940526-2-00105 0
432 0 FR940526-2-00108 0
432 0 FR940527-0-00059 0
432 0 FR940527-0-00114 0
432 0 FR940527-1-00079 0
432 0 FR940527-2-00053 0
432 0 FR940602-2-00030 0
432 0 FR940602-2-00147 0
432 0 FR940603-2-00047 0
432 0 FR940610-2-00022 0
432 0 FR940613-0-00106 0
432 0 FR940617-0-00199 0
432 0 FR940617-2-00161 0
432 0 FR940617-2-00162 0
432 0 FR940617-2-00163 0
432 0 FR940617-2-00164 0
432 0 FR940617-2-00165 0
432 0 FR940617-2-00229 0
432 0 FR940620-0-00109 0
432 0 FR940620-0-00120 0
432 0 FR940620-0-00156 0
432 0 FR940620-2-00027 0
432 0 FR940620-2-00134 0
432 0 FR940621-0-00031 0
432 0 FR940621-2-00021 0
432 0 FR940621-2-00022 0
432 0 FR940621-2-00026 0
432 0 FR940622-2-00075 0
432 0 FR940627-0-00147 0
432 0 FR940627-2-00074 0
432 0 FR940628-1-00067 0
432 0 FR940628-2-00128 0
432 0 FR940628-2-00129 0
432 0 FR940630-1-00021 0
432 0 FR940630-2-00029 0
432 0 FR940630-2-00031 0
432 0 FR940706-0-00009 0
432 0 FR940706-0-00051 0
432 0 FR940706-0-00053 0
432 0 FR940706-0-00055 0
432 0 FR940706-0-00061 0
432 0 FR940706-2-00126 0
432 0 FR940706-2-00141 0
432 0 FR940707-2-00120 0
432 0 FR940711-1-00040 0
432 0 FR940711-1-00041 0
432 0 FR940711-2-00068 0
432 0 FR940711-2-00094 0
432 0 FR940712-2-00062 0
432 0 FR940720-0-00103 0
432 0 FR940720-2-00168 0
432 0 FR940721-2-00049 0
432 0 FR940721-2-00055 0
432 0 FR940721-2-00067 0
432 0 FR940721-2-00068 0
432 0 FR940722-2-00037 0
432 0 FR940722-2-00054 0
432 0 FR940722-2-00084 0
432 0 FR940722-2-00129 0
432 0 FR940722-2-00130 0
432 0 FR940725-1-00035 0
432 0 FR940725-1-00047 0
432 0 FR940725-2-00130 0
432 0 FR940725-2-00131 0
432 0 FR940725-2-00132 0
432 0 FR940725-2-00141 0
432 0 FR940727-0-00147 0
432 0 FR940727-2-00015 0
432 0 FR940802-0-00020 0
432 0 FR940802-0-00085 0
432 0 FR940803-0-00116 0
432 0 FR940803-1-00054 0
432 0 FR940803-1-00059 0
432 0 FR940803-2-00061 0
432 0 FR940803-2-00089 0
432 0 FR940803-2-00090 0
432 0 FR940805-1-00054 0
432 0 FR940805-1-00055 0
432 0 FR940805-1-00062 0
432 0 FR940805-1-00068 0
432 0 FR940805-1-00074 0
432 0 FR940805-1-00076 0
432 0 FR940805-1-00082 0
432 0 FR940805-1-00090 0
432 0 FR940805-1-00095 0
432 0 FR940805-1-00100 0
432 0 FR940805-1-00103 0
432 0 FR940805-1-00106 0
432 0 FR940805-1-00119 0
432 0 FR940805-1-00125 0
432 0 FR940805-2-00071 0
432 0 FR940810-0-00180 0
432 0 FR940810-2-00036 0
432 0 FR940810-2-00039 0
432 0 FR940811-2-00074 0
432 0 FR940811-2-00076 0
432 0 FR940811-2-00103 0
432 0 FR940812-2-00110 0
432 0 FR940812-2-00112 0
432 0 FR940812-2-00138 0
432 0 FR940812-2-00151 0
432 0 FR940816-2-00060 0
432 0 FR940817-2-00026 0
432 0 FR940817-2-00131 0
432 0 FR940817-2-00213 0
432 0 FR940817-2-00233 0
432 0 FR940817-2-00236 0
432 0 FR940822-0-00067 0
432 0 FR940822-0-00077 0
432 0 FR940825-1-00028 0
432 0 FR940825-2-00070 0
432 0 FR940825-2-00071 0
432 0 FR940830-1-00044 0
432 0 FR940830-1-00051 0
432 0 FR940830-2-00035 0
432 0 FR940831-0-00042 0
432 0 FR940831-1-00024 0
432 0 FR940831-2-00107 0
432 0 FR940831-2-00156 0
432 0 FR940902-1-00048 0
432 0 FR940902-2-00100 0
432 0 FR940902-2-00105 0
432 0 FR940902-2-00162 0
432 0 FR940906-2-00056 0
432 0 FR940906-2-00132 0
432 0 FR940907-2-00066 0
432 0 FR940912-0-00066 0
432 0 FR940912-0-00070 0
432 0 FR940912-1-00079 0
432 0 FR940912-2-00144 0
432 0 FR940919-0-00080 0
432 0 FR940919-2-00032 0
432 0 FR940919-2-00079 0
432 0 FR940919-2-00083 0
432 0 FR940919-2-00084 0
432 0 FR940919-2-00088 0
432 0 FR940919-2-00089 0
432 0 FR940919-2-00090 0
432 0 FR940919-2-00091 0
432 0 FR940919-2-00093 0
432 0 FR940919-2-00100 0
432 0 FR940919-2-00104 0
432 0 FR940919-2-00105 0
432 0 FR940919-2-00106 0
432 0 FR940919-2-00109 0
432 0 FR940919-2-00116 0
432 0 FR940920-2-00096 0
432 0 FR940921-0-00012 0
432 0 FR940922-2-00101 0
432 0 FR940922-2-00102 0
432 0 FR940922-2-00125 0
432 0 FR940922-2-00126 0
432 0 FR940926-1-00010 0
432 0 FR940926-1-00016 0
432 0 FR940926-2-00027 0
432 0 FR940926-2-00044 0
432 0 FR940927-2-00057 0
432 0 FR940927-2-00100 0
432 0 FR940928-0-00070 0
432 0 FR940930-0-00026 0
432 0 FR940930-0-00120 0
432 0 FR940930-0-00218 0
432 0 FR941003-1-00052 0
432 0 FR941003-2-00142 0
432 0 FR941003-2-00143 0
432 0 FR941003-2-00197 0
432 0 FR941003-2-00199 0
432 0 FR941005-2-00043 0
432 0 FR941005-2-00053 0
432 0 FR941005-2-00058 0
432 0 FR941005-2-00143 0
432 0 FR941006-1-00058 0
432 0 FR941006-1-00059 0
432 0 FR941006-1-00062 0
432 0 FR941006-1-00063 0
432 0 FR941006-1-00065 0
432 0 FR941006-1-00066 0
432 0 FR941007-1-00013 0
432 0 FR941007-1-00040 0
432 0 FR941007-2-00028 0
432 0 FR941007-2-00050 0
432 0 FR941011-0-00052 0
432 0 FR941012-0-00030 0
432 0 FR941012-0-00191 0
432 0 FR941012-1-00040 0
432 0 FR941012-1-00047 0
432 0 FR941012-1-00048 0
432 0 FR941012-1-00058 0
432 0 FR941012-2-00106 0
432 0 FR941012-2-00140 0
432 0 FR941013-2-00143 0
432 0 FR941019-2-00028 0
432 0 FR941026-2-00082 0
432 0 FR941026-2-00099 0
432 0 FR941027-1-00030 0
432 0 FR941027-2-00022 0
432 0 FR941027-2-00025 0
432 0 FR941027-2-00123 0
432 0 FR941031-2-00122 0
432 0 FR941102-1-00119 0
432 0 FR941103-0-00066 0
432 0 FR941103-0-00112 0
432 0 FR941103-2-00042 0
432 0 FR941103-2-00142 0
432 0 FR941107-0-00034 0
432 0 FR941110-1-00013 0
432 0 FR941110-2-00018 0
432 0 FR941110-2-00063 0
432 0 FR941117-0-00053 0
432 0 FR941117-0-00055 0
432 0 FR941117-0-00056 0
432 0 FR941117-0-00057 0
432 0 FR941117-2-00156 0
432 0 FR941117-2-00157 0
432 0 FR941117-2-00158 0
432 0 FR941121-2-00119 0
432 0 FR941121-2-00126 0
432 0 FR941125-1-00046 0
432 0 FR941125-2-00003 0
432 0 FR941125-2-00097 0
432 0 FR941125-2-00140 0
432 0 FR941128-1-00034 0
432 0 FR941128-2-00047 0
432 0 FR941202-0-00130 0
432 0 FR941202-0-00144 0
432 0 FR941202-0-00154 0
432 0 FR941202-2-00121 0
432 0 FR941206-1-00138 0
432 0 FR941206-1-00144 0
432 0 FR941207-2-00068 0
432 0 FR941212-0-00005 0
432 0 FR941212-0-00055 0
432 0 FR941212-0-00056 0
432 0 FR941212-0-00059 0
432 0 FR941212-0-00139 0
432 0 FR941213-0-00006 0
432 0 FR941213-0-00010 0
432 0 FR941213-0-00077 0
432 0 FR941213-0-00084 0
432 0 FR941213-1-00003 0
432 0 FR941216-2-00182 0
432 0 FR941219-2-00036 0
432 0 FR941219-2-00037 0
432 0 FR941219-2-00038 0
432 0 FR941219-2-00175 0
432 0 FR941219-2-00176 0
432 0 FR941220-0-00047 0
432 0 FR941220-2-00015 0
432 0 FR941220-2-00073 0
432 0 FR941220-2-00075 0
432 0 FR941221-2-00104 0
432 0 FR941227-1-00030 0
432 0 FR941230-0-00119 0
432 0 FT911-1233 0
432 0 FT911-1437 0
432 0 FT911-1650 0
432 0 FT911-1809 0
432 0 FT911-2311 0
432 0 FT911-2658 0
432 0 FT911-3353 0
432 0 FT911-3550 0
432 0 FT911-3693 0
432 0 FT911-3909 0
432 0 FT911-3983 0
432 0 FT911-4129 0
432 0 FT911-4191 0
432 0 FT911-5239 0
432 0 FT911-5344 0
432 0 FT911-556 0
432 0 FT911-561 0
432 0 FT911-667 0
432 0 FT911-915 0
432 0 FT921-10057 0
432 0 FT921-10162 0
432 0 FT921-10280 0
432 0 FT921-11240 0
432 0 FT921-1139 0
432 0 FT921-11397 0
432 0 FT921-11814 0
432 0 FT921-12380 0
432 0 FT921-12440 0
432 0 FT921-12547 0
432 0 FT921-14020 0
432 0 FT921-15662 0
432 0 FT921-16103 0
432 0 FT921-16209 0
432 0 FT921-2099 0
432 0 FT921-2204 0
432 0 FT921-257 0
432 0 FT921-3363 0
432 0 FT921-3445 0
432 0 FT921-3764 0
432 0 FT921-4028 0
432 0 FT921-5732 0
432 0 FT921-5756 0
432 0 FT921-7637 0
432 0 FT921-7792 0
432 0 FT921-7855 0
432 0 FT921-7864 0
432 0 FT921-8639 0
432 0 FT921-8859 0
432 0 FT921-8924 0
432 0 FT921-9280 0
432 0 FT921-9392 0
432 0 FT922-1011 0
432 0 FT922-10273 0
432 0 FT922-10576 0
432 0 FT922-10877 0
432 0 FT922-11266 0
432 0 FT922-11471 0
432 0 FT922-11691 0
432 0 FT922-12323 0
432 0 FT922-12375 0
432 0 FT922-13769 0
432 0 FT922-13860 0
432 0 FT922-14593 0
432 0 FT922-15267 0
432 0 FT922-15548 0
432 0 FT922-1625 0
432 0 FT922-2351 0
432 0 FT922-299 0
432 0 FT922-2999 0
432 0 FT922-3283 0
432 0 FT922-3561 0
432 0 FT922-3562 0
432 0 FT922-378 0
432 0 FT922-40 0
432 0 FT922-4176 0
432 0 FT922-4412 0
432 0 FT922-5029 0
432 0 FT922-6444 0
432 0 FT922-6826 0
432 0 FT922-7054 0
432 0 FT922-7093 0
432 0 FT922-7660 0
432 0 FT922-8111 0
432 0 FT922-8656 0
432 0 FT922-9739 0
432 0 FT922-9959 0
432 0 FT923-10007 0
432 0 FT923-10079 0
432 0 FT923-10377 0
432 0 FT923-10421 0
432 0 FT923-10549 0
432 0 FT923-10572 0
432 0 FT923-10769 0
432 0 FT923-11076 0
432 0 FT923-11144 0
432 0 FT923-11245 0
432 0 FT923-11375 0
432 0 FT923-11597 0
432 0 FT923-12234 0
432 0 FT923-13532 0
432 0 FT923-13538 0
432 0 FT923-14266 0
432 0 FT923-14277 0
432 0 FT923-14568 0
432 0 FT923-14782 0
432 0 FT923-14955 0
432 0 FT923-15020 0
432 0 FT923-15111 0
432 0 FT923-3024 0
432 0 FT923-4481 0
432 0 FT923-4583 0
432 0 FT923-528 0
432 0 FT923-5565 0
432 0 FT923-5771 0
432 0 FT923-6057 0
432 0 FT923-7302 0
432 0 FT923-7825 0
432 0 FT923-8736 0
432 0 FT923-9008 0
432 0 FT923-9429 0
432 0 FT923-9859 0
432 0 FT924-1126 0
432 0 FT924-1135 0
432 0 FT924-11607 0
432 0 FT924-12297 0
432 0 FT924-1230 0
432 0 FT924-12345 0
432 0 FT924-12514 0
432 0 FT924-12729 0
432 0 FT924-13880 0
432 0 FT924-15019 0
432 0 FT924-15561 0
432 0 FT924-15635 0
432 0 FT924-15639 0
432 0 FT924-15663 0
432 0 FT924-15665 0
432 0 FT924-15699 0
432 0 FT924-15700 0
432 0 FT924-15757 0
432 0 FT924-15859 0
432 0 FT924-15920 0
432 0 FT924-16057 0
432 0 FT924-2776 0
432 0 FT924-310 0
432 0 FT924-366 0
432 0 FT924-4263 0
432 0 FT924-4924 0
432 0 FT924-6105 0
432 0 FT924-6729 0
432 0 FT924-6821 0
432 0 FT924-690 0
432 0 FT924-7437 0
432 0 FT924-7983 0
432 0 FT924-8471 0
432 0 FT924-8566 0
432 0 FT924-8622 0
432 0 FT924-9252 0
432 0 FT924-9756 0
432 0 FT931-10016 0
432 0 FT931-10017 0
432 0 FT931-10150 0
432 0 FT931-10327 0
432 0 FT931-10401 0
432 0 FT931-10696 0
432 0 FT931-11141 0
432 0 FT931-11163 0
432 0 FT931-11320 0
432 0 FT931-11396 0
432 0 FT931-11554 0
432 0 FT931-11933 0
432 0 FT931-12946 0
432 0 FT931-13155 0
432 0 FT931-13310 0
432 0 FT931-14990 0
432 0 FT931-15352 0
432 0 FT931-15880 0
432 0 FT931-16500 0
432 0 FT931-16788 0
432 0 FT931-1804 0
432 0 FT931-2130 0
432 0 FT931-2252 0
432 0 FT931-2631 0
432 0 FT931-3072 0
432 0 FT931-3196 0
432 0 FT931-3289 0
432 0 FT931-3363 0
432 0 FT931-3555 0
432 0 FT931-5638 0
432 0 FT931-614 0
432 0 FT931-6177 0
432 0 FT931-6302 0
432 0 FT931-6348 0
432 0 FT931-667 0
432 0 FT931-6889 0
432 0 FT931-6989 0
432 0 FT931-7061 0
432 0 FT931-7344 0
432 0 FT931-7523 0
432 0 FT931-7719 0
432 0 FT931-7855 0
432 0 FT931-8065 0
432 0 FT931-8642 0
432 0 FT931-9724 0
432 0 FT932-10186 0
432 0 FT932-10194 0
432 0 FT932-10282 0
432 0 FT932-10396 0
432 0 FT932-10705 0
432 0 FT932-11063 0
432 0 FT932-11130 0
432 0 FT932-1160 0
432 0 FT932-11801 0
432 0 FT932-11996 0
432 0 FT932-12000 0
432 0 FT932-12216 0
432 0 FT932-12220 0
432 0 FT932-12548 0
432 0 FT932-1361 0
432 0 FT932-13768 0
432 0 FT932-14515 0
432 0 FT932-15115 0
432 0 FT932-15166 0
432 0 FT932-15209 0
432 0 FT932-15573 0
432 0 FT932-15933 0
432 0 FT932-17080 0
432 0 FT932-2348 0
432 0 FT932-3838 0
432 0 FT932-426 0
432 0 FT932-428 0
432 0 FT932-4544 0
432 0 FT932-4569 0
432 0 FT932-4855 0
432 0 FT932-4865 0
432 0 FT932-5032 0
432 0 FT932-538 0
432 0 FT932-539 0
432 0 FT932-5405 0
432 0 FT932-5618 0
432 0 FT932-5789 0
432 0 FT932-5845 0
432 0 FT932-6093 0
432 0 FT932-6184 0
432 0 FT932-623 0
432 0 FT932-6259 0
432 0 FT932-6280 0
432 0 FT932-6289 0
432 0 FT932-6294 0
432 0 FT932-6408 0
432 0 FT932-6455 0
432 0 FT932-6477 0
432 0 FT932-6520 0
432 0 FT932-6767 0
432 0 FT932-6817 0
432 0 FT932-6936 0
432 0 FT932-749 0
432 0 FT932-7545 0
432 0 FT932-8727 0
432 0 FT932-8730 0
432 0 FT932-9095 0
432 0 FT932-9801 0
432 0 FT933-1002 0
432 0 FT933-10027 0
432 0 FT933-10379 0
432 0 FT933-11302 0
432 0 FT933-12223 0
432 0 FT933-12489 0
432 0 FT933-12622 0
432 0 FT933-12633 0
432 0 FT933-12687 0
432 0 FT933-12689 0
432 0 FT933-12909 0
432 0 FT933-16066 0
432 0 FT933-16213 0
432 0 FT933-16271 0
432 0 FT933-16284 0
432 0 FT933-16725 0
432 0 FT933-16784 0
432 0 FT933-16957 0
432 0 FT933-16966 0
432 0 FT933-202 0
432 0 FT933-21 0
432 0 FT933-2466 0
432 0 FT933-2762 0
432 0 FT933-2804 0
432 0 FT933-3000 0
432 0 FT933-4349 0
432 0 FT933-4396 0
432 0 FT933-4518 0
432 0 FT933-466 0
432 0 FT933-4777 0
432 0 FT933-5523 0
432 0 FT933-6184 0
432 0 FT933-6355 0
432 0 FT933-6741 0
432 0 FT933-6852 0
432 0 FT933-7375 0
432 0 FT933-8660 0
432 0 FT933-8758 0
432 0 FT933-880 0
432 0 FT933-8845 0
432 0 FT933-9335 0
432 0 FT933-9643 0
432 0 FT933-9742 0
432 0 FT934-1112 0
432 0 FT934-11411 0
432 0 FT934-11972 0
432 0 FT934-12754 0
432 0 FT934-12858 0
432 0 FT934-12958 0
432 0 FT934-13069 0
432 0 FT934-13079 0
432 0 FT934-13760 0
432 0 FT934-14144 0
432 0 FT934-14400 0
432 0 FT934-15319 0
432 0 FT934-15482 0
432 0 FT934-15578 0
432 0 FT934-1563 0
432 0 FT934-1571 0
432 0 FT934-16314 0
432 0 FT934-16927 0
432 0 FT934-16939 0
432 0 FT934-2741 0
432 0 FT934-2775 0
432 0 FT934-3260 0
432 0 FT934-347 0
432 0 FT934-4135 0
432 0 FT934-4148 0
432 0 FT934-4216 0
432 0 FT934-4235 0
432 0 FT934-4290 0
432 0 FT934-4448 0
432 0 FT934-4817 0
432 0 FT934-5058 0
432 0 FT934-5105 0
432 0 FT934-563 0
432 0 FT934-5833 0
432 0 FT934-6060 0
432 0 FT934-6193 0
432 0 FT934-7002 0
432 0 FT934-7140 0
432 0 FT934-7527 0
432 0 FT934-8120 0
432 0 FT934-8437 0
432 0 FT934-9395 0
432 0 FT934-958 0
432 0 FT934-9930 0
432 0 FT941-1009 0
432 0 FT941-10946 0
432 0 FT941-11166 0
432 0 FT941-11313 0
432 0 FT941-11907 0
432 0 FT941-12110 0
432 0 FT941-1217 0
432 0 FT941-12407 0
432 0 FT941-12449 0
432 0 FT941-12599 0
432 0 FT941-12826 0
432 0 FT941-14743 0
432 0 FT941-14799 0
432 0 FT941-16080 0
432 0 FT941-16124 0
432 0 FT941-16642 0
432 0 FT941-16713 0
432 0 FT941-17366 0
432 0 FT941-1910 0
432 0 FT941-2270 0
432 0 FT941-2533 0
432 0 FT941-2608 0
432 0 FT941-261 0
432 0 FT941-2970 0
432 0 FT941-3793 0
432 0 FT941-3795 0
432 0 FT941-4716 0
432 0 FT941-503 0
432 0 FT941-5541 0
432 0 FT941-6059 0
432 0 FT941-6305 0
432 0 FT941-6968 0
432 0 FT941-7077 0
432 0 FT941-7529 0
432 0 FT941-7608 0
432 0 FT941-832 0
432 0 FT941-840 0
432 0 FT941-841 0
432 0 FT941-9236 0
432 0 FT941-9760 0
432 0 FT942-10035 0
432 0 FT942-10058 0
432 0 FT942-10227 0
432 0 FT942-10959 0
432 0 FT942-11388 0
432 0 FT942-11589 0
432 0 FT942-13643 0
432 0 FT942-14544 0
432 0 FT942-14898 0
432 0 FT942-14902 0
432 0 FT942-1540 0
432 0 FT942-2542 0
432 0 FT942-2762 0
432 0 FT942-2833 0
432 0 FT942-3723 0
432 0 FT942-3997 0
432 0 FT942-4829 0
432 0 FT942-5104 0
432 0 FT942-5115 0
432 0 FT942-526 0
432 0 FT942-5888 0
432 0 FT942-6135 0
432 0 FT942-6246 0
432 0 FT942-8851 0
432 0 FT942-9226 0
432 0 FT942-9566 0
432 0 FT942-972 0
432 0 FT943-10259 0
432 0 FT943-10579 0
432 0 FT943-11319 0
432 0 FT943-11320 0
432 0 FT943-11543 0
432 0 FT943-11631 0
432 0 FT943-11699 0
432 0 FT943-11845 0
432 0 FT943-13325 0
432 0 FT943-13619 0
432 0 FT943-14880 0
432 0 FT943-16439 0
432 0 FT943-16455 0
432 0 FT943-16610 0
432 0 FT943-16966 0
432 0 FT943-2651 0
432 0 FT943-2840 0
432 0 FT943-3980 0
432 0 FT943-4039 0
432 0 FT943-4151 0
432 0 FT943-4237 0
432 0 FT943-4886 0
432 0 FT943-4960 0
432 0 FT943-5369 0
432 0 FT943-6212 0
432 0 FT943-6383 0
432 0 FT943-6945 0
432 0 FT943-7006 0
432 0 FT943-7013 0
432 0 FT943-7158 0
432 0 FT943-7484 0
432 0 FT943-7831 0
432 0 FT943-8079 0
432 0 FT943-8469 0
432 0 FT943-8505 0
432 0 FT943-9087 0
432 0 FT943-9511 0
432 0 FT944-11227 0
432 0 FT944-12281 0
432 0 FT944-12308 0
432 0 FT944-1258 0
432 0 FT944-12851 0
432 0 FT944-13123 0
432 0 FT944-140 0
432 0 FT944-14310 0
432 0 FT944-14433 0
432 0 FT944-14653 0
432 0 FT944-15290 0
432 0 FT944-15643 0
432 0 FT944-1594 0
432 0 FT944-1740 0
432 0 FT944-18242 0
432 0 FT944-18294 0
432 0 FT944-18415 0
432 0 FT944-18419 0
432 0 FT944-18661 0
432 0 FT944-1960 0
432 0 FT944-2442 0
432 0 FT944-2649 0
432 0 FT944-3050 0
432 0 FT944-3263 0
432 0 FT944-3335 0
432 0 FT944-336 0
432 0 FT944-3722 0
432 0 FT944-387 0
432 0 FT944-3942 0
432 0 FT944-4232 0
432 0 FT944-4458 0
432 0 FT944-4758 0
432 0 FT944-4875 0
432 0 FT944-507 0
432 0 FT944-5286 0
432 0 FT944-5601 0
432 0 FT944-6270 0
432 0 FT944-6668 0
432 0 FT944-6728 0
432 0 FT944-7413 0
432 0 FT944-9255 0
432 0 FT944-9869 0
432 0 FT944-9899 0
432 0 LA010189-0059 0
432 0 LA010189-0071 0
432 0 LA010189-0097 0
432 0 LA010189-0132 0
432 0 LA010189-0138 0
432 0 LA010189-0177 0
432 0 LA010189-0190 0
432 0 LA010190-0008 0
432 0 LA010190-0023 0
432 0 LA010190-0056 0
432 0 LA010190-0062 0
432 0 LA010190-0081 0
432 0 LA010290-0024 0
432 0 LA010389-0045 0
432 0 LA010390-0020 0
432 0 LA010390-0026 0
432 0 LA010390-0131 0
432 0 LA010489-0083 0
432 0 LA010489-0100 0
432 0 LA010490-0053 0
432 0 LA010490-0058 0
432 0 LA010490-0077 0
432 0 LA010490-0078 0
432 0 LA010490-0124 0
432 0 LA010490-0157 0
432 0 LA010590-0002 0
432 0 LA010590-0013 0
432 0 LA010590-0073 0
432 0 LA010590-0085 0
432 0 LA010590-0097 0
432 0 LA010689-0049 0
432 0 LA010689-0102 0
432 0 LA010689-0143 0
432 0 LA010690-0053 0
432 0 LA010690-0060 0
432 0 LA010690-0104 0
432 0 LA010690-0130 0
432 0 LA010789-0078 0
432 0 LA010889-0181 0
432 0 LA010890-0031 0
432 0 LA010989-0037 0
432 0 LA010990-0007 0
432 0 LA011189-0144 0
432 0 LA011190-0049 0
432 0 LA011190-0210 0
432 0 LA011289-0070 0
432 0 LA011289-0101 0
432 0 LA011290-0137 0
432 0 LA011389-0014 0
432 0 LA011389-0031 0
432 0 LA011389-0047 0
432 0 LA011390-0044 0
432 0 LA011489-0003 0
432 0 LA011489-0022 0
432 0 LA011489-0096 0
432 0 LA011490-0047 0
432 0 LA011490-0168 0
432 0 LA011589-0005 0
432 0 LA011590-0116 0
432 0 LA011689-0002 1
432 0 LA011690-0034 0
432 0 LA011789-0074 0
432 0 LA011889-0003 0
432 0 LA011889-0067 1
432 0 LA011890-0093 0
432 0 LA011890-0175 0
432 0 LA011989-0185 0
432 0 LA011990-0096 0
432 0 LA011990-0119 0
432 0 LA012089-0035 1
432 0 LA012289-0096 0
432 0 LA012289-0101 0
432 0 LA012390-0042 0
432 0 LA012489-0100 0
432 0 LA012490-0116 0
432 0 LA012590-0028 0
432 0 LA012590-0078 0
432 0 LA012590-0157 0
432 0 LA012689-0021 0
432 0 LA012689-0156 0
432 0 LA012690-0001 0
432 0 LA012690-0123 0
432 0 LA012690-0197 0
432 0 LA012789-0070 1
432 0 LA012789-0145 0
432 0 LA012790-0082 0
432 0 LA012889-0039 1
432 0 LA012989-0092 0
432 0 LA012989-0100 0
432 0 LA013089-0049 0
432 0 LA013190-0031 0
432 0 LA020190-0157 0
432 0 LA020289-0022 0
432 0 LA020289-0104 1
432 0 LA020290-0001 0
432 0 LA020290-0072 0
432 0 LA020290-0121 0
432 0 LA020389-0158 0
432 0 LA020390-0039 0
432 0 LA020390-0126 0
432 0 LA020489-0065 0
432 0 LA020490-0217 0
432 0 LA020590-0062 0
432 0 LA020590-0082 0
432 0 LA020690-0023 0
432 0 LA020890-0183 0
432 0 LA020989-0098 0
432 0 LA020989-0139 0
432 0 LA021089-0143 0
432 0 LA021089-0171 0
432 0 LA021089-0176 0
432 0 LA021189-0123 0
432 0 LA021190-0101 0
432 0 LA021289-0084 0
432 0 LA021289-0141 0
432 0 LA021289-0197 0
432 0 LA021389-0101 0
432 0 LA021390-0118 0
432 0 LA021489-0077 0
432 0 LA021489-0153 0
432 0 LA021590-0079 0
432 0 LA021590-0165 0
432 0 LA021689-0231 0
432 0 LA021690-0103 0
432 0 LA021789-0083 0
432 0 LA021789-0086 0
432 0 LA021789-0098 0
432 0 LA021790-0054 0
432 0 LA021790-0141 0
432 0 LA021889-0062 0
432 0 LA021889-0101 0
432 0 LA021890-0102 0
432 0 LA021989-0091 0
432 0 LA021990-0060 0
432 0 LA022090-0125 0
432 0 LA022189-0111 0
432 0 LA022190-0006 0
432 0 LA022190-0120 0
432 0 LA022289-0001 0
432 0 LA022289-0037 0
432 0 LA022290-0026 0
432 0 LA022290-0125 0
432 0 LA022290-0182 0
432 0 LA022389-0105 0
432 0 LA022389-0161 0
432 0 LA022390-0043 0
432 0 LA022489-0139 0
432 0 LA022490-0071 0
432 0 LA022690-0058 0
432 0 LA022889-0104 0
432 0 LA022890-0117 0
432 0 LA030189-0094 0
432 0 LA030190-0069 0
432 0 LA030289-0205 0
432 0 LA030389-0143 0
432 0 LA030390-0076 0
432 0 LA030590-0006 0
432 0 LA030889-0019 0
432 0 LA030990-0115 0
432 0 LA031089-0138 0
432 0 LA031189-0021 0
432 0 LA031190-0043 0
432 0 LA031190-0132 0
432 0 LA031190-0211 0
432 0 LA031289-0155 0
432 0 LA031390-0003 0
432 0 LA031489-0020 0
432 0 LA031489-0125 0
432 0 LA031490-0055 0
432 0 LA031490-0064 0
432 0 LA031490-0086 0
432 0 LA031589-0083 0
432 0 LA031590-0101 0
432 0 LA031590-0151 0
432 0 LA031890-0136 0
432 0 LA031890-0190 0
432 0 LA031990-0126 0
432 0 LA032089-0009 0
432 0 LA032090-0029 0
432 0 LA032090-0149 0
432 0 LA032289-0136 0
432 0 LA032290-0220 0
432 0 LA032389-0089 1
432 0 LA032389-0112 0
432 0 LA032390-0152 0
432 0 LA032690-0026 0
432 0 LA032690-0068 0
432 0 LA032890-0100 0
432 0 LA032989-0137 0
432 0 LA032990-0054 0
432 0 LA033089-0053 0
432 0 LA033189-0108 0
432 0 LA033190-0087 0
432 0 LA033190-0139 0
432 0 LA040189-0053 0
432 0 LA040189-0121 0
432 0 LA040190-0064 0
432 0 LA040290-0073 0
432 0 LA040489-0060 0
432 0 LA040490-0052 0
432 0 LA040589-0061 0
432 0 LA040790-0015 0
432 0 LA040889-0080 0
432 0 LA040890-0226 0
432 0 LA040890-0227 0
432 0 LA040890-0228 0
432 0 LA040890-0229 0
432 0 LA040989-0049 1
432 0 LA040990-0040 0
432 0 LA040990-0046 0
432 0 LA040990-0067 0
432 0 LA041289-0085 0
432 0 LA041289-0119 0
432 0 LA041290-0180 0
432 0 LA041290-0204 0
432 0 LA041389-0067 0
432 0 LA041489-0006 0
432 0 LA041489-0025 0
432 0 LA041490-0057 0
432 0 LA041490-0093 0
432 0 LA041490-0099 0
432 0 LA041589-0066 0
432 0 LA041689-0063 0
432 0 LA041689-0145 0
432 0 LA041789-0059 0
432 0 LA041789-0109 0
432 0 LA041790-0030 0
432 0 LA041889-0106 0
432 0 LA041890-0149 0
432 0 LA041990-0089 0
432 0 LA041990-0169 0
432 0 LA042089-0065 1
432 0 LA042089-0067 0
432 0 LA042089-0188 0
432 0 LA042090-0190 0
432 0 LA042189-0115 0
432 0 LA042190-0066 0
432 0 LA042289-0084 0
432 0 LA042390-0064 0
432 0 LA042390-0066 0
432 0 LA042490-0132 0
432 0 LA042589-0029 0
432 0 LA042689-0002 0
432 0 LA042689-0025 0
432 0 LA042689-0088 0
432 0 LA042690-0024 0
432 0 LA042690-0049 0
432 0 LA042789-0154 0
432 0 LA042790-0110 0
432 0 LA042889-0015 0
432 0 LA042889-0096 0
432 0 LA042990-0044 0
432 0 LA042990-0099 0
432 0 LA043089-0085 0
432 0 LA043089-0195 0
432 0 LA043090-0020 0
432 0 LA050190-0026 0
432 0 LA050389-0077 0
432 0 LA050390-0029 0
432 0 LA050390-0204 0
432 0 LA050489-0011 0
432 0 LA050489-0164 0
432 0 LA050589-0060 0
432 0 LA050590-0081 0
432 0 LA050590-0086 0
432 0 LA050689-0085 0
432 0 LA050690-0030 0
432 0 LA050690-0118 0
432 0 LA050690-0178 0
432 0 LA050789-0006 0
432 0 LA050789-0078 0
432 0 LA050790-0045 0
432 0 LA050790-0053 0
432 0 LA050889-0088 0
432 0 LA050990-0009 0
432 0 LA050990-0132 0
432 0 LA051089-0115 0
432 0 LA051089-0149 0
432 0 LA051090-0098 0
432 0 LA051189-0092 0
432 0 LA051189-0133 0
432 0 LA051289-0012 0
432 0 LA051289-0015 0
432 0 LA051289-0112 0
432 0 LA051289-0115 0
432 0 LA051289-0145 0
432 0 LA051390-0113 0
432 0 LA051390-0142 0
432 0 LA051489-0066 0
432 0 LA051589-0046 0
432 0 LA051590-0042 0
432 0 LA051590-0112 0
432 0 LA051590-0152 0
432 0 LA051689-0130 0
432 0 LA051689-0139 0
432 0 LA051789-0077 0
432 0 LA051790-0118 0
432 0 LA051790-0167 0
432 0 LA051889-0012 0
432 0 LA051889-0074 0
432 0 LA051889-0108 0
432 0 LA051889-0180 0
432 0 LA051890-0049 0
432 0 LA051890-0058 0
432 0 LA051890-0069 0
432 0 LA051890-0147 0
432 0 LA051989-0003 0
432 0 LA051989-0038 0
432 0 LA051989-0125 0
432 0 LA051990-0067 0
432 0 LA051990-0077 0
432 0 LA052089-0051 0
432 0 LA052089-0072 0
432 0 LA052089-0081 0
432 0 LA052089-0084 0
432 0 LA052089-0104 0
432 0 LA052089-0129 0
432 0 LA052090-0019 0
432 0 LA052090-0122 0
432 0 LA052090-0128 0
432 0 LA052090-0152 0
432 0 LA052090-0246 0
432 0 LA052189-0057 0
432 0 LA052189-0098 0
432 0 LA052189-0145 0
432 0 LA052190-0010 0
432 0 LA052190-0063 0
432 0 LA052289-0036 0
432 0 LA052289-0051 0
432 0 LA052290-0095 0
432 0 LA052389-0003 0
432 0 LA052390-0062 0
432 0 LA052489-0070 0
432 0 LA052489-0080 0
432 0 LA052489-0139 0
432 0 LA052490-0020 0
432 0 LA052490-0184 0
432 0 LA052589-0070 0
432 0 LA052589-0092 0
432 0 LA052589-0156 0
432 0 LA052590-0079 0
432 0 LA052689-0004 0
432 0 LA052689-0009 0
432 0 LA052689-0084 0
432 0 LA052690-0008 0
432 0 LA052790-0099 1
432 0 LA052790-0239 0
432 0 LA052890-0087 0
432 0 LA052989-0023 0
432 0 LA052989-0033 0
432 0 LA052990-0003 0
432 0 LA052990-0014 0
432 0 LA052990-0085 0
432 0 LA052990-0099 0
432 0 LA052990-0126 0
432 0 LA052990-0132 0
432 0 LA053089-0040 0
432 0 LA053089-0044 0
432 0 LA053090-0014 0
432 0 LA053090-0038 0
432 0 LA053189-0044 0
432 0 LA053189-0111 0
432 0 LA053190-0143 0
432 0 LA053190-0225 0
432 0 LA060290-0027 0
432 0 LA060290-0164 0
432 0 LA060390-0194 0
432 0 LA060489-0071 0
432 0 LA060489-0074 0
432 0 LA060489-0140 0
432 0 LA060490-0008 0
432 0 LA060490-0097 0
432 0 LA060589-0054 0
432 0 LA060690-0088 0
432 0 LA060789-0118 0
432 0 LA060790-0064 0
432 0 LA060790-0068 0
432 0 LA060890-0032 0
432 0 LA060890-0041 0
432 0 LA060890-0059 0
432 0 LA060989-0059 0
432 0 LA061189-0141 0
432 0 LA061190-0091 0
432 0 LA061190-0093 0
432 0 LA061390-0015 0
432 0 LA061390-0030 0
432 0 LA061390-0037 0
432 0 LA061390-0074 0
432 0 LA061490-0199 0
432 0 LA061589-0103 0
432 0 LA061589-0137 0
432 0 LA061689-0050 0
432 0 LA061689-0074 0
432 0 LA061689-0150 0
432 0 LA061790-0081 0
432 0 LA061790-0191 0
432 0 LA061889-0079 0
432 0 LA061890-0040 0
432 0 LA061989-0019 1
432 0 LA061990-0025 0
432 0 LA061990-0056 0
432 0 LA062089-0064 0
432 0 LA062189-0093 0
432 0 LA062289-0017 0
432 0 LA062389-0058 0
432 0 LA062389-0153 0
432 0 LA062390-0075 0
432 0 LA062489-0120 0
432 0 LA062589-0091 0
432 0 LA062790-0054 0
432 0 LA062790-0126 0
432 0 LA062790-0164 0
432 0 LA062889-0041 0
432 0 LA062889-0072 0
432 0 LA062890-0105 0
432 0 LA062890-0127 0
432 0 LA062890-0151 0
432 0 LA070190-0220 0
432 0 LA070289-0034 0
432 0 LA070290-0072 0
432 0 LA070389-0068 0
432 0 LA070390-0011 0
432 0 LA070489-0111 0
432 0 LA070490-0031 0
432 0 LA070590-0023 0
432 0 LA070590-0080 0
432 0 LA070689-0105 0
432 0 LA070689-0115 0
432 0 LA070690-0107 0
432 0 LA070790-0004 0
432 0 LA070790-0018 0
432 0 LA070890-0210 0
432 0 LA070989-0173 0
432 0 LA070990-0089 0
432 0 LA070990-0105 0
432 0 LA071389-0002 0
432 0 LA071390-0017 0
432 0 LA071390-0020 0
432 0 LA071390-0115 0
432 0 LA071390-0128 0
432 0 LA071490-0076 0
432 0 LA071590-0040 0
432 0 LA071590-0149 0
432 0 LA071590-0211 0
432 0 LA071889-0026 0
432 0 LA071890-0007 0
432 0 LA071890-0011 0
432 0 LA071890-0115 0
432 0 LA071990-0026 0
432 0 LA072089-0078 0
432 0 LA072089-0083 0
432 0 LA072090-0022 0
432 0 LA072289-0021 0
432 0 LA072290-0124 0
432 0 LA072290-0164 0
432 0 LA072290-0212 0
432 0 LA072290-0213 0
432 0 LA072389-0098 0
432 0 LA072390-0118 0
432 0 LA072489-0052 0
432 0 LA072489-0093 0
432 0 LA072490-0058 0
432 0 LA072490-0100 0
432 0 LA072589-0055 0
432 0 LA072589-0124 0
432 0 LA072590-0036 0
432 0 LA072590-0142 0
432 0 LA072689-0053 0
432 0 LA072689-0088 0
432 0 LA072690-0016 0
432 0 LA072690-0138 0
432 0 LA072690-0228 0
432 0 LA072789-0022 0
432 0 LA072789-0042 0
432 0 LA072789-0129 0
432 0 LA072789-0184 0
432 0 LA072789-0187 0
432 0 LA072790-0156 0
432 0 LA072889-0063 0
432 0 LA072889-0104 0
432 0 LA072989-0079 0
432 0 LA072989-0105 0
432 0 LA072989-0111 0
432 0 LA072990-0117 0
432 0 LA072990-0236 0
432 0 LA073089-0139 0
432 0 LA073089-0164 0
432 0 LA073090-0109 0
432 0 LA073190-0004 0
432 0 LA073190-0052 0
432 0 LA073190-0066 0
432 0 LA080290-0114 0
432 0 LA080290-0135 0
432 0 LA080290-0191 0
432 0 LA080290-0202 0
432 0 LA080290-0215 0
432 0 LA080389-0008 0
432 0 LA080390-0021 0
432 0 LA080390-0031 0
432 0 LA080390-0036 0
432 0 LA080390-0126 0
432 0 LA080489-0024 0
432 0 LA080490-0058 0
432 0 LA080590-0163 0
432 0 LA080689-0142 0
432 0 LA080689-0165 0
432 0 LA080689-0168 0
432 0 LA080690-0087 0
432 0 LA080789-0046 0
432 0 LA080790-0119 0
432 0 LA080790-0158 0
432 0 LA080889-0093 0
432 0 LA080890-0082 0
432 0 LA080989-0128 0
432 0 LA080990-0003 0
432 0 LA081089-0135 0
432 0 LA081089-0175 0
432 0 LA081090-0084 0
432 0 LA081189-0086 0
432 0 LA081389-0156 0
432 0 LA081490-0137 0
432 0 LA081589-0110 0
432 0 LA081689-0136 0
432 0 LA081790-0138 0
432 0 LA081889-0065 0
432 0 LA081989-0033 0
432 0 LA081989-0125 0
432 0 LA081990-0095 0
432 0 LA081990-0229 0
432 0 LA082089-0091 0
432 0 LA082089-0190 0
432 0 LA082189-0053 0
432 0 LA082289-0002 0
432 0 LA082289-0034 0
432 0 LA082289-0131 0
432 0 LA082290-0015 0
432 0 LA082389-0039 0
432 0 LA082389-0104 0
432 0 LA082390-0035 0
432 0 LA082889-0045 0
432 0 LA083089-0017 0
432 0 LA083189-0024 0
432 0 LA083189-0167 0
432 0 LA083189-0192 0
432 0 LA083190-0008 0
432 0 LA083190-0013 0
432 0 LA083190-0038 0
432 0 LA083190-0061 0
432 0 LA083190-0158 0
432 0 LA090189-0100 0
432 0 LA090190-0042 0
432 0 LA090289-0115 0
432 0 LA090290-0070 0
432 0 LA090290-0073 0
432 0 LA090290-0192 0
432 0 LA090389-0115 0
432 0 LA090489-0070 0
432 0 LA090489-0081 0
432 0 LA090490-0124 0
432 0 LA090590-0005 0
432 0 LA090689-0010 0
432 0 LA090689-0059 0
432 0 LA090689-0072 0
432 0 LA090689-0128 0
432 0 LA090690-0001 0
432 0 LA090690-0027 0
432 0 LA090690-0059 0
432 0 LA090789-0127 0
432 0 LA090889-0074 0
432 0 LA090889-0176 0
432 0 LA090890-0034 0
432 0 LA090990-0140 0
432 0 LA090990-0151 0
432 0 LA090990-0215 0
432 0 LA090990-0226 0
432 0 LA091089-0157 0
432 0 LA091090-0051 0
432 0 LA091090-0076 0
432 0 LA091189-0048 0
432 0 LA091189-0071 0
432 0 LA091189-0091 0
432 0 LA091190-0010 0
432 0 LA091190-0089 0
432 0 LA091190-0129 0
432 0 LA091289-0097 0
432 0 LA091289-0129 0
432 0 LA091389-0010 0
432 0 LA091389-0129 0
432 0 LA091390-0074 0
432 0 LA091489-0128 0
432 0 LA091489-0201 0
432 0 LA091589-0121 0
432 0 LA091590-0060 0
432 0 LA091590-0069 0
432 0 LA091689-0120 0
432 0 LA091690-0206 0
432 0 LA091789-0128 0
432 0 LA091790-0009 0
432 0 LA091790-0068 0
432 0 LA091889-0111 0
432 0 LA091990-0011 0
432 0 LA091990-0115 0
432 0 LA092089-0046 0
432 0 LA092089-0137 0
432 0 LA092090-0149 0
432 0 LA092189-0152 0
432 0 LA092189-0155 0
432 0 LA092189-0191 0
432 0 LA092189-0226 0
432 0 LA092190-0006 0
432 0 LA092190-0076 0
432 0 LA092290-0030 0
432 0 LA092290-0066 0
432 0 LA092290-0128 0
432 0 LA092290-0164 0
432 0 LA092389-0018 0
432 0 LA092389-0103 0
432 0 LA092389-0105 0
432 0 LA092389-0140 0
432 0 LA092390-0223 0
432 0 LA092390-0246 0
432 0 LA092490-0050 0
432 0 LA092590-0156 0
432 0 LA092689-0021 0
432 0 LA092690-0041 0
432 0 LA092790-0151 0
432 0 LA092889-0006 0
432 0 LA092889-0023 0
432 0 LA092889-0185 0
432 0 LA092989-0052 0
432 0 LA092989-0144 0
432 0 LA093090-0169 0
432 0 LA100189-0135 0
432 0 LA100189-0137 0
432 0 LA100189-0225 0
432 0 LA100190-0045 0
432 0 LA100190-0047 0
432 0 LA100290-0063 0
432 0 LA100290-0134 0
432 0 LA100390-0012 0
432 0 LA100390-0069 0
432 0 LA100489-0005 0
432 0 LA100489-0031 0
432 0 LA100490-0084 0
432 0 LA100490-0093 0
432 0 LA100490-0147 0
432 0 LA100490-0163 0
432 0 LA100589-0097 0
432 0 LA100589-0158 0
432 0 LA100590-0029 0
432 0 LA100590-0036 0
432 0 LA100590-0069 0
432 0 LA100590-0074 0
432 0 LA100590-0149 0
432 0 LA100689-0006 0
432 0 LA100689-0100 0
432 0 LA100690-0044 0
432 0 LA100690-0075 0
432 0 LA100789-0010 0
432 0 LA100789-0065 0
432 0 LA100790-0046 0
432 0 LA100890-0070 0
432 0 LA100989-0039 0
432 0 LA100989-0081 0
432 0 LA100989-0082 0
432 0 LA100989-0102 0
432 0 LA100990-0116 0
432 0 LA101089-0005 0
432 0 LA101089-0059 0
432 0 LA101089-0109 0
432 0 LA101189-0009 0
432 0 LA101189-0011 0
432 0 LA101189-0055 0
432 0 LA101190-0012 0
432 0 LA101190-0053 0
432 0 LA101190-0059 0
432 0 LA101190-0218 0
432 0 LA101289-0022 0
432 0 LA101289-0024 0
432 0 LA101289-0103 0
432 0 LA101289-0126 0
432 0 LA101289-0176 0
432 0 LA101289-0185 0
432 0 LA101289-0212 0
432 0 LA101290-0080 0
432 0 LA101290-0090 0
432 0 LA101290-0158 0
432 0 LA101290-0159 0
432 0 LA101389-0127 0
432 0 LA101390-0122 0
432 0 LA101489-0007 0
432 0 LA101489-0068 0
432 0 LA101489-0085 0
432 0 LA101490-0202 0
432 0 LA101589-0164 0
432 0 LA101589-0167 0
432 0 LA101589-0182 0
432 0 LA101590-0071 0
432 0 LA101590-0077 0
432 0 LA101689-0002 0
432 0 LA101689-0036 0
432 0 LA101690-0099 0
432 0 LA101690-0164 0
432 0 LA101789-0107 0
432 0 LA101790-0002 0
432 0 LA101790-0008 0
432 0 LA101790-0013 0
432 0 LA101790-0064 0
432 0 LA101889-0004 0
432 0 LA101889-0037 0
432 0 LA101889-0118 0
432 0 LA101890-0115 0
432 0 LA101890-0144 0
432 0 LA101989-0019 0
432 0 LA101990-0050 0
432 0 LA101990-0051 0
432 0 LA101990-0054 0
432 0 LA101990-0134 0
432 0 LA102089-0166 0
432 0 LA102090-0037 0
432 0 LA102189-0112 0
432 0 LA102190-0230 0
432 0 LA102289-0110 0
432 0 LA102290-0082 0
432 0 LA102390-0084 0
432 0 LA102390-0162 0
432 0 LA102490-0009 0
432 0 LA102490-0052 0
432 0 LA102589-0062 0
432 0 LA102590-0055 0
432 0 LA102590-0156 0
432 0 LA102590-0165 0
432 0 LA102690-0018 0
432 0 LA102690-0132 0
432 0 LA102790-0039 0
432 0 LA102890-0225 0
432 0 LA102989-0072 0
432 0 LA102990-0085 0
432 0 LA103089-0040 0
432 0 LA103090-0086 0
432 0 LA103189-0026 0
432 0 LA103190-0105 0
432 0 LA110190-0084 0
432 0 LA110190-0244 0
432 0 LA110289-0022 0
432 0 LA110389-0155 0
432 0 LA110390-0074 0
432 0 LA110490-0166 0
432 0 LA110689-0074 0
432 0 LA110890-0237 0
432 0 LA110990-0141 0
432 0 LA110990-0145 0
432 0 LA111090-0127 0
432 0 LA111190-0029 0
432 0 LA111190-0096 0
432 0 LA111390-0060 0
432 0 LA111390-0095 0
432 0 LA111689-0143 0
432 0 LA111690-0139 0
432 0 LA111790-0115 0
432 0 LA111889-0103 0
432 0 LA111890-0011 0
432 0 LA111989-0020 0
432 0 LA112089-0045 0
432 0 LA112090-0035 0
432 0 LA112090-0056 0
432 0 LA112090-0123 0
432 0 LA112190-0053 0
432 0 LA112289-0002 0
432 0 LA112289-0061 0
432 0 LA112290-0157 0
432 0 LA112290-0216 0
432 0 LA112389-0016 0
432 0 LA112389-0122 0
432 0 LA112389-0159 0
432 0 LA112390-0010 0
432 0 LA112390-0043 0
432 0 LA112390-0111 0
432 0 LA112489-0074 0
432 0 LA112589-0115 0
432 0 LA112589-0119 0
432 0 LA112789-0089 0
432 0 LA112889-0011 0
432 0 LA112889-0135 0
432 0 LA112890-0088 0
432 0 LA112890-0089 1
432 0 LA112890-0090 0
432 0 LA112989-0060 0
432 0 LA113089-0148 0
432 0 LA113089-0217 0
432 0 LA113090-0031 0
432 0 LA113090-0091 0
432 0 LA120189-0066 0
432 0 LA120289-0132 0
432 0 LA120290-0213 0
432 0 LA120389-0228 0
432 0 LA120389-0235 0
432 0 LA120390-0036 0
432 0 LA120489-0063 0
432 0 LA120490-0026 0
432 0 LA120490-0055 0
432 0 LA120490-0157 0
432 0 LA120590-0029 0
432 0 LA120590-0046 0
432 0 LA120590-0055 0
432 0 LA120690-0006 0
432 0 LA120789-0059 0
432 0 LA120889-0167 0
432 0 LA120989-0093 0
432 0 LA120990-0194 0
432 0 LA121089-0090 0
432 0 LA121089-0177 0
432 0 LA121089-0210 0
432 0 LA121189-0007 0
432 0 LA121189-0110 0
432 0 LA121190-0096 0
432 0 LA121289-0093 0
432 0 LA121289-0108 0
432 0 LA121289-0112 0
432 0 LA121290-0004 0
432 0 LA121290-0095 0
432 0 LA121390-0181 0
432 0 LA121490-0046 0
432 0 LA121490-0069 0
432 0 LA121589-0009 0
432 0 LA121589-0147 0
432 0 LA121590-0045 0
432 0 LA121690-0202 0
432 0 LA121690-0208 0
432 0 LA121889-0103 0
432 0 LA121890-0040 0
432 0 LA121890-0052 0
432 0 LA121890-0079 0
432 0 LA121890-0135 0
432 0 LA121989-0135 0
432 0 LA121990-0079 0
432 0 LA122090-0011 0
432 0 LA122090-0089 0
432 0 LA122090-0116 0
432 0 LA122189-0071 0
432 0 LA122189-0076 0
432 0 LA122189-0094 0
432 0 LA122190-0048 0
432 0 LA122190-0111 0
432 0 LA122190-0130 0
432 0 LA122290-0002 0
432 0 LA122290-0092 0
432 0 LA122290-0113 0
432 0 LA122390-0035 0
432 0 LA122390-0210 0
432 0 LA122489-0013 0
432 0 LA122489-0114 0
432 0 LA122489-0115 0
432 0 LA122490-0045 0
432 0 LA122490-0086 0
432 0 LA122689-0111 0
432 0 LA122690-0011 0
432 0 LA122690-0017 0
432 0 LA122690-0073 0
432 0 LA122790-0175 0
432 0 LA122889-0052 0
432 0 LA122889-0106 0
432 0 LA122889-0111 0
432 0 LA122889-0181 0
432 0 LA122890-0011 0
432 0 LA122890-0052 0
432 0 LA122890-0094 0
432 0 LA122890-0139 0
432 0 LA122989-0035 0
432 0 LA122989-0051 0
432 0 LA122989-0063 0
432 0 LA122989-0108 0
432 0 LA122989-0132 0
432 0 LA122990-0102 0
432 0 LA123089-0051 0
432 0 LA123089-0061 0
432 0 LA123089-0130 0
432 0 LA123090-0010 0
432 0 LA123090-0180 0
432 0 LA123189-0026 0
432 0 LA123189-0191 0
432 0 LA123190-0040 0
432 0 LA123190-0105 0
