429 0 FBIS3-14961 0
429 0 FBIS3-15164 0
429 0 FBIS3-17452 0
429 0 FBIS3-17493 0
429 0 FBIS3-1861 0
429 0 FBIS3-20890 0
429 0 FBIS3-21222 0
429 0 FBIS3-21399 0
429 0 FBIS3-22119 0
429 0 FBIS3-22470 0
429 0 FBIS3-22471 0
429 0 FBIS3-22474 0
429 0 FBIS3-22476 0
429 0 FBIS3-22477 0
429 0 FBIS3-22480 0
429 0 FBIS3-22482 0
429 0 FBIS3-22483 0
429 0 FBIS3-22486 0
429 0 FBIS3-22489 0
429 0 FBIS3-22508 0
429 0 FBIS3-22509 0
429 0 FBIS3-22518 0
429 0 FBIS3-22523 0
429 0 FBIS3-22524 0
429 0 FBIS3-22531 0
429 0 FBIS3-22535 0
429 0 FBIS3-22549 0
429 0 FBIS3-22553 0
429 0 FBIS3-22557 0
429 0 FBIS3-22559 0
429 0 FBIS3-22571 0
429 0 FBIS3-22573 0
429 0 FBIS3-22589 0
429 0 FBIS3-22591 0
429 0 FBIS3-22592 0
429 0 FBIS3-22593 0
429 0 FBIS3-22594 0
429 0 FBIS3-22598 0
429 0 FBIS3-22613 0
429 0 FBIS3-22617 0
429 0 FBIS3-22642 0
429 0 FBIS3-22652 0
429 0 FBIS3-22658 0
429 0 FBIS3-22680 0
429 0 FBIS3-22696 0
429 0 FBIS3-22697 0
429 0 FBIS3-22699 0
429 0 FBIS3-22703 0
429 0 FBIS3-22707 0
429 0 FBIS3-24607 0
429 0 FBIS3-2767 0
429 0 FBIS3-28190 0
429 0 FBIS3-29957 0
429 0 FBIS3-30172 0
429 0 FBIS3-33277 0
429 0 FBIS3-34944 0
429 0 FBIS3-3565 0
429 0 FBIS3-3580 0
429 0 FBIS3-36078 0
429 0 FBIS3-41666 0
429 0 FBIS3-41671 0
429 0 FBIS3-41673 0
429 0 FBIS3-41677 0
429 0 FBIS3-41681 0
429 0 FBIS3-41688 0
429 0 FBIS3-41697 0
429 0 FBIS3-41698 0
429 0 FBIS3-41699 0
429 0 FBIS3-41702 0
429 0 FBIS3-41706 0
429 0 FBIS3-41707 0
429 0 FBIS3-41710 0
429 0 FBIS3-41713 0
429 0 FBIS3-41727 0
429 0 FBIS3-41731 0
429 0 FBIS3-41733 0
429 0 FBIS3-41734 0
429 0 FBIS3-41735 0
429 0 FBIS3-41739 0
429 0 FBIS3-41752 0
429 0 FBIS3-41760 0
429 0 FBIS3-41777 0
429 0 FBIS3-41778 0
429 0 FBIS3-41784 0
429 0 FBIS3-41790 0
429 0 FBIS3-41805 0
429 0 FBIS3-41809 0
429 0 FBIS3-41810 0
429 0 FBIS3-41815 0
429 0 FBIS3-41817 0
429 0 FBIS3-41833 0
429 0 FBIS3-42986 0
429 0 FBIS3-42996 0
429 0 FBIS3-42998 0
429 0 FBIS3-43024 0
429 0 FBIS3-43034 0
429 0 FBIS3-43036 0
429 0 FBIS3-43072 0
429 0 FBIS3-46348 0
429 0 FBIS3-49902 0
429 0 FBIS3-50776 0
429 0 FBIS3-50967 0
429 0 FBIS3-51428 0
429 0 FBIS3-5407 0
429 0 FBIS3-56415 0
429 0 FBIS3-58319 0
429 0 FBIS3-59217 0
429 0 FBIS3-59466 0
429 0 FBIS3-59515 0
429 0 FBIS3-59753 0
429 0 FBIS3-59754 0
429 0 FBIS3-60336 0
429 0 FBIS3-60399 0
429 0 FBIS3-60402 0
429 0 FBIS3-60407 0
429 0 FBIS3-60433 0
429 0 FBIS3-60434 0
429 0 FBIS3-60450 0
429 0 FBIS3-60452 0
429 0 FBIS3-60462 0
429 0 FBIS3-60463 0
429 0 FBIS3-60464 0
429 0 FBIS3-60467 0
429 0 FBIS3-60469 0
429 0 FBIS3-60470 0
429 0 FBIS3-60484 0
429 0 FBIS3-60489 0
429 0 FBIS3-60494 0
429 0 FBIS3-60508 0
429 0 FBIS3-60520 0
429 0 FBIS3-60521 0
429 0 FBIS3-60525 0
429 0 FBIS3-60529 0
429 0 FBIS3-60531 0
429 0 FBIS3-60544 0
429 0 FBIS3-60545 0
429 0 FBIS3-60546 0
429 0 FBIS3-60553 0
429 0 FBIS3-60555 0
429 0 FBIS3-60557 0
429 0 FBIS3-60559 0
429 0 FBIS3-60561 0
429 0 FBIS3-60562 0
429 0 FBIS3-60563 0
429 0 FBIS3-60564 0
429 0 FBIS3-60565 0
429 0 FBIS3-60570 0
429 0 FBIS3-60577 0
429 0 FBIS3-61373 0
429 0 FBIS3-61569 0
429 0 FBIS3-61574 0
429 0 FBIS3-648 0
429 0 FBIS3-7529 0
429 0 FBIS3-7681 0
429 0 FBIS3-8840 0
429 0 FBIS3-9175 0
429 0 FBIS3-9780 0
429 0 FBIS4-102 0
429 0 FBIS4-10440 0
429 0 FBIS4-12611 0
429 0 FBIS4-1453 0
429 0 FBIS4-15877 0
429 0 FBIS4-1618 0
429 0 FBIS4-16406 0
429 0 FBIS4-20337 0
429 0 FBIS4-20345 0
429 0 FBIS4-20388 0
429 0 FBIS4-21379 0
429 0 FBIS4-22670 0
429 0 FBIS4-22716 0
429 0 FBIS4-22906 0
429 0 FBIS4-22925 0
429 0 FBIS4-22946 0
429 0 FBIS4-22992 0
429 0 FBIS4-2300 0
429 0 FBIS4-23876 0
429 0 FBIS4-24482 0
429 0 FBIS4-24699 0
429 0 FBIS4-25261 0
429 0 FBIS4-25327 0
429 0 FBIS4-25555 0
429 0 FBIS4-25568 0
429 0 FBIS4-26718 0
429 0 FBIS4-2702 0
429 0 FBIS4-27311 0
429 0 FBIS4-27824 0
429 0 FBIS4-28603 0
429 0 FBIS4-31593 0
429 0 FBIS4-32298 0
429 0 FBIS4-33007 0
429 0 FBIS4-3362 0
429 0 FBIS4-36950 0
429 0 FBIS4-37660 0
429 0 FBIS4-38534 0
429 0 FBIS4-38896 0
429 0 FBIS4-40649 0
429 0 FBIS4-4067 0
429 0 FBIS4-42185 0
429 0 FBIS4-43257 0
429 0 FBIS4-44294 0
429 0 FBIS4-44913 0
429 0 FBIS4-45041 0
429 0 FBIS4-45649 0
429 0 FBIS4-45669 0
429 0 FBIS4-45832 0
429 0 FBIS4-45833 0
429 0 FBIS4-45834 0
429 0 FBIS4-45839 0
429 0 FBIS4-45840 0
429 0 FBIS4-45843 0
429 0 FBIS4-45864 0
429 0 FBIS4-45867 0
429 0 FBIS4-45868 0
429 0 FBIS4-45869 0
429 0 FBIS4-45875 0
429 0 FBIS4-45876 0
429 0 FBIS4-45881 0
429 0 FBIS4-45888 0
429 0 FBIS4-45890 0
429 0 FBIS4-45908 0
429 0 FBIS4-47435 0
429 0 FBIS4-47452 0
429 0 FBIS4-47588 0
429 0 FBIS4-47665 0
429 0 FBIS4-49021 0
429 0 FBIS4-49714 0
429 0 FBIS4-49832 0
429 0 FBIS4-50195 0
429 0 FBIS4-50706 0
429 0 FBIS4-50850 0
429 0 FBIS4-50875 0
429 0 FBIS4-5095 0
429 0 FBIS4-51387 0
429 0 FBIS4-52474 0
429 0 FBIS4-54045 0
429 0 FBIS4-543 0
429 0 FBIS4-54834 0
429 0 FBIS4-56389 0
429 0 FBIS4-56522 0
429 0 FBIS4-5752 0
429 0 FBIS4-58596 0
429 0 FBIS4-58682 0
429 0 FBIS4-60762 0
429 0 FBIS4-63869 0
429 0 FBIS4-65784 0
429 0 FBIS4-65980 0
429 0 FBIS4-66030 0
429 0 FBIS4-66100 0
429 0 FBIS4-66175 0
429 0 FBIS4-66481 0
429 0 FBIS4-67533 0
429 0 FBIS4-67599 0
429 0 FBIS4-67601 0
429 0 FBIS4-67604 0
429 0 FBIS4-67613 0
429 0 FBIS4-67614 0
429 0 FBIS4-67616 0
429 0 FBIS4-67622 0
429 0 FBIS4-67623 0
429 0 FBIS4-67625 0
429 0 FBIS4-67632 0
429 0 FBIS4-67634 0
429 0 FBIS4-67646 0
429 0 FBIS4-67647 0
429 0 FBIS4-67648 0
429 0 FBIS4-67651 0
429 0 FBIS4-67662 0
429 0 FBIS4-67664 0
429 0 FBIS4-67666 0
429 0 FBIS4-67668 0
429 0 FBIS4-67674 0
429 0 FBIS4-67676 0
429 0 FBIS4-67690 0
429 0 FBIS4-67696 0
429 0 FBIS4-67697 0
429 0 FBIS4-67698 0
429 0 FBIS4-67710 0
429 0 FBIS4-67715 0
429 0 FBIS4-67721 0
429 0 FBIS4-67722 0
429 0 FBIS4-67725 0
429 0 FBIS4-67877 0
429 0 FBIS4-8335 0
429 0 FBIS4-8899 0
429 0 FBIS4-939 0
429 0 FR940104-0-00035 0
429 0 FR940104-2-00081 0
429 0 FR940104-2-00085 0
429 0 FR940106-2-00052 0
429 0 FR940111-2-00058 0
429 0 FR940112-1-00044 0
429 0 FR940114-0-00004 0
429 0 FR940114-0-00007 0
429 0 FR940118-0-00011 0
429 0 FR940118-0-00019 0
429 0 FR940119-2-00049 0
429 0 FR940124-1-00011 0
429 0 FR940126-2-00104 0
429 0 FR940127-2-00053 0
429 0 FR940127-2-00060 0
429 0 FR940128-1-00012 0
429 0 FR940128-1-00043 0
429 0 FR940128-1-00049 0
429 0 FR940128-1-00069 0
429 0 FR940128-1-00094 0
429 0 FR940128-1-00102 0
429 0 FR940128-1-00122 0
429 0 FR940202-2-00052 0
429 0 FR940202-2-00102 0
429 0 FR940202-2-00104 0
429 0 FR940202-2-00105 0
429 0 FR940202-2-00106 0
429 0 FR940202-2-00111 0
429 0 FR940202-2-00113 0
429 0 FR940202-2-00115 0
429 0 FR940202-2-00116 0
429 0 FR940202-2-00117 0
429 0 FR940202-2-00120 0
429 0 FR940202-2-00121 0
429 0 FR940202-2-00122 0
429 0 FR940202-2-00123 0
429 0 FR940202-2-00124 0
429 0 FR940202-2-00125 0
429 0 FR940202-2-00126 0
429 0 FR940202-2-00129 0
429 0 FR940202-2-00130 0
429 0 FR940202-2-00131 0
429 0 FR940202-2-00132 0
429 0 FR940202-2-00133 0
429 0 FR940202-2-00134 0
429 0 FR940202-2-00135 0
429 0 FR940202-2-00144 0
429 0 FR940202-2-00145 0
429 0 FR940203-0-00048 0
429 0 FR940203-1-00051 0
429 0 FR940203-2-00064 0
429 0 FR940203-2-00065 0
429 0 FR940204-1-00053 0
429 0 FR940214-1-00041 0
429 0 FR940214-2-00042 0
429 0 FR940214-2-00043 0
429 0 FR940216-2-00034 0
429 0 FR940217-2-00023 0
429 0 FR940217-2-00051 0
429 0 FR940224-2-00089 0
429 0 FR940228-0-00010 0
429 0 FR940228-0-00030 0
429 0 FR940302-1-00005 0
429 0 FR940302-1-00010 0
429 0 FR940302-2-00058 0
429 0 FR940302-2-00059 0
429 0 FR940302-2-00065 0
429 0 FR940303-2-00091 0
429 0 FR940304-2-00062 0
429 0 FR940317-0-00020 0
429 0 FR940317-0-00022 0
429 0 FR940317-0-00023 0
429 0 FR940317-1-00218 0
429 0 FR940317-2-00072 0
429 0 FR940318-0-00003 0
429 0 FR940318-0-00007 0
429 0 FR940318-0-00053 0
429 0 FR940318-2-00103 0
429 0 FR940318-2-00185 0
429 0 FR940324-2-00046 0
429 0 FR940324-2-00059 0
429 0 FR940324-2-00083 0
429 0 FR940325-2-00105 0
429 0 FR940328-0-00047 0
429 0 FR940328-2-00051 0
429 0 FR940328-2-00119 0
429 0 FR940404-2-00093 0
429 0 FR940405-1-00040 0
429 0 FR940405-1-00054 0
429 0 FR940405-1-00062 0
429 0 FR940405-1-00085 0
429 0 FR940405-1-00098 0
429 0 FR940405-1-00099 0
429 0 FR940405-1-00129 0
429 0 FR940405-1-00130 0
429 0 FR940405-1-00145 0
429 0 FR940405-2-00064 0
429 0 FR940405-2-00067 0
429 0 FR940406-0-00190 0
429 0 FR940406-2-00072 0
429 0 FR940407-1-00011 0
429 0 FR940412-1-00024 0
429 0 FR940412-2-00024 0
429 0 FR940413-0-00088 0
429 0 FR940414-0-00029 0
429 0 FR940419-1-00031 0
429 0 FR940419-2-00071 0
429 0 FR940425-0-00002 0
429 0 FR940425-2-00081 0
429 0 FR940426-2-00047 0
429 0 FR940426-2-00049 0
429 0 FR940428-2-00060 0
429 0 FR940504-2-00048 0
429 0 FR940505-2-00041 0
429 0 FR940506-2-00092 0
429 0 FR940506-2-00093 0
429 0 FR940511-1-00058 0
429 0 FR940511-2-00102 0
429 0 FR940513-1-00009 0
429 0 FR940513-2-00003 0
429 0 FR940513-2-00096 0
429 0 FR940513-2-00102 0
429 0 FR940523-0-00058 0
429 0 FR940525-1-00048 0
429 0 FR940525-1-00058 0
429 0 FR940525-1-00066 0
429 0 FR940525-1-00067 0
429 0 FR940525-1-00068 0
429 0 FR940525-1-00073 0
429 0 FR940525-1-00083 0
429 0 FR940525-1-00084 0
429 0 FR940525-1-00085 0
429 0 FR940526-0-00006 0
429 0 FR940526-1-00017 0
429 0 FR940526-2-00028 0
429 0 FR940526-2-00041 0
429 0 FR940527-1-00156 0
429 0 FR940527-1-00162 0
429 0 FR940527-1-00163 0
429 0 FR940527-1-00166 0
429 0 FR940527-2-00079 0
429 0 FR940527-2-00082 0
429 0 FR940527-2-00135 0
429 0 FR940603-1-00002 0
429 0 FR940603-1-00003 0
429 0 FR940603-2-00049 0
429 0 FR940610-1-00053 0
429 0 FR940613-2-00063 0
429 0 FR940617-1-00043 0
429 0 FR940617-1-00045 0
429 0 FR940617-1-00078 0
429 0 FR940617-1-00081 0
429 0 FR940617-1-00097 0
429 0 FR940617-2-00229 0
429 0 FR940620-1-00059 0
429 0 FR940620-2-00119 0
429 0 FR940620-2-00121 0
429 0 FR940621-2-00047 0
429 0 FR940627-0-00257 0
429 0 FR940627-2-00046 0
429 0 FR940627-2-00073 0
429 0 FR940628-1-00002 0
429 0 FR940628-1-00011 0
429 0 FR940628-1-00014 0
429 0 FR940628-1-00015 0
429 0 FR940628-2-00002 0
429 0 FR940628-2-00052 0
429 0 FR940628-2-00053 0
429 0 FR940628-2-00054 0
429 0 FR940630-0-00086 0
429 0 FR940705-2-00183 0
429 0 FR940705-2-00184 0
429 0 FR940705-2-00190 0
429 0 FR940705-2-00204 0
429 0 FR940705-2-00218 0
429 0 FR940706-2-00076 0
429 0 FR940712-2-00062 0
429 0 FR940713-2-00061 0
429 0 FR940713-2-00062 0
429 0 FR940719-2-00089 0
429 0 FR940720-0-00131 0
429 0 FR940721-2-00042 0
429 0 FR940721-2-00045 0
429 0 FR940722-0-00037 0
429 0 FR940725-2-00066 0
429 0 FR940725-2-00067 0
429 0 FR940727-0-00086 0
429 0 FR940727-2-00063 0
429 0 FR940728-2-00084 0
429 0 FR940728-2-00087 0
429 0 FR940802-2-00130 0
429 0 FR940804-2-00088 0
429 0 FR940805-2-00036 0
429 0 FR940810-0-00009 0
429 0 FR940816-1-00011 0
429 0 FR940816-2-00066 0
429 0 FR940817-0-00002 0
429 0 FR940817-2-00270 0
429 0 FR940817-2-00271 0
429 0 FR940817-2-00272 0
429 0 FR940817-2-00274 0
429 0 FR940817-2-00275 0
429 0 FR940825-2-00075 0
429 0 FR940825-2-00078 0
429 0 FR940826-1-00038 0
429 0 FR940831-0-00002 0
429 0 FR940902-1-00048 0
429 0 FR940902-2-00036 0
429 0 FR940906-0-00041 0
429 0 FR940912-2-00095 0
429 0 FR940912-2-00102 0
429 0 FR940919-2-00012 0
429 0 FR940919-2-00064 0
429 0 FR940919-2-00066 0
429 0 FR940920-2-00081 0
429 0 FR940921-2-00037 0
429 0 FR940922-1-00002 0
429 0 FR940926-0-00006 0
429 0 FR940928-2-00044 0
429 0 FR940928-2-00048 0
429 0 FR940930-0-00090 0
429 0 FR941004-1-00058 0
429 0 FR941004-1-00063 0
429 0 FR941004-2-00099 0
429 0 FR941007-2-00138 0
429 0 FR941007-2-00139 0
429 0 FR941012-2-00080 0
429 0 FR941012-2-00176 0
429 0 FR941017-0-00007 0
429 0 FR941017-2-00055 0
429 0 FR941017-2-00074 0
429 0 FR941019-2-00028 0
429 0 FR941019-2-00030 0
429 0 FR941019-2-00085 0
429 0 FR941021-1-00035 0
429 0 FR941021-1-00043 0
429 0 FR941021-1-00050 0
429 0 FR941025-1-00009 0
429 0 FR941027-0-00017 0
429 0 FR941027-2-00067 0
429 0 FR941027-2-00076 0
429 0 FR941028-0-00072 0
429 0 FR941028-2-00069 0
429 0 FR941028-2-00144 0
429 0 FR941028-2-00153 0
429 0 FR941028-2-00161 0
429 0 FR941028-2-00162 0
429 0 FR941028-2-00163 0
429 0 FR941028-2-00168 0
429 0 FR941028-2-00175 0
429 0 FR941028-2-00176 0
429 0 FR941028-2-00180 0
429 0 FR941028-2-00182 0
429 0 FR941028-2-00184 0
429 0 FR941028-2-00208 0
429 0 FR941028-2-00209 0
429 0 FR941028-2-00210 0
429 0 FR941028-2-00211 0
429 0 FR941028-2-00212 0
429 0 FR941028-2-00213 0
429 0 FR941028-2-00214 0
429 0 FR941028-2-00215 0
429 0 FR941028-2-00218 0
429 0 FR941028-2-00221 0
429 0 FR941102-1-00119 0
429 0 FR941103-0-00009 0
429 0 FR941103-0-00010 0
429 0 FR941103-0-00012 0
429 0 FR941103-0-00013 0
429 0 FR941103-0-00015 0
429 0 FR941107-0-00034 0
429 0 FR941107-2-00067 0
429 0 FR941107-2-00215 0
429 0 FR941107-2-00216 0
429 0 FR941107-2-00217 0
429 0 FR941107-2-00218 0
429 0 FR941107-2-00225 0
429 0 FR941107-2-00226 0
429 0 FR941107-2-00227 0
429 0 FR941107-2-00229 0
429 0 FR941107-2-00230 0
429 0 FR941107-2-00232 0
429 0 FR941107-2-00233 0
429 0 FR941107-2-00234 0
429 0 FR941110-2-00096 0
429 0 FR941121-2-00068 0
429 0 FR941121-2-00073 0
429 0 FR941122-2-00060 0
429 0 FR941125-0-00002 0
429 0 FR941128-2-00187 0
429 0 FR941202-0-00179 0
429 0 FR941202-2-00188 0
429 0 FR941206-1-00134 0
429 0 FR941207-0-00082 0
429 0 FR941212-1-00066 0
429 0 FR941216-2-00087 0
429 0 FR941216-2-00088 0
429 0 FR941216-2-00090 0
429 0 FR941219-2-00180 0
429 0 FR941220-1-00047 0
429 0 FR941220-1-00048 0
429 0 FR941222-2-00047 0
429 0 FR941222-2-00053 0
429 0 FR941230-0-00015 0
429 0 FR941230-0-00018 0
429 0 FR941230-0-00019 0
429 0 FR941230-0-00020 0
429 0 FR941230-0-00025 0
429 0 FR941230-0-00027 0
429 0 FR941230-0-00119 0
429 0 FR941230-2-00038 0
429 0 FT911-2707 0
429 0 FT911-4992 0
429 0 FT921-10107 0
429 0 FT921-13530 0
429 0 FT921-14819 0
429 0 FT921-15775 0
429 0 FT921-16191 0
429 0 FT921-3467 0
429 0 FT921-6521 0
429 0 FT921-6660 0
429 0 FT921-7983 0
429 0 FT921-7987 0
429 0 FT921-9310 0
429 0 FT922-13874 0
429 0 FT922-3067 0
429 0 FT923-14077 0
429 0 FT923-14971 0
429 0 FT923-15575 0
429 0 FT923-3313 0
429 0 FT923-3533 0
429 0 FT923-453 0
429 0 FT923-7861 0
429 0 FT923-8033 0
429 0 FT924-10987 0
429 0 FT924-13166 0
429 0 FT924-15322 0
429 0 FT924-15542 0
429 0 FT924-15642 0
429 0 FT924-1660 0
429 0 FT924-17 0
429 0 FT924-1880 0
429 0 FT924-2904 0
429 0 FT924-3124 0
429 0 FT931-5795 0
429 0 FT931-7060 0
429 0 FT931-8074 0
429 0 FT931-8294 0
429 0 FT932-11283 0
429 0 FT932-11503 0
429 0 FT932-11609 0
429 0 FT932-13584 0
429 0 FT932-15388 0
429 0 FT932-15791 0
429 0 FT932-16878 0
429 0 FT932-2515 0
429 0 FT932-3732 0
429 0 FT932-3963 0
429 0 FT932-7262 0
429 0 FT933-10266 0
429 0 FT933-13146 0
429 0 FT933-13280 0
429 0 FT933-14613 0
429 0 FT933-15127 0
429 0 FT933-15870 0
429 0 FT933-16139 0
429 0 FT933-16143 0
429 0 FT933-1742 0
429 0 FT933-2824 0
429 0 FT933-3705 0
429 0 FT933-4149 0
429 0 FT933-5254 0
429 0 FT933-5401 0
429 0 FT933-7438 0
429 0 FT933-7908 0
429 0 FT933-8272 0
429 0 FT933-8439 0
429 0 FT933-8473 0
429 0 FT933-8487 0
429 0 FT933-8639 0
429 0 FT934-1272 0
429 0 FT934-13630 0
429 0 FT934-3770 0
429 0 FT934-4152 0
429 0 FT934-5299 0
429 0 FT941-1242 0
429 0 FT941-14322 0
429 0 FT941-15224 0
429 0 FT941-15245 0
429 0 FT941-15975 0
429 0 FT941-1691 0
429 0 FT941-2507 0
429 0 FT941-834 0
429 0 FT942-10983 0
429 0 FT942-11341 0
429 0 FT942-12010 0
429 0 FT942-12053 0
429 0 FT942-12436 0
429 0 FT942-12479 0
429 0 FT942-12505 0
429 0 FT942-14426 0
429 0 FT942-15524 0
429 0 FT942-15640 0
429 0 FT942-15955 0
429 0 FT942-16868 0
429 0 FT942-17212 0
429 0 FT942-17480 0
429 0 FT942-4919 0
429 0 FT942-5110 0
429 0 FT942-7603 0
429 0 FT942-8336 0
429 0 FT943-1002 0
429 0 FT943-10062 0
429 0 FT943-12269 0
429 0 FT943-13693 0
429 0 FT943-14017 0
429 0 FT943-14080 0
429 0 FT943-1425 0
429 0 FT943-14403 0
429 0 FT943-15925 0
429 0 FT943-16145 0
429 0 FT943-4387 0
429 0 FT943-4949 0
429 0 FT943-677 0
429 0 FT943-760 0
429 0 FT943-7720 0
429 0 FT943-7940 0
429 0 FT943-8272 0
429 0 FT943-8941 0
429 0 FT943-9238 0
429 0 FT943-9699 0
429 0 FT944-13535 0
429 0 FT944-140 0
429 0 FT944-16329 0
429 0 FT944-18093 0
429 0 FT944-18715 0
429 0 FT944-18743 0
429 0 FT944-1974 0
429 0 FT944-2185 0
429 0 FT944-2261 0
429 0 FT944-2702 0
429 0 LA010189-0001 0
429 0 LA010190-0025 0
429 0 LA010589-0059 0
429 0 LA010590-0158 0
429 0 LA010690-0091 0
429 0 LA010789-0007 0
429 0 LA010790-0170 0
429 0 LA010790-0212 0
429 0 LA010889-0033 0
429 0 LA010889-0196 0
429 0 LA010990-0068 0
429 0 LA011590-0134 0
429 0 LA011689-0107 0
429 0 LA011990-0090 0
429 0 LA012089-0160 0
429 0 LA012090-0018 0
429 0 LA012090-0059 0
429 0 LA012289-0015 0
429 0 LA012489-0094 0
429 0 LA012490-0108 0
429 0 LA012490-0120 0
429 0 LA012690-0099 0
429 0 LA020389-0112 0
429 0 LA020789-0010 0
429 0 LA020790-0018 0
429 0 LA020989-0096 0
429 0 LA021389-0024 0
429 0 LA021389-0067 0
429 0 LA021590-0231 0
429 0 LA021689-0165 0
429 0 LA021889-0149 0
429 0 LA021990-0049 0
429 0 LA022389-0152 0
429 0 LA030390-0089 0
429 0 LA030690-0002 0
429 0 LA030789-0075 0
429 0 LA031089-0169 0
429 0 LA031190-0011 0
429 0 LA031489-0054 0
429 0 LA031890-0074 0
429 0 LA032089-0015 0
429 0 LA032190-0081 0
429 0 LA032289-0131 0
429 0 LA032290-0148 0
429 0 LA032389-0201 0
429 0 LA032489-0081 0
429 0 LA032589-0006 0
429 0 LA033089-0019 0
429 0 LA033189-0118 0
429 0 LA033190-0001 0
429 0 LA040189-0024 0
429 0 LA040190-0221 0
429 0 LA040289-0117 0
429 0 LA040689-0078 0
429 0 LA040689-0148 0
429 0 LA040789-0053 0
429 0 LA040790-0154 0
429 0 LA040889-0117 0
429 0 LA040989-0094 0
429 0 LA040989-0163 0
429 0 LA041189-0132 0
429 0 LA041190-0046 0
429 0 LA041289-0054 0
429 0 LA041589-0115 0
429 0 LA041690-0085 0
429 0 LA041889-0082 0
429 0 LA041890-0113 0
429 0 LA041890-0158 0
429 0 LA041990-0176 0
429 0 LA042190-0056 0
429 0 LA042289-0001 0
429 0 LA042290-0104 0
429 0 LA042490-0142 0
429 0 LA042590-0136 0
429 0 LA042790-0205 0
429 0 LA042889-0147 0
429 0 LA042990-0096 0
429 0 LA050289-0103 0
429 0 LA050390-0212 0
429 0 LA050590-0009 0
429 0 LA050689-0091 0
429 0 LA050890-0103 0
429 0 LA050989-0084 0
429 0 LA050990-0159 0
429 0 LA051089-0101 0
429 0 LA051190-0179 0
429 0 LA051190-0185 0
429 0 LA051289-0069 0
429 0 LA051290-0086 0
429 0 LA051690-0124 0
429 0 LA051790-0095 0
429 0 LA051890-0035 0
429 0 LA051890-0114 0
429 0 LA052090-0077 0
429 0 LA052189-0037 0
429 0 LA052189-0095 0
429 0 LA052989-0052 0
429 0 LA060489-0052 0
429 0 LA060589-0049 0
429 0 LA060890-0001 0
429 0 LA060890-0028 0
429 0 LA061089-0087 0
429 0 LA061389-0087 0
429 0 LA061589-0182 0
429 0 LA061689-0054 0
429 0 LA061889-0112 0
429 0 LA062190-0135 0
429 0 LA062290-0024 0
429 0 LA062389-0128 0
429 0 LA062490-0094 0
429 0 LA062490-0174 0
429 0 LA062590-0042 0
429 0 LA062889-0051 0
429 0 LA070390-0161 0
429 0 LA070989-0207 0
429 0 LA071389-0196 0
429 0 LA071489-0008 0
429 0 LA071489-0151 0
429 0 LA071589-0025 0
429 0 LA071689-0215 0
429 0 LA071989-0117 0
429 0 LA071989-0138 0
429 0 LA071990-0117 0
429 0 LA072089-0177 0
429 0 LA072390-0003 0
429 0 LA072690-0122 0
429 0 LA072789-0092 0
429 0 LA072790-0147 0
429 0 LA072889-0181 0
429 0 LA073090-0058 0
429 0 LA080190-0001 0
429 0 LA080290-0034 0
429 0 LA080290-0073 0
429 0 LA080290-0194 0
429 0 LA080489-0045 0
429 0 LA080589-0052 0
429 0 LA080790-0061 0
429 0 LA081089-0055 0
429 0 LA081090-0080 0
429 0 LA081290-0086 0
429 0 LA081990-0064 0
429 0 LA081990-0088 0
429 0 LA081990-0197 0
429 0 LA082090-0031 0
429 0 LA082090-0092 0
429 0 LA082389-0068 0
429 0 LA082489-0115 0
429 0 LA082490-0046 0
429 0 LA082490-0065 0
429 0 LA082689-0127 0
429 0 LA082890-0074 0
429 0 LA082890-0159 0
429 0 LA090289-0085 0
429 0 LA090289-0092 0
429 0 LA090290-0036 0
429 0 LA090789-0051 0
429 0 LA091189-0053 0
429 0 LA091289-0130 0
429 0 LA091290-0084 0
429 0 LA091390-0084 0
429 0 LA091390-0213 0
429 0 LA091589-0047 0
429 0 LA091690-0156 0
429 0 LA091789-0150 0
429 0 LA091989-0016 0
429 0 LA091990-0051 0
429 0 LA092090-0248 0
429 0 LA092389-0113 0
429 0 LA092490-0069 0
429 0 LA092589-0002 0
429 0 LA092689-0050 0
429 0 LA092789-0015 0
429 0 LA092889-0022 0
429 0 LA092890-0133 0
429 0 LA100189-0047 0
429 0 LA100189-0058 0
429 0 LA100490-0220 0
429 0 LA100590-0169 0
429 0 LA100889-0136 0
429 0 LA100889-0146 0
429 0 LA101189-0062 0
429 0 LA101289-0068 0
429 0 LA101289-0111 0
429 0 LA101589-0050 0
429 0 LA101690-0040 0
429 0 LA101790-0003 0
429 0 LA101890-0243 0
429 0 LA101989-0210 0
429 0 LA101990-0021 0
429 0 LA102089-0050 0
429 0 LA102089-0057 0
429 0 LA102089-0090 0
429 0 LA102190-0046 0
429 0 LA102490-0138 0
429 0 LA102590-0199 0
429 0 LA102689-0183 0
429 0 LA102989-0126 0
429 0 LA103090-0087 0
429 0 LA110189-0092 0
429 0 LA110289-0066 0
429 0 LA110289-0091 0
429 0 LA110290-0100 0
429 0 LA110389-0097 0
429 0 LA110390-0001 0
429 0 LA110589-0164 0
429 0 LA110590-0024 0
429 0 LA110689-0060 0
429 0 LA110690-0141 0
429 0 LA110690-0193 0
429 0 LA110989-0090 0
429 0 LA110989-0214 0
429 0 LA111090-0109 0
429 0 LA111190-0161 0
429 0 LA111290-0001 0
429 0 LA111390-0102 0
429 0 LA111789-0092 0
429 0 LA111790-0032 0
429 0 LA112089-0054 0
429 0 LA112090-0153 0
429 0 LA112189-0078 0
429 0 LA112490-0106 0
429 0 LA112490-0112 0
429 0 LA112690-0027 0
429 0 LA112690-0079 0
429 0 LA112789-0001 0
429 0 LA112890-0063 0
429 0 LA112990-0145 0
429 0 LA113089-0213 0
429 0 LA113090-0156 0
429 0 LA120290-0076 0
429 0 LA120490-0022 0
429 0 LA120690-0203 0
429 0 LA120990-0192 0
429 0 LA120990-0193 0
429 0 LA121089-0235 0
429 0 LA121090-0030 0
429 0 LA121589-0077 0
429 0 LA121589-0140 0
429 0 LA121590-0063 0
429 0 LA121689-0040 0
429 0 LA121690-0224 0
429 0 LA121889-0008 0
429 0 LA121889-0039 0
429 0 LA122189-0040 0
429 0 LA122189-0062 0
429 0 LA122189-0137 0
429 0 LA122289-0099 0
429 0 LA122290-0138 0
429 0 LA122489-0017 0
429 0 LA122489-0073 0
429 0 LA122489-0119 0
429 0 LA122589-0047 0
429 0 LA122790-0077 0
429 0 LA122790-0195 0
429 0 LA123189-0189 0
