430 0 FBIS3-10193 0
430 0 FBIS3-10429 0
430 0 FBIS3-10876 0
430 0 FBIS3-11099 0
430 0 FBIS3-11623 0
430 0 FBIS3-11731 0
430 0 FBIS3-11793 0
430 0 FBIS3-11808 0
430 0 FBIS3-11919 0
430 0 FBIS3-12455 0
430 0 FBIS3-12521 0
430 0 FBIS3-12616 0
430 0 FBIS3-12807 0
430 0 FBIS3-12832 0
430 0 FBIS3-12923 0
430 0 FBIS3-1299 0
430 0 FBIS3-13102 0
430 0 FBIS3-13226 0
430 0 FBIS3-13309 0
430 0 FBIS3-13676 0
430 0 FBIS3-13703 0
430 0 FBIS3-13794 0
430 0 FBIS3-13962 0
430 0 FBIS3-13989 0
430 0 FBIS3-1401 0
430 0 FBIS3-14158 0
430 0 FBIS3-14390 0
430 0 FBIS3-14568 0
430 0 FBIS3-14659 0
430 0 FBIS3-14832 0
430 0 FBIS3-1702 0
430 0 FBIS3-18410 0
430 0 FBIS3-18740 0
430 0 FBIS3-19027 0
430 0 FBIS3-19544 0
430 0 FBIS3-20468 0
430 0 FBIS3-207 0
430 0 FBIS3-22054 0
430 0 FBIS3-22119 0
430 0 FBIS3-22947 0
430 0 FBIS3-22960 0
430 0 FBIS3-23 0
430 0 FBIS3-23002 0
430 0 FBIS3-23212 0
430 0 FBIS3-23270 0
430 0 FBIS3-23334 0
430 0 FBIS3-23374 0
430 0 FBIS3-23561 0
430 0 FBIS3-23660 0
430 0 FBIS3-23751 0
430 0 FBIS3-24416 0
430 0 FBIS3-24542 0
430 0 FBIS3-24653 0
430 0 FBIS3-24711 0
430 0 FBIS3-24802 0
430 0 FBIS3-25288 0
430 0 FBIS3-25426 0
430 0 FBIS3-25472 0
430 0 FBIS3-25493 0
430 0 FBIS3-25922 0
430 0 FBIS3-26859 0
430 0 FBIS3-27224 0
430 0 FBIS3-27590 0
430 0 FBIS3-27786 0
430 0 FBIS3-27897 0
430 0 FBIS3-285 0
430 0 FBIS3-29 0
430 0 FBIS3-296 0
430 0 FBIS3-2983 0
430 0 FBIS3-29954 0
430 0 FBIS3-31234 0
430 0 FBIS3-31552 0
430 0 FBIS3-31818 0
430 0 FBIS3-32236 0
430 0 FBIS3-32543 0
430 0 FBIS3-32780 0
430 0 FBIS3-33113 0
430 0 FBIS3-33151 0
430 0 FBIS3-33156 0
430 0 FBIS3-33957 0
430 0 FBIS3-34630 0
430 0 FBIS3-34782 0
430 0 FBIS3-34798 0
430 0 FBIS3-34820 0
430 0 FBIS3-35018 0
430 0 FBIS3-35195 0
430 0 FBIS3-35552 0
430 0 FBIS3-36719 0
430 0 FBIS3-38318 0
430 0 FBIS3-39309 0
430 0 FBIS3-400 0
430 0 FBIS3-40148 0
430 0 FBIS3-40149 0
430 0 FBIS3-40424 0
430 0 FBIS3-40551 0
430 0 FBIS3-40552 0
430 0 FBIS3-4093 0
430 0 FBIS3-41218 0
430 0 FBIS3-417 0
430 0 FBIS3-418 0
430 0 FBIS3-41827 0
430 0 FBIS3-42128 0
430 0 FBIS3-42218 0
430 0 FBIS3-42235 0
430 0 FBIS3-42319 0
430 0 FBIS3-42428 0
430 0 FBIS3-42459 0
430 0 FBIS3-42470 0
430 0 FBIS3-42485 0
430 0 FBIS3-42726 0
430 0 FBIS3-42821 0
430 0 FBIS3-42893 0
430 0 FBIS3-43120 0
430 0 FBIS3-43132 0
430 0 FBIS3-43160 0
430 0 FBIS3-43174 0
430 0 FBIS3-43186 0
430 0 FBIS3-43214 0
430 0 FBIS3-43231 0
430 0 FBIS3-43241 0
430 0 FBIS3-43242 0
430 0 FBIS3-43243 0
430 0 FBIS3-43250 0
430 0 FBIS3-43283 0
430 0 FBIS3-43295 0
430 0 FBIS3-43345 0
430 0 FBIS3-43396 0
430 0 FBIS3-43449 0
430 0 FBIS3-435 0
430 0 FBIS3-43563 0
430 0 FBIS3-43709 0
430 0 FBIS3-43713 0
430 0 FBIS3-43751 0
430 0 FBIS3-43770 0
430 0 FBIS3-43835 0
430 0 FBIS3-44063 0
430 0 FBIS3-44065 0
430 0 FBIS3-45918 0
430 0 FBIS3-46197 0
430 0 FBIS3-48031 0
430 0 FBIS3-48296 0
430 0 FBIS3-48728 0
430 0 FBIS3-48833 0
430 0 FBIS3-49034 0
430 0 FBIS3-50564 0
430 0 FBIS3-50891 0
430 0 FBIS3-50892 0
430 0 FBIS3-50893 0
430 0 FBIS3-51276 0
430 0 FBIS3-51808 0
430 0 FBIS3-52075 0
430 0 FBIS3-52538 0
430 0 FBIS3-526 0
430 0 FBIS3-53240 0
430 0 FBIS3-53934 0
430 0 FBIS3-54238 0
430 0 FBIS3-54460 0
430 0 FBIS3-55734 0
430 0 FBIS3-57015 0
430 0 FBIS3-57806 0
430 0 FBIS3-57903 0
430 0 FBIS3-58 0
430 0 FBIS3-58477 0
430 0 FBIS3-58994 0
430 0 FBIS3-59065 0
430 0 FBIS3-59267 0
430 0 FBIS3-602 0
430 0 FBIS3-60342 0
430 0 FBIS3-60378 0
430 0 FBIS3-60454 0
430 0 FBIS3-60527 0
430 0 FBIS3-60907 0
430 0 FBIS3-61165 0
430 0 FBIS3-61508 0
430 0 FBIS3-67 0
430 0 FBIS3-679 0
430 0 FBIS3-6884 0
430 0 FBIS3-8471 0
430 0 FBIS3-9281 0
430 0 FBIS3-9984 0
430 0 FBIS4-10271 0
430 0 FBIS4-10308 0
430 0 FBIS4-10332 0
430 0 FBIS4-10531 0
430 0 FBIS4-10600 0
430 0 FBIS4-10811 0
430 0 FBIS4-11126 0
430 0 FBIS4-11284 0
430 0 FBIS4-11710 0
430 0 FBIS4-11824 0
430 0 FBIS4-12017 0
430 0 FBIS4-1226 0
430 0 FBIS4-12442 0
430 0 FBIS4-12533 0
430 0 FBIS4-12616 0
430 0 FBIS4-12728 0
430 0 FBIS4-12919 0
430 0 FBIS4-1299 0
430 0 FBIS4-13059 0
430 0 FBIS4-13064 0
430 0 FBIS4-13533 0
430 0 FBIS4-13608 0
430 0 FBIS4-13772 0
430 0 FBIS4-13875 0
430 0 FBIS4-1417 0
430 0 FBIS4-15425 0
430 0 FBIS4-17137 0
430 0 FBIS4-18672 0
430 0 FBIS4-18985 0
430 0 FBIS4-20162 0
430 0 FBIS4-20482 0
430 0 FBIS4-20504 0
430 0 FBIS4-20707 0
430 0 FBIS4-20708 0
430 0 FBIS4-20751 0
430 0 FBIS4-20757 0
430 0 FBIS4-21455 0
430 0 FBIS4-21554 0
430 0 FBIS4-21910 0
430 0 FBIS4-21927 0
430 0 FBIS4-21984 0
430 0 FBIS4-22024 0
430 0 FBIS4-22032 0
430 0 FBIS4-22054 0
430 0 FBIS4-22066 0
430 0 FBIS4-22095 0
430 0 FBIS4-22162 0
430 0 FBIS4-22945 0
430 0 FBIS4-23084 0
430 0 FBIS4-23108 0
430 0 FBIS4-23301 0
430 0 FBIS4-23426 0
430 0 FBIS4-23645 0
430 0 FBIS4-24290 0
430 0 FBIS4-24633 0
430 0 FBIS4-25085 0
430 0 FBIS4-25261 0
430 0 FBIS4-26428 0
430 0 FBIS4-2658 0
430 0 FBIS4-26668 0
430 0 FBIS4-26682 0
430 0 FBIS4-28712 0
430 0 FBIS4-29 0
430 0 FBIS4-30558 0
430 0 FBIS4-30835 0
430 0 FBIS4-30981 0
430 0 FBIS4-31159 0
430 0 FBIS4-31233 0
430 0 FBIS4-31256 0
430 0 FBIS4-31611 0
430 0 FBIS4-32388 0
430 0 FBIS4-33995 0
430 0 FBIS4-33997 0
430 0 FBIS4-34673 0
430 0 FBIS4-34924 0
430 0 FBIS4-34971 0
430 0 FBIS4-35147 0
430 0 FBIS4-35223 0
430 0 FBIS4-35529 0
430 0 FBIS4-36515 0
430 0 FBIS4-36600 0
430 0 FBIS4-36743 0
430 0 FBIS4-37100 0
430 0 FBIS4-37139 0
430 0 FBIS4-37262 0
430 0 FBIS4-37553 0
430 0 FBIS4-38169 0
430 0 FBIS4-41504 0
430 0 FBIS4-421 0
430 0 FBIS4-43 0
430 0 FBIS4-43615 0
430 0 FBIS4-44703 0
430 0 FBIS4-44962 0
430 0 FBIS4-45046 0
430 0 FBIS4-45133 0
430 0 FBIS4-45625 0
430 0 FBIS4-45958 0
430 0 FBIS4-46118 0
430 0 FBIS4-46155 0
430 0 FBIS4-46249 0
430 0 FBIS4-46250 0
430 0 FBIS4-46260 0
430 0 FBIS4-46339 0
430 0 FBIS4-46588 0
430 0 FBIS4-47223 0
430 0 FBIS4-47554 0
430 0 FBIS4-47642 0
430 0 FBIS4-47804 0
430 0 FBIS4-47810 0
430 0 FBIS4-48028 0
430 0 FBIS4-48354 0
430 0 FBIS4-48644 0
430 0 FBIS4-48772 0
430 0 FBIS4-48784 0
430 0 FBIS4-49251 0
430 0 FBIS4-49380 0
430 0 FBIS4-49386 0
430 0 FBIS4-4963 0
430 0 FBIS4-50011 0
430 0 FBIS4-50603 0
430 0 FBIS4-50737 0
430 0 FBIS4-50877 0
430 0 FBIS4-51192 0
430 0 FBIS4-51227 0
430 0 FBIS4-51698 0
430 0 FBIS4-52020 0
430 0 FBIS4-52044 0
430 0 FBIS4-52159 0
430 0 FBIS4-52303 0
430 0 FBIS4-52587 0
430 0 FBIS4-53078 0
430 0 FBIS4-53281 0
430 0 FBIS4-53455 0
430 0 FBIS4-53659 0
430 0 FBIS4-53858 0
430 0 FBIS4-53862 0
430 0 FBIS4-54007 0
430 0 FBIS4-54635 0
430 0 FBIS4-55848 0
430 0 FBIS4-56191 0
430 0 FBIS4-56389 0
430 0 FBIS4-56779 0
430 0 FBIS4-56788 0
430 0 FBIS4-57286 0
430 0 FBIS4-57406 0
430 0 FBIS4-57711 0
430 0 FBIS4-57923 0
430 0 FBIS4-59475 0
430 0 FBIS4-59815 0
430 0 FBIS4-59835 0
430 0 FBIS4-60029 0
430 0 FBIS4-60444 0
430 0 FBIS4-60674 0
430 0 FBIS4-60753 0
430 0 FBIS4-60754 0
430 0 FBIS4-61366 0
430 0 FBIS4-62049 0
430 0 FBIS4-65239 0
430 0 FBIS4-66030 0
430 0 FBIS4-66227 0
430 0 FBIS4-66230 0
430 0 FBIS4-66652 0
430 0 FBIS4-66966 0
430 0 FBIS4-67129 0
430 0 FBIS4-67533 0
430 0 FBIS4-67550 0
430 0 FBIS4-67666 0
430 0 FBIS4-67877 0
430 0 FBIS4-67901 0
430 0 FBIS4-68014 0
430 0 FBIS4-68098 0
430 0 FBIS4-68133 0
430 0 FBIS4-68225 0
430 0 FBIS4-68275 0
430 0 FBIS4-68287 0
430 0 FBIS4-68353 0
430 0 FBIS4-68471 0
430 0 FBIS4-68545 0
430 0 FBIS4-68559 0
430 0 FBIS4-68720 0
430 0 FBIS4-68724 0
430 0 FBIS4-68796 0
430 0 FBIS4-718 0
430 0 FBIS4-788 0
430 0 FBIS4-7919 0
430 0 FBIS4-8084 0
430 0 FBIS4-8786 0
430 0 FBIS4-9113 0
430 0 FBIS4-9603 0
430 0 FBIS4-9657 0
430 0 FBIS4-9958 0
430 0 FR940104-0-00033 0
430 0 FR940105-2-00109 0
430 0 FR940106-0-00003 0
430 0 FR940106-0-00004 0
430 0 FR940106-1-00097 0
430 0 FR940111-0-00022 0
430 0 FR940112-1-00044 0
430 0 FR940119-0-00026 0
430 0 FR940119-2-00057 0
430 0 FR940126-2-00072 0
430 0 FR940127-2-00110 0
430 0 FR940203-0-00084 0
430 0 FR940216-2-00036 0
430 0 FR940222-2-00002 0
430 0 FR940224-2-00103 0
430 0 FR940228-0-00003 0
430 0 FR940302-0-00003 0
430 0 FR940302-0-00031 0
430 0 FR940303-0-00016 0
430 0 FR940303-2-00091 0
430 0 FR940304-1-00088 0
430 0 FR940314-1-00033 0
430 0 FR940314-1-00035 0
430 0 FR940314-1-00037 0
430 0 FR940314-1-00038 0
430 0 FR940314-1-00041 0
430 0 FR940317-2-00006 0
430 0 FR940317-2-00007 0
430 0 FR940318-0-00006 0
430 0 FR940325-0-00004 0
430 0 FR940325-2-00050 0
430 0 FR940325-2-00120 0
430 0 FR940325-2-00121 0
430 0 FR940406-0-00190 0
430 0 FR940407-0-00006 0
430 0 FR940419-1-00042 0
430 0 FR940419-2-00006 0
430 0 FR940426-0-00002 0
430 0 FR940426-1-00002 0
430 0 FR940428-2-00072 0
430 0 FR940503-0-00048 0
430 0 FR940512-2-00199 0
430 0 FR940513-1-00009 0
430 0 FR940513-1-00026 0
430 0 FR940523-0-00018 0
430 0 FR940523-0-00019 0
430 0 FR940523-0-00034 0
430 0 FR940524-1-00002 0
430 0 FR940524-2-00003 0
430 0 FR940525-2-00051 0
430 0 FR940602-1-00023 0
430 0 FR940603-2-00098 0
430 0 FR940613-2-00004 0
430 0 FR940617-2-00229 0
430 0 FR940620-2-00002 0
430 0 FR940620-2-00074 0
430 0 FR940621-0-00031 0
430 0 FR940630-0-00071 0
430 0 FR940705-2-00133 0
430 0 FR940705-2-00150 0
430 0 FR940705-2-00235 0
430 0 FR940727-1-00023 0
430 0 FR940803-2-00061 0
430 0 FR940810-0-00009 0
430 0 FR940810-0-00065 0
430 0 FR940812-0-00002 0
430 0 FR940816-0-00017 0
430 0 FR940816-0-00018 0
430 0 FR940816-1-00063 0
430 0 FR940816-1-00067 0
430 0 FR940816-1-00071 0
430 0 FR940816-1-00072 0
430 0 FR940816-1-00076 0
430 0 FR940816-1-00077 0
430 0 FR940816-1-00081 0
430 0 FR940816-1-00086 0
430 0 FR940817-0-00003 0
430 0 FR940817-2-00098 0
430 0 FR940817-2-00213 0
430 0 FR940817-2-00218 0
430 0 FR940817-2-00244 0
430 0 FR940817-2-00263 0
430 0 FR940817-2-00264 0
430 0 FR940817-2-00268 0
430 0 FR940825-0-00012 0
430 0 FR940825-1-00151 0
430 0 FR940830-0-00005 0
430 0 FR940831-2-00003 0
430 0 FR940902-1-00048 0
430 0 FR940902-2-00060 0
430 0 FR940916-2-00069 0
430 0 FR940919-0-00135 0
430 0 FR940922-2-00126 0
430 0 FR940926-0-00008 0
430 0 FR940927-0-00105 0
430 0 FR941003-2-00110 0
430 0 FR941004-2-00089 0
430 0 FR941004-2-00111 0
430 0 FR941004-2-00115 0
430 0 FR941004-2-00116 0
430 0 FR941004-2-00117 0
430 0 FR941004-2-00119 0
430 0 FR941006-1-00007 0
430 0 FR941019-0-00069 0
430 0 FR941019-0-00079 0
430 0 FR941020-2-00013 0
430 0 FR941020-2-00014 0
430 0 FR941020-2-00015 0
430 0 FR941020-2-00016 0
430 0 FR941020-2-00017 0
430 0 FR941025-1-00012 0
430 0 FR941027-1-00030 0
430 0 FR941031-2-00016 0
430 0 FR941031-2-00017 0
430 0 FR941104-2-00003 0
430 0 FR941107-0-00034 0
430 0 FR941107-2-00004 0
430 0 FR941110-0-00097 0
430 0 FR941116-0-00160 0
430 0 FR941116-2-00040 0
430 0 FR941116-2-00048 0
430 0 FR941122-0-00054 0
430 0 FR941122-0-00057 0
430 0 FR941122-0-00068 0
430 0 FR941122-0-00070 0
430 0 FR941122-0-00076 0
430 0 FR941122-0-00079 0
430 0 FR941122-0-00094 0
430 0 FR941125-2-00127 0
430 0 FR941130-0-00122 0
430 0 FR941130-2-00038 0
430 0 FR941202-2-00139 0
430 0 FR941205-0-00103 0
430 0 FR941207-2-00068 0
430 0 FR941213-2-00004 0
430 0 FR941221-1-00048 0
430 0 FR941222-0-00003 0
430 0 FR941230-0-00015 0
430 0 FR941230-0-00018 0
430 0 FT911-3946 0
430 0 FT911-4042 0
430 0 FT911-626 0
430 0 FT921-10393 0
430 0 FT921-1150 0
430 0 FT921-13608 0
430 0 FT921-13713 0
430 0 FT921-15219 0
430 0 FT921-15288 0
430 0 FT921-16331 0
430 0 FT921-198 0
430 0 FT921-3271 0
430 0 FT921-3383 0
430 0 FT921-4003 0
430 0 FT921-4163 0
430 0 FT921-450 0
430 0 FT921-4749 0
430 0 FT921-5301 0
430 0 FT921-5491 0
430 0 FT921-6003 0
430 0 FT921-670 0
430 0 FT921-8077 0
430 0 FT921-9392 0
430 0 FT921-9517 0
430 0 FT922-10105 0
430 0 FT922-1023 0
430 0 FT922-12117 0
430 0 FT922-12382 0
430 0 FT922-12386 0
430 0 FT922-12846 0
430 0 FT922-14235 0
430 0 FT922-14343 0
430 0 FT922-1474 0
430 0 FT922-15134 0
430 0 FT922-1912 0
430 0 FT922-2515 0
430 0 FT922-3549 0
430 0 FT922-37 0
430 0 FT922-460 0
430 0 FT922-4815 0
430 0 FT922-5527 0
430 0 FT922-5994 0
430 0 FT922-7455 0
430 0 FT922-7915 0
430 0 FT922-8253 0
430 0 FT922-8551 0
430 0 FT922-9045 0
430 0 FT922-99 0
430 0 FT922-9948 0
430 0 FT923-10052 0
430 0 FT923-11587 0
430 0 FT923-12429 0
430 0 FT923-13221 0
430 0 FT923-13515 0
430 0 FT923-14892 0
430 0 FT923-15613 0
430 0 FT923-1974 0
430 0 FT923-1977 0
430 0 FT923-2298 0
430 0 FT923-2927 0
430 0 FT923-297 0
430 0 FT923-3417 0
430 0 FT923-4420 0
430 0 FT923-4713 0
430 0 FT923-4878 0
430 0 FT923-5386 0
430 0 FT923-6214 0
430 0 FT923-6585 0
430 0 FT923-7034 0
430 0 FT923-7273 0
430 0 FT923-7862 0
430 0 FT923-7998 0
430 0 FT923-8507 0
430 0 FT923-9501 0
430 0 FT924-10195 0
430 0 FT924-10440 0
430 0 FT924-10904 0
430 0 FT924-1124 0
430 0 FT924-11753 0
430 0 FT924-11882 0
430 0 FT924-11971 0
430 0 FT924-12989 0
430 0 FT924-13468 0
430 0 FT924-13936 0
430 0 FT924-15469 0
430 0 FT924-15687 0
430 0 FT924-1986 0
430 0 FT924-2242 0
430 0 FT924-2462 0
430 0 FT924-3103 0
430 0 FT924-3264 0
430 0 FT924-3335 0
430 0 FT924-4062 0
430 0 FT924-461 0
430 0 FT924-4787 0
430 0 FT924-4946 0
430 0 FT924-5353 0
430 0 FT924-6174 0
430 0 FT924-6325 0
430 0 FT924-7459 0
430 0 FT924-756 0
430 0 FT924-8057 0
430 0 FT924-998 0
430 0 FT931-1012 0
430 0 FT931-11163 0
430 0 FT931-12087 0
430 0 FT931-13301 0
430 0 FT931-13367 0
430 0 FT931-1370 0
430 0 FT931-13958 0
430 0 FT931-14129 0
430 0 FT931-14485 0
430 0 FT931-14677 0
430 0 FT931-1526 0
430 0 FT931-16377 0
430 0 FT931-1666 0
430 0 FT931-16827 0
430 0 FT931-17017 0
430 0 FT931-17112 0
430 0 FT931-1888 0
430 0 FT931-2991 0
430 0 FT931-3052 0
430 0 FT931-3126 0
430 0 FT931-3748 0
430 0 FT931-3819 0
430 0 FT931-4695 0
430 0 FT931-4696 0
430 0 FT931-4732 0
430 0 FT931-6195 0
430 0 FT931-6595 0
430 0 FT931-6613 0
430 0 FT931-6675 0
430 0 FT931-6890 0
430 0 FT931-7568 0
430 0 FT931-7677 0
430 0 FT931-7718 0
430 0 FT931-792 0
430 0 FT932-10066 0
430 0 FT932-10889 0
430 0 FT932-11526 0
430 0 FT932-11550 0
430 0 FT932-11555 0
430 0 FT932-131 0
430 0 FT932-13292 0
430 0 FT932-15585 0
430 0 FT932-15628 0
430 0 FT932-1609 0
430 0 FT932-16160 0
430 0 FT932-16196 0
430 0 FT932-17154 0
430 0 FT932-1891 0
430 0 FT932-2152 0
430 0 FT932-2509 0
430 0 FT932-2610 0
430 0 FT932-2612 0
430 0 FT932-2821 0
430 0 FT932-3066 0
430 0 FT932-3608 0
430 0 FT932-3748 0
430 0 FT932-4876 0
430 0 FT932-5876 0
430 0 FT932-6864 0
430 0 FT932-7058 0
430 0 FT932-7061 0
430 0 FT932-7984 0
430 0 FT932-9686 0
430 0 FT933-10183 0
430 0 FT933-1030 0
430 0 FT933-10315 0
430 0 FT933-10885 0
430 0 FT933-11090 0
430 0 FT933-11553 0
430 0 FT933-11808 0
430 0 FT933-12212 0
430 0 FT933-12287 0
430 0 FT933-12646 0
430 0 FT933-13627 0
430 0 FT933-16382 0
430 0 FT933-16536 0
430 0 FT933-2387 0
430 0 FT933-3290 0
430 0 FT933-3675 0
430 0 FT933-3778 0
430 0 FT933-4958 0
430 0 FT933-5048 0
430 0 FT933-6106 0
430 0 FT933-7587 0
430 0 FT933-7840 0
430 0 FT933-8523 0
430 0 FT933-854 0
430 0 FT933-9176 0
430 0 FT933-927 0
430 0 FT933-9712 0
430 0 FT933-9751 0
430 0 FT934-10089 0
430 0 FT934-1015 0
430 0 FT934-10491 0
430 0 FT934-10522 0
430 0 FT934-12250 0
430 0 FT934-12333 0
430 0 FT934-12929 0
430 0 FT934-12968 0
430 0 FT934-13951 0
430 0 FT934-1411 0
430 0 FT934-17084 0
430 0 FT934-17210 0
430 0 FT934-2286 0
430 0 FT934-3493 0
430 0 FT934-5053 0
430 0 FT934-5332 0
430 0 FT934-5825 0
430 0 FT934-689 0
430 0 FT934-6917 0
430 0 FT934-8117 0
430 0 FT934-8500 0
430 0 FT934-8752 0
430 0 FT941-1064 0
430 0 FT941-11009 0
430 0 FT941-11098 0
430 0 FT941-11155 0
430 0 FT941-13880 0
430 0 FT941-14228 0
430 0 FT941-14251 0
430 0 FT941-14379 0
430 0 FT941-15999 0
430 0 FT941-16557 0
430 0 FT941-16918 0
430 0 FT941-17613 0
430 0 FT941-17729 0
430 0 FT941-203 0
430 0 FT941-2580 0
430 0 FT941-4031 0
430 0 FT941-4665 0
430 0 FT941-5493 0
430 0 FT941-9667 0
430 0 FT942-10462 0
430 0 FT942-10474 0
430 0 FT942-1090 0
430 0 FT942-12147 0
430 0 FT942-12159 0
430 0 FT942-12549 0
430 0 FT942-13013 0
430 0 FT942-13231 0
430 0 FT942-13450 0
430 0 FT942-13570 0
430 0 FT942-13596 0
430 0 FT942-13652 0
430 0 FT942-13944 0
430 0 FT942-14048 0
430 0 FT942-148 0
430 0 FT942-15174 0
430 0 FT942-1532 0
430 0 FT942-16496 0
430 0 FT942-16636 0
430 0 FT942-17331 0
430 0 FT942-17527 0
430 0 FT942-1754 0
430 0 FT942-442 0
430 0 FT942-4797 0
430 0 FT942-562 0
430 0 FT942-5941 0
430 0 FT942-7043 0
430 0 FT942-7642 0
430 0 FT942-8093 0
430 0 FT942-9318 0
430 0 FT943-10209 0
430 0 FT943-11281 0
430 0 FT943-13006 0
430 0 FT943-13580 0
430 0 FT943-13790 0
430 0 FT943-13939 0
430 0 FT943-15321 0
430 0 FT943-15458 0
430 0 FT943-16220 0
430 0 FT943-208 0
430 0 FT943-2599 0
430 0 FT943-3330 0
430 0 FT943-4017 0
430 0 FT943-4022 0
430 0 FT943-4212 0
430 0 FT943-4365 0
430 0 FT943-4816 0
430 0 FT943-7117 0
430 0 FT943-7751 0
430 0 FT943-7764 0
430 0 FT944-12673 0
430 0 FT944-12683 0
430 0 FT944-12918 0
430 0 FT944-13906 0
430 0 FT944-14085 0
430 0 FT944-14358 0
430 0 FT944-14428 0
430 0 FT944-15467 0
430 0 FT944-1580 0
430 0 FT944-15857 0
430 0 FT944-16950 0
430 0 FT944-17237 0
430 0 FT944-17288 0
430 0 FT944-17832 0
430 0 FT944-18645 0
430 0 FT944-18821 0
430 0 FT944-18870 0
430 0 FT944-2001 0
430 0 FT944-2211 0
430 0 FT944-2248 0
430 0 FT944-2249 0
430 0 FT944-2250 0
430 0 FT944-2254 0
430 0 FT944-2255 0
430 0 FT944-2256 0
430 0 FT944-2262 0
430 0 FT944-2263 0
430 0 FT944-2265 0
430 0 FT944-2267 0
430 0 FT944-2389 0
430 0 FT944-2551 0
430 0 FT944-2612 0
430 0 FT944-2689 0
430 0 FT944-2690 0
430 0 FT944-2691 0
430 0 FT944-2695 0
430 0 FT944-2696 0
430 0 FT944-2697 0
430 0 FT944-2703 0
430 0 FT944-2704 0
430 0 FT944-2706 0
430 0 FT944-2708 0
430 0 FT944-3034 0
430 0 FT944-44 0
430 0 FT944-6228 0
430 0 FT944-6607 0
430 0 FT944-6893 0
430 0 FT944-7430 0
430 0 FT944-8317 0
430 0 FT944-8443 0
430 0 FT944-8461 0
430 0 FT944-9373 0
430 0 LA010189-0040 0
430 0 LA010189-0071 0
430 0 LA010190-0025 0
430 0 LA010190-0038 0
430 0 LA010290-0091 0
430 0 LA010290-0101 0
430 0 LA010489-0029 0
430 0 LA010690-0054 0
430 0 LA010790-0057 0
430 0 LA010790-0180 0
430 0 LA010889-0110 0
430 0 LA010889-0161 0
430 0 LA010890-0005 0
430 0 LA010890-0007 0
430 0 LA010890-0119 0
430 0 LA010989-0072 0
430 0 LA010990-0007 0
430 0 LA011089-0144 0
430 0 LA011190-0148 0
430 0 LA011190-0210 0
430 0 LA011190-0226 0
430 0 LA011289-0107 0
430 0 LA011489-0101 0
430 0 LA011490-0112 0
430 0 LA011490-0163 0
430 0 LA011589-0208 0
430 0 LA011690-0092 0
430 0 LA011789-0073 0
430 0 LA011790-0033 0
430 0 LA011889-0003 0
430 0 LA011889-0006 0
430 0 LA011889-0058 0
430 0 LA011889-0131 0
430 0 LA012089-0005 0
430 0 LA012089-0184 0
430 0 LA012189-0127 0
430 0 LA012289-0107 0
430 0 LA012389-0043 0
430 0 LA012390-0142 0
430 0 LA012489-0030 0
430 0 LA012489-0094 0
430 0 LA012590-0135 0
430 0 LA012590-0166 0
430 0 LA012689-0160 0
430 0 LA012689-0165 0
430 0 LA012689-0171 0
430 0 LA012689-0191 0
430 0 LA012789-0015 0
430 0 LA012790-0085 0
430 0 LA012890-0030 0
430 0 LA012890-0090 0
430 0 LA012990-0009 0
430 0 LA012990-0011 0
430 0 LA012990-0130 0
430 0 LA013089-0040 0
430 0 LA013089-0045 0
430 0 LA013090-0053 0
430 0 LA013190-0005 0
430 0 LA020189-0027 0
430 0 LA020190-0124 0
430 0 LA020290-0157 0
430 0 LA020389-0131 0
430 0 LA020390-0025 0
430 0 LA020589-0007 0
430 0 LA020589-0233 0
430 0 LA020689-0057 0
430 0 LA020689-0066 0
430 0 LA020690-0036 0
430 0 LA020789-0122 0
430 0 LA021189-0013 0
430 0 LA021289-0019 0
430 0 LA021290-0111 0
430 0 LA021389-0016 0
430 0 LA021490-0010 0
430 0 LA021589-0071 0
430 0 LA021590-0219 0
430 0 LA021789-0154 0
430 0 LA021890-0038 0
430 0 LA021890-0171 0
430 0 LA021989-0058 0
430 0 LA021990-0007 0
430 0 LA022089-0079 0
430 0 LA022189-0011 0
430 0 LA022289-0008 0
430 0 LA022389-0044 0
430 0 LA022489-0163 0
430 0 LA022589-0050 0
430 0 LA022589-0074 0
430 0 LA022689-0007 0
430 0 LA022689-0153 0
430 0 LA022689-0169 0
430 0 LA022790-0107 0
430 0 LA022889-0019 0
430 0 LA022889-0106 0
430 0 LA030190-0146 0
430 0 LA030289-0120 0
430 0 LA030289-0185 0
430 0 LA030290-0096 0
430 0 LA030389-0169 0
430 0 LA030390-0092 0
430 0 LA030489-0128 0
430 0 LA030589-0024 0
430 0 LA030589-0060 0
430 0 LA030589-0198 0
430 0 LA030590-0033 0
430 0 LA030690-0009 0
430 0 LA030789-0060 0
430 0 LA030790-0154 0
430 0 LA030889-0102 0
430 0 LA030889-0129 0
430 0 LA030890-0186 0
430 0 LA030890-0239 0
430 0 LA030989-0082 0
430 0 LA030989-0131 0
430 0 LA031089-0069 0
430 0 LA031089-0089 0
430 0 LA031089-0107 0
430 0 LA031089-0139 0
430 0 LA031189-0014 0
430 0 LA031190-0182 0
430 0 LA031190-0196 0
430 0 LA031289-0116 0
430 0 LA031389-0096 0
430 0 LA031489-0117 0
430 0 LA031490-0003 0
430 0 LA031490-0084 0
430 0 LA031589-0133 0
430 0 LA031590-0230 0
430 0 LA031590-0233 0
430 0 LA031689-0123 0
430 0 LA031689-0124 0
430 0 LA031689-0191 0
430 0 LA031789-0075 0
430 0 LA031790-0026 0
430 0 LA031889-0003 0
430 0 LA031889-0039 0
430 0 LA031890-0193 0
430 0 LA031989-0084 0
430 0 LA031989-0195 0
430 0 LA031989-0208 0
430 0 LA032089-0042 0
430 0 LA032189-0098 0
430 0 LA032190-0031 0
430 0 LA032290-0127 0
430 0 LA032589-0057 0
430 0 LA032790-0011 0
430 0 LA032890-0091 0
430 0 LA032890-0167 0
430 0 LA033089-0171 0
430 0 LA033189-0185 0
430 0 LA033190-0068 0
430 0 LA040189-0027 0
430 0 LA040190-0048 0
430 0 LA040289-0047 0
430 0 LA040289-0132 0
430 0 LA040290-0060 0
430 0 LA040489-0106 0
430 0 LA040490-0026 0
430 0 LA040590-0090 0
430 0 LA040590-0104 0
430 0 LA040689-0070 0
430 0 LA040689-0125 0
430 0 LA040690-0177 0
430 0 LA040890-0080 0
430 0 LA041090-0020 0
430 0 LA041090-0074 0
430 0 LA041190-0124 0
430 0 LA041290-0090 0
430 0 LA041290-0144 0
430 0 LA041290-0235 0
430 0 LA041389-0060 0
430 0 LA041390-0082 0
430 0 LA041390-0142 0
430 0 LA041489-0052 0
430 0 LA041490-0002 0
430 0 LA041490-0041 0
430 0 LA041590-0173 0
430 0 LA041689-0116 0
430 0 LA041689-0134 0
430 0 LA041789-0057 0
430 0 LA041790-0178 0
430 0 LA041890-0115 0
430 0 LA041989-0042 0
430 0 LA041989-0063 0
430 0 LA042089-0073 0
430 0 LA042189-0061 0
430 0 LA042289-0006 0
430 0 LA042290-0001 0
430 0 LA042290-0030 0
430 0 LA042389-0115 0
430 0 LA042390-0055 0
430 0 LA042490-0061 0
430 0 LA042490-0086 0
430 0 LA042490-0116 0
430 0 LA042490-0145 0
430 0 LA042589-0085 0
430 0 LA042590-0025 0
430 0 LA042690-0035 0
430 0 LA042690-0047 0
430 0 LA042690-0173 0
430 0 LA042690-0225 0
430 0 LA042789-0036 0
430 0 LA042789-0046 0
430 0 LA042789-0149 0
430 0 LA042790-0033 0
430 0 LA042790-0034 0
430 0 LA042790-0077 0
430 0 LA042889-0118 0
430 0 LA042890-0128 0
430 0 LA042990-0163 0
430 0 LA042990-0219 0
430 0 LA043089-0074 0
430 0 LA043089-0083 0
430 0 LA050290-0108 0
430 0 LA050390-0018 0
430 0 LA050390-0027 0
430 0 LA050390-0118 0
430 0 LA050390-0169 0
430 0 LA050390-0172 0
430 0 LA050390-0197 0
430 0 LA050489-0107 0
430 0 LA050490-0045 0
430 0 LA050590-0111 0
430 0 LA050590-0139 0
430 0 LA050590-0143 0
430 0 LA050689-0033 0
430 0 LA050689-0078 0
430 0 LA050690-0100 0
430 0 LA050690-0102 0
430 0 LA050690-0122 0
430 0 LA050690-0144 0
430 0 LA050690-0240 0
430 0 LA050789-0051 0
430 0 LA050789-0068 0
430 0 LA050789-0072 0
430 0 LA050789-0150 0
430 0 LA050790-0006 0
430 0 LA050790-0010 0
430 0 LA050790-0013 0
430 0 LA050790-0096 0
430 0 LA050889-0005 0
430 0 LA050889-0036 0
430 0 LA050889-0047 0
430 0 LA050889-0060 0
430 0 LA050889-0063 0
430 0 LA050889-0095 0
430 0 LA050889-0118 0
430 0 LA050890-0103 0
430 0 LA050890-0127 0
430 0 LA050990-0033 0
430 0 LA050990-0036 0
430 0 LA050990-0092 0
430 0 LA051089-0019 0
430 0 LA051090-0057 0
430 0 LA051090-0064 0
430 0 LA051090-0074 0
430 0 LA051090-0132 0
430 0 LA051189-0032 0
430 0 LA051189-0036 0
430 0 LA051189-0136 0
430 0 LA051189-0137 0
430 0 LA051190-0005 0
430 0 LA051190-0051 0
430 0 LA051190-0104 0
430 0 LA051289-0071 0
430 0 LA051289-0076 0
430 0 LA051389-0024 0
430 0 LA051390-0101 0
430 0 LA051489-0009 0
430 0 LA051489-0074 0
430 0 LA051590-0001 0
430 0 LA051690-0004 0
430 0 LA051690-0017 0
430 0 LA051690-0108 0
430 0 LA051789-0106 0
430 0 LA051790-0176 0
430 0 LA051790-0194 0
430 0 LA051889-0001 0
430 0 LA051889-0088 0
430 0 LA051989-0143 0
430 0 LA051989-0146 0
430 0 LA051990-0034 0
430 0 LA052090-0011 0
430 0 LA052190-0043 0
430 0 LA052290-0054 0
430 0 LA052389-0061 0
430 0 LA052389-0125 0
430 0 LA052490-0239 0
430 0 LA052789-0110 0
430 0 LA052790-0174 0
430 0 LA052790-0209 0
430 0 LA052790-0216 0
430 0 LA052890-0038 0
430 0 LA052989-0036 0
430 0 LA053190-0100 0
430 0 LA053190-0136 0
430 0 LA060190-0043 0
430 0 LA060289-0088 0
430 0 LA060290-0013 0
430 0 LA060290-0135 0
430 0 LA060389-0142 0
430 0 LA060489-0099 0
430 0 LA060489-0231 0
430 0 LA060490-0028 0
430 0 LA060590-0048 0
430 0 LA060889-0082 0
430 0 LA060989-0167 0
430 0 LA061089-0059 0
430 0 LA061090-0085 0
430 0 LA061189-0082 0
430 0 LA061189-0103 0
430 0 LA061189-0139 0
430 0 LA061189-0146 0
430 0 LA061190-0052 0
430 0 LA061290-0185 0
430 0 LA061389-0086 0
430 0 LA061490-0007 0
430 0 LA061590-0035 0
430 0 LA061590-0050 0
430 0 LA061689-0037 0
430 0 LA061790-0121 0
430 0 LA061890-0016 0
430 0 LA061989-0014 0
430 0 LA061989-0045 0
430 0 LA061990-0072 0
430 0 LA062089-0106 0
430 0 LA062090-0021 0
430 0 LA062190-0047 0
430 0 LA062289-0128 0
430 0 LA062390-0104 0
430 0 LA062490-0226 0
430 0 LA062490-0231 0
430 0 LA062589-0043 0
430 0 LA062589-0066 0
430 0 LA062789-0111 0
430 0 LA062790-0019 0
430 0 LA062889-0104 0
430 0 LA070189-0121 0
430 0 LA070190-0080 0
430 0 LA070190-0133 0
430 0 LA070290-0076 0
430 0 LA070390-0022 0
430 0 LA070390-0072 0
430 0 LA070390-0076 0
430 0 LA070489-0113 0
430 0 LA070589-0025 0
430 0 LA070590-0044 0
430 0 LA070590-0064 0
430 0 LA070590-0162 0
430 0 LA070590-0172 0
430 0 LA070690-0022 0
430 0 LA070690-0039 0
430 0 LA070690-0048 0
430 0 LA070789-0018 0
430 0 LA070789-0136 0
430 0 LA070889-0080 0
430 0 LA070989-0085 0
430 0 LA071289-0018 0
430 0 LA071290-0002 0
430 0 LA071290-0117 0
430 0 LA071290-0216 0
430 0 LA071390-0122 0
430 0 LA071490-0058 0
430 0 LA071589-0135 0
430 0 LA071590-0222 0
430 0 LA071689-0033 0
430 0 LA071689-0118 0
430 0 LA071689-0177 0
430 0 LA071690-0121 0
430 0 LA071690-0122 0
430 0 LA071790-0048 0
430 0 LA071790-0053 0
430 0 LA071790-0077 0
430 0 LA071890-0099 0
430 0 LA071890-0172 0
430 0 LA071990-0020 0
430 0 LA072089-0074 0
430 0 LA072089-0106 0
430 0 LA072090-0104 0
430 0 LA072390-0136 0
430 0 LA072589-0027 0
430 0 LA072589-0068 0
430 0 LA072589-0103 0
430 0 LA072590-0030 0
430 0 LA072590-0173 0
430 0 LA072789-0157 0
430 0 LA072789-0158 0
430 0 LA072889-0059 0
430 0 LA072890-0075 0
430 0 LA072989-0029 0
430 0 LA073089-0050 0
430 0 LA073089-0110 0
430 0 LA073089-0118 0
430 0 LA073089-0123 0
430 0 LA073089-0137 0
430 0 LA073090-0014 0
430 0 LA073189-0072 0
430 0 LA080189-0121 0
430 0 LA080190-0081 0
430 0 LA080290-0167 0
430 0 LA080290-0206 0
430 0 LA080290-0230 0
430 0 LA080290-0238 0
430 0 LA080389-0041 0
430 0 LA080389-0127 0
430 0 LA080389-0171 0
430 0 LA080489-0038 0
430 0 LA080489-0047 0
430 0 LA080490-0119 0
430 0 LA080490-0121 0
430 0 LA080490-0142 0
430 0 LA080590-0061 0
430 0 LA080590-0139 0
430 0 LA080689-0002 0
430 0 LA080689-0049 0
430 0 LA080690-0018 0
430 0 LA080690-0024 0
430 0 LA080990-0018 0
430 0 LA080990-0020 0
430 0 LA080990-0094 0
430 0 LA080990-0097 0
430 0 LA081090-0174 0
430 0 LA081090-0182 0
430 0 LA081090-0188 0
430 0 LA081190-0045 0
430 0 LA081289-0101 0
430 0 LA081290-0070 0
430 0 LA081390-0021 0
430 0 LA081390-0030 0
430 0 LA081390-0032 0
430 0 LA081490-0141 0
430 0 LA081590-0138 0
430 0 LA081689-0012 0
430 0 LA081689-0039 0
430 0 LA081689-0146 0
430 0 LA081690-0057 0
430 0 LA081690-0246 0
430 0 LA081789-0028 0
430 0 LA081789-0137 0
430 0 LA081890-0061 0
430 0 LA081890-0123 0
430 0 LA081989-0031 0
430 0 LA081990-0223 0
430 0 LA082089-0005 0
430 0 LA082089-0061 0
430 0 LA082189-0047 0
430 0 LA082189-0067 0
430 0 LA082189-0073 0
430 0 LA082289-0028 0
430 0 LA082389-0050 0
430 0 LA082389-0093 0
430 0 LA082390-0233 0
430 0 LA082589-0033 0
430 0 LA082689-0129 0
430 0 LA082789-0084 0
430 0 LA082789-0179 0
430 0 LA082790-0026 0
430 0 LA082790-0066 0
430 0 LA082889-0040 0
430 0 LA082889-0067 0
430 0 LA083090-0013 0
430 0 LA083090-0217 0
430 0 LA083190-0050 0
430 0 LA090189-0052 0
430 0 LA090189-0068 0
430 0 LA090189-0104 0
430 0 LA090190-0052 0
430 0 LA090190-0078 0
430 0 LA090190-0092 0
430 0 LA090190-0147 0
430 0 LA090290-0158 0
430 0 LA090290-0215 0
430 0 LA090290-0216 0
430 0 LA090389-0113 0
430 0 LA090489-0009 0
430 0 LA090590-0002 0
430 0 LA090689-0009 0
430 0 LA090790-0002 0
430 0 LA091089-0005 0
430 0 LA091089-0010 0
430 0 LA091189-0023 0
430 0 LA091189-0122 0
430 0 LA091190-0177 0
430 0 LA091289-0127 0
430 0 LA091290-0171 0
430 0 LA091390-0051 0
430 0 LA091390-0162 0
430 0 LA091489-0029 0
430 0 LA091490-0022 0
430 0 LA091490-0086 0
430 0 LA091589-0052 0
430 0 LA091589-0164 0
430 0 LA091689-0112 0
430 0 LA091789-0047 0
430 0 LA091789-0056 0
430 0 LA091889-0035 0
430 0 LA091890-0057 0
430 0 LA092089-0017 0
430 0 LA092090-0070 0
430 0 LA092189-0126 0
430 0 LA092189-0144 0
430 0 LA092189-0149 0
430 0 LA092190-0064 0
430 0 LA092289-0090 0
430 0 LA092390-0194 0
430 0 LA092489-0011 0
430 0 LA092490-0020 0
430 0 LA092490-0066 0
430 0 LA092590-0101 0
430 0 LA092689-0078 0
430 0 LA092690-0098 0
430 0 LA092789-0102 0
430 0 LA092790-0036 0
430 0 LA092889-0140 0
430 0 LA092890-0044 0
430 0 LA092989-0099 0
430 0 LA092990-0072 0
430 0 LA092990-0092 0
430 0 LA093090-0066 0
430 0 LA100189-0113 0
430 0 LA100290-0100 0
430 0 LA100589-0074 0
430 0 LA100589-0081 0
430 0 LA100589-0120 0
430 0 LA100590-0084 0
430 0 LA100590-0150 0
430 0 LA100590-0155 0
430 0 LA100689-0017 0
430 0 LA100689-0144 0
430 0 LA100789-0066 0
430 0 LA100789-0102 0
430 0 LA100790-0068 0
430 0 LA100790-0132 0
430 0 LA100790-0219 0
430 0 LA100889-0040 0
430 0 LA100889-0165 0
430 0 LA100889-0224 0
430 0 LA100890-0074 0
430 0 LA100989-0065 0
430 0 LA101190-0081 0
430 0 LA101289-0032 0
430 0 LA101289-0100 0
430 0 LA101289-0111 0
430 0 LA101389-0175 0
430 0 LA101490-0033 0
430 0 LA101589-0047 0
430 0 LA101590-0051 0
430 0 LA101689-0001 0
430 0 LA101690-0051 0
430 0 LA101889-0067 0
430 0 LA101890-0049 0
430 0 LA101890-0054 0
430 0 LA101989-0042 0
430 0 LA101989-0088 0
430 0 LA101989-0093 0
430 0 LA101989-0136 0
430 0 LA101989-0183 0
430 0 LA101989-0208 0
430 0 LA102089-0174 0
430 0 LA102089-0176 0
430 0 LA102090-0070 0
430 0 LA102189-0054 0
430 0 LA102190-0202 0
430 0 LA102190-0247 0
430 0 LA102289-0052 0
430 0 LA102289-0094 0
430 0 LA102389-0100 0
430 0 LA102490-0064 0
430 0 LA102589-0042 0
430 0 LA102589-0069 0
430 0 LA102589-0087 0
430 0 LA102689-0093 0
430 0 LA102689-0112 0
430 0 LA102689-0121 0
430 0 LA102689-0174 0
430 0 LA102789-0074 0
430 0 LA102789-0141 0
430 0 LA102790-0149 0
430 0 LA102889-0090 0
430 0 LA102890-0079 0
430 0 LA102890-0080 0
430 0 LA102890-0130 0
430 0 LA102989-0012 0
430 0 LA102989-0162 0
430 0 LA102989-0223 0
430 0 LA103089-0062 0
430 0 LA103190-0033 0
430 0 LA110389-0133 0
430 0 LA110490-0043 0
430 0 LA110490-0226 0
430 0 LA110490-0228 0
430 0 LA110589-0189 0
430 0 LA110590-0067 0
430 0 LA110690-0008 0
430 0 LA110690-0100 0
430 0 LA110690-0141 0
430 0 LA110789-0145 0
430 0 LA110790-0050 0
430 0 LA110890-0208 0
430 0 LA110989-0021 0
430 0 LA110989-0104 0
430 0 LA110989-0199 0
430 0 LA111090-0106 0
430 0 LA111090-0121 0
430 0 LA111189-0068 0
430 0 LA111289-0214 0
430 0 LA111489-0079 0
430 0 LA111589-0022 0
430 0 LA111689-0228 0
430 0 LA111889-0080 0
430 0 LA111889-0086 0
430 0 LA111890-0160 0
430 0 LA111989-0127 0
430 0 LA111990-0027 0
430 0 LA112090-0072 0
430 0 LA112189-0045 0
430 0 LA112289-0042 0
430 0 LA112389-0094 0
430 0 LA112489-0008 0
430 0 LA112589-0034 0
430 0 LA112589-0126 0
430 0 LA112590-0094 0
430 0 LA112690-0011 0
430 0 LA112789-0066 0
430 0 LA112890-0166 0
430 0 LA112989-0070 0
430 0 LA112990-0096 0
430 0 LA113089-0047 0
430 0 LA113089-0116 0
430 0 LA113090-0061 0
430 0 LA120189-0036 0
430 0 LA120189-0052 0
430 0 LA120189-0126 0
430 0 LA120189-0208 0
430 0 LA120289-0040 0
430 0 LA120289-0114 0
430 0 LA120389-0079 0
430 0 LA120389-0097 0
430 0 LA120389-0215 0
430 0 LA120490-0023 0
430 0 LA120490-0115 0
430 0 LA120590-0021 0
430 0 LA120690-0093 0
430 0 LA120690-0209 0
430 0 LA120789-0025 0
430 0 LA120789-0140 0
430 0 LA120789-0226 0
430 0 LA120889-0119 0
430 0 LA120990-0001 0
430 0 LA120990-0168 0
430 0 LA121089-0044 0
430 0 LA121189-0092 0
430 0 LA121390-0107 0
430 0 LA121390-0162 0
430 0 LA121589-0003 0
430 0 LA121690-0222 0
430 0 LA121789-0060 0
430 0 LA121789-0107 0
430 0 LA121789-0191 0
430 0 LA121989-0038 0
430 0 LA121989-0052 0
430 0 LA122089-0064 0
430 0 LA122090-0004 0
430 0 LA122090-0112 0
430 0 LA122189-0122 0
430 0 LA122190-0006 0
430 0 LA122290-0001 0
430 0 LA122290-0072 0
430 0 LA122390-0050 0
430 0 LA122390-0064 0
430 0 LA122390-0105 0
430 0 LA122390-0109 0
430 0 LA122390-0123 0
430 0 LA122489-0001 0
430 0 LA122489-0029 0
430 0 LA122489-0119 0
430 0 LA122589-0092 0
430 0 LA122690-0073 0
430 0 LA122789-0035 0
430 0 LA122789-0061 0
430 0 LA122790-0050 0
430 0 LA122889-0160 0
430 0 LA122890-0062 0
430 0 LA122989-0026 0
430 0 LA122990-0043 0
430 0 LA122990-0058 0
430 0 LA123189-0097 0
430 0 LA123189-0108 0
430 0 LA123189-0109 0
430 0 LA123189-0116 0
430 0 LA123189-0117 0
430 0 LA123189-0119 0
430 0 LA123189-0141 0
430 0 LA123189-0152 0
430 0 LA123189-0164 0
430 0 LA123190-0069 0
430 0 LA123190-0074 0
430 0 LA123190-0093 0
430 0 LA123190-0104 0
