425 0 FBIS3-10291 0
425 0 FBIS3-10370 0
425 0 FBIS3-10392 0
425 0 FBIS3-10879 0
425 0 FBIS3-10910 0
425 0 FBIS3-10927 0
425 0 FBIS3-11223 0
425 0 FBIS3-11309 0
425 0 FBIS3-11715 0
425 0 FBIS3-12024 0
425 0 FBIS3-1207 0
425 0 FBIS3-1257 0
425 0 FBIS3-13236 0
425 0 FBIS3-14 0
425 0 FBIS3-14099 1
425 0 FBIS3-14763 0
425 0 FBIS3-14832 0
425 0 FBIS3-15116 0
425 0 FBIS3-15268 0
425 0 FBIS3-15423 0
425 0 FBIS3-15476 0
425 0 FBIS3-15913 0
425 0 FBIS3-15978 0
425 0 FBIS3-16151 0
425 0 FBIS3-16227 0
425 0 FBIS3-16266 0
425 0 FBIS3-16296 0
425 0 FBIS3-16694 0
425 0 FBIS3-16938 0
425 0 FBIS3-17071 0
425 0 FBIS3-17321 0
425 0 FBIS3-17876 0
425 0 FBIS3-18284 0
425 0 FBIS3-1846 0
425 0 FBIS3-1849 0
425 0 FBIS3-18497 0
425 0 FBIS3-18831 0
425 0 FBIS3-19046 0
425 0 FBIS3-19246 0
425 0 FBIS3-19639 0
425 0 FBIS3-19680 0
425 0 FBIS3-1991 0
425 0 FBIS3-19923 0
425 0 FBIS3-1998 0
425 0 FBIS3-2003 1
425 0 FBIS3-20300 0
425 0 FBIS3-20445 0
425 0 FBIS3-20446 0
425 0 FBIS3-20483 0
425 0 FBIS3-20539 0
425 0 FBIS3-20595 0
425 0 FBIS3-20658 0
425 0 FBIS3-2066 0
425 0 FBIS3-20762 0
425 0 FBIS3-208 0
425 0 FBIS3-20840 0
425 0 FBIS3-20854 0
425 0 FBIS3-20935 0
425 0 FBIS3-21112 0
425 0 FBIS3-21193 0
425 0 FBIS3-21246 0
425 0 FBIS3-21247 0
425 0 FBIS3-21348 0
425 0 FBIS3-21471 0
425 0 FBIS3-21483 0
425 0 FBIS3-21532 0
425 0 FBIS3-21624 0
425 0 FBIS3-21634 1
425 0 FBIS3-21768 0
425 0 FBIS3-21837 0
425 0 FBIS3-21842 0
425 0 FBIS3-21878 0
425 0 FBIS3-21920 0
425 0 FBIS3-21945 0
425 0 FBIS3-21955 0
425 0 FBIS3-2198 0
425 0 FBIS3-21983 0
425 0 FBIS3-21999 0
425 0 FBIS3-22085 0
425 0 FBIS3-22103 0
425 0 FBIS3-22198 0
425 0 FBIS3-22345 0
425 0 FBIS3-22413 0
425 0 FBIS3-22421 0
425 0 FBIS3-22520 0
425 0 FBIS3-22545 0
425 0 FBIS3-22682 1
425 0 FBIS3-22764 0
425 0 FBIS3-23 0
425 0 FBIS3-23054 0
425 0 FBIS3-2323 0
425 0 FBIS3-23571 0
425 0 FBIS3-2363 0
425 0 FBIS3-23651 0
425 0 FBIS3-23672 0
425 0 FBIS3-23803 1
425 0 FBIS3-23822 0
425 0 FBIS3-23825 0
425 0 FBIS3-23832 0
425 0 FBIS3-23860 0
425 0 FBIS3-23901 0
425 0 FBIS3-23906 1
425 0 FBIS3-23945 0
425 0 FBIS3-23947 0
425 0 FBIS3-23967 0
425 0 FBIS3-23975 0
425 0 FBIS3-24009 0
425 0 FBIS3-24074 0
425 0 FBIS3-24116 1
425 0 FBIS3-24133 0
425 0 FBIS3-24182 1
425 0 FBIS3-24190 0
425 0 FBIS3-24197 0
425 0 FBIS3-24227 0
425 0 FBIS3-24247 1
425 0 FBIS3-24252 0
425 0 FBIS3-24260 0
425 0 FBIS3-24271 0
425 0 FBIS3-24276 0
425 0 FBIS3-24284 1
425 0 FBIS3-24379 0
425 0 FBIS3-24441 0
425 0 FBIS3-24450 0
425 0 FBIS3-24469 0
425 0 FBIS3-24619 0
425 0 FBIS3-24678 0
425 0 FBIS3-24767 0
425 0 FBIS3-25020 0
425 0 FBIS3-2516 0
425 0 FBIS3-25348 0
425 0 FBIS3-2539 0
425 0 FBIS3-25513 0
425 0 FBIS3-25819 0
425 0 FBIS3-26026 0
425 0 FBIS3-26511 0
425 0 FBIS3-26755 0
425 0 FBIS3-26866 0
425 0 FBIS3-2709 1
425 0 FBIS3-27278 0
425 0 FBIS3-27407 0
425 0 FBIS3-27513 0
425 0 FBIS3-27623 0
425 0 FBIS3-28123 0
425 0 FBIS3-28287 0
425 0 FBIS3-2837 0
425 0 FBIS3-285 0
425 0 FBIS3-28695 0
425 0 FBIS3-28735 0
425 0 FBIS3-29211 0
425 0 FBIS3-2934 0
425 0 FBIS3-30075 0
425 0 FBIS3-30086 0
425 0 FBIS3-31761 0
425 0 FBIS3-31843 0
425 0 FBIS3-3189 1
425 0 FBIS3-32172 0
425 0 FBIS3-32569 0
425 0 FBIS3-33223 0
425 0 FBIS3-33569 1
425 0 FBIS3-33817 0
425 0 FBIS3-35229 0
425 0 FBIS3-35276 0
425 0 FBIS3-3595 1
425 0 FBIS3-36053 0
425 0 FBIS3-36078 0
425 0 FBIS3-36841 1
425 0 FBIS3-37038 0
425 0 FBIS3-37215 0
425 0 FBIS3-37418 0
425 0 FBIS3-38564 0
425 0 FBIS3-38878 1
425 0 FBIS3-3892 0
425 0 FBIS3-3912 0
425 0 FBIS3-39148 0
425 0 FBIS3-3935 0
425 0 FBIS3-40087 0
425 0 FBIS3-40097 0
425 0 FBIS3-40129 0
425 0 FBIS3-40136 0
425 0 FBIS3-4015 0
425 0 FBIS3-40164 0
425 0 FBIS3-40174 0
425 0 FBIS3-40194 0
425 0 FBIS3-40450 0
425 0 FBIS3-40527 0
425 0 FBIS3-4086 0
425 0 FBIS3-4091 0
425 0 FBIS3-41070 0
425 0 FBIS3-41073 0
425 0 FBIS3-41135 0
425 0 FBIS3-41161 0
425 0 FBIS3-41213 0
425 0 FBIS3-41215 0
425 0 FBIS3-41218 0
425 0 FBIS3-41225 0
425 0 FBIS3-41269 0
425 0 FBIS3-41294 0
425 0 FBIS3-41307 0
425 0 FBIS3-4139 0
425 0 FBIS3-4141 0
425 0 FBIS3-4209 0
425 0 FBIS3-42365 1
425 0 FBIS3-42393 0
425 0 FBIS3-42400 0
425 0 FBIS3-42459 0
425 0 FBIS3-42648 0
425 0 FBIS3-42667 0
425 0 FBIS3-42726 0
425 0 FBIS3-42738 0
425 0 FBIS3-42832 0
425 0 FBIS3-42863 1
425 0 FBIS3-42886 0
425 0 FBIS3-42991 0
425 0 FBIS3-43029 0
425 0 FBIS3-43132 0
425 0 FBIS3-43160 0
425 0 FBIS3-43166 0
425 0 FBIS3-43186 0
425 0 FBIS3-43214 0
425 0 FBIS3-43220 0
425 0 FBIS3-4328 0
425 0 FBIS3-43873 0
425 0 FBIS3-44525 0
425 0 FBIS3-44781 0
425 0 FBIS3-45053 0
425 0 FBIS3-45198 0
425 0 FBIS3-45354 0
425 0 FBIS3-45427 0
425 0 FBIS3-45428 0
425 0 FBIS3-45491 0
425 0 FBIS3-45530 0
425 0 FBIS3-45822 0
425 0 FBIS3-46142 0
425 0 FBIS3-46614 0
425 0 FBIS3-46845 0
425 0 FBIS3-47194 0
425 0 FBIS3-47774 0
425 0 FBIS3-47775 0
425 0 FBIS3-4779 0
425 0 FBIS3-48296 0
425 0 FBIS3-48564 0
425 0 FBIS3-49310 0
425 0 FBIS3-5 0
425 0 FBIS3-50265 0
425 0 FBIS3-50564 0
425 0 FBIS3-50840 0
425 0 FBIS3-5117 0
425 0 FBIS3-51396 0
425 0 FBIS3-51400 0
425 0 FBIS3-51521 0
425 0 FBIS3-51727 0
425 0 FBIS3-51872 0
425 0 FBIS3-52 0
425 0 FBIS3-5210 0
425 0 FBIS3-52743 1
425 0 FBIS3-53267 0
425 0 FBIS3-53481 0
425 0 FBIS3-53813 1
425 0 FBIS3-53860 0
425 0 FBIS3-53890 1
425 0 FBIS3-5392 0
425 0 FBIS3-54291 1
425 0 FBIS3-5437 0
425 0 FBIS3-54974 0
425 0 FBIS3-55219 1
425 0 FBIS3-5569 0
425 0 FBIS3-55690 0
425 0 FBIS3-55795 0
425 0 FBIS3-56432 0
425 0 FBIS3-57200 0
425 0 FBIS3-5771 0
425 0 FBIS3-58 0
425 0 FBIS3-58296 0
425 0 FBIS3-59206 1
425 0 FBIS3-59264 0
425 0 FBIS3-59276 0
425 0 FBIS3-59294 0
425 0 FBIS3-59295 0
425 0 FBIS3-59309 0
425 0 FBIS3-59338 0
425 0 FBIS3-59462 0
425 0 FBIS3-59837 0
425 0 FBIS3-6 0
425 0 FBIS3-60 0
425 0 FBIS3-60021 0
425 0 FBIS3-60060 0
425 0 FBIS3-60063 1
425 0 FBIS3-60122 1
425 0 FBIS3-60152 0
425 0 FBIS3-60210 0
425 0 FBIS3-60256 0
425 0 FBIS3-6033 0
425 0 FBIS3-60342 0
425 0 FBIS3-61027 0
425 0 FBIS3-61056 0
425 0 FBIS3-61105 0
425 0 FBIS3-61107 0
425 0 FBIS3-61160 0
425 0 FBIS3-61162 0
425 0 FBIS3-61169 0
425 0 FBIS3-612 0
425 0 FBIS3-61218 0
425 0 FBIS3-61236 0
425 0 FBIS3-61237 0
425 0 FBIS3-61257 0
425 0 FBIS3-61329 0
425 0 FBIS3-61335 0
425 0 FBIS3-61336 0
425 0 FBIS3-6173 0
425 0 FBIS3-618 0
425 0 FBIS3-6216 0
425 0 FBIS3-6278 0
425 0 FBIS3-6309 0
425 0 FBIS3-6608 0
425 0 FBIS3-69 0
425 0 FBIS3-6977 0
425 0 FBIS3-7245 0
425 0 FBIS3-7310 0
425 0 FBIS3-7473 0
425 0 FBIS3-7567 0
425 0 FBIS3-77 0
425 0 FBIS3-8238 0
425 0 FBIS3-8746 1
425 0 FBIS3-8762 0
425 0 FBIS3-9202 0
425 0 FBIS3-9212 0
425 0 FBIS3-9213 0
425 0 FBIS3-9355 0
425 0 FBIS3-9399 0
425 0 FBIS3-9553 1
425 0 FBIS3-9798 0
425 0 FBIS4-10231 0
425 0 FBIS4-10248 0
425 0 FBIS4-10255 0
425 0 FBIS4-10357 0
425 0 FBIS4-10358 0
425 0 FBIS4-10737 0
425 0 FBIS4-10763 1
425 0 FBIS4-10841 0
425 0 FBIS4-11207 0
425 0 FBIS4-11284 0
425 0 FBIS4-11307 0
425 0 FBIS4-13432 1
425 0 FBIS4-14823 0
425 0 FBIS4-15354 0
425 0 FBIS4-15425 0
425 0 FBIS4-1570 0
425 0 FBIS4-1581 0
425 0 FBIS4-15838 0
425 0 FBIS4-15936 0
425 0 FBIS4-16099 0
425 0 FBIS4-16208 0
425 0 FBIS4-1628 0
425 0 FBIS4-1636 0
425 0 FBIS4-16406 0
425 0 FBIS4-16564 0
425 0 FBIS4-166 0
425 0 FBIS4-16605 0
425 0 FBIS4-17015 1
425 0 FBIS4-18004 0
425 0 FBIS4-1843 0
425 0 FBIS4-1844 0
425 0 FBIS4-1861 0
425 0 FBIS4-1865 0
425 0 FBIS4-1866 0
425 0 FBIS4-19 0
425 0 FBIS4-1900 0
425 0 FBIS4-19052 0
425 0 FBIS4-1917 0
425 0 FBIS4-19214 0
425 0 FBIS4-19557 0
425 0 FBIS4-19667 0
425 0 FBIS4-20341 0
425 0 FBIS4-2037 0
425 0 FBIS4-20377 0
425 0 FBIS4-20390 0
425 0 FBIS4-20398 0
425 0 FBIS4-2049 0
425 0 FBIS4-20504 0
425 0 FBIS4-2056 0
425 0 FBIS4-2072 1
425 0 FBIS4-20770 1
425 0 FBIS4-20841 0
425 0 FBIS4-20913 0
425 0 FBIS4-20942 1
425 0 FBIS4-21020 0
425 0 FBIS4-21038 1
425 0 FBIS4-21041 0
425 0 FBIS4-21140 0
425 0 FBIS4-21162 0
425 0 FBIS4-21171 0
425 0 FBIS4-21197 0
425 0 FBIS4-21227 0
425 0 FBIS4-21246 0
425 0 FBIS4-21249 1
425 0 FBIS4-2128 0
425 0 FBIS4-21287 0
425 0 FBIS4-21294 0
425 0 FBIS4-21297 0
425 0 FBIS4-21321 1
425 0 FBIS4-21340 0
425 0 FBIS4-21379 0
425 0 FBIS4-21672 0
425 0 FBIS4-21905 1
425 0 FBIS4-22053 1
425 0 FBIS4-22152 0
425 0 FBIS4-22220 0
425 0 FBIS4-22309 0
425 0 FBIS4-22312 0
425 0 FBIS4-22330 0
425 0 FBIS4-22377 1
425 0 FBIS4-22632 0
425 0 FBIS4-22667 0
425 0 FBIS4-22701 0
425 0 FBIS4-22703 0
425 0 FBIS4-22763 0
425 0 FBIS4-22773 0
425 0 FBIS4-23084 0
425 0 FBIS4-23112 0
425 0 FBIS4-23114 0
425 0 FBIS4-23127 0
425 0 FBIS4-23131 0
425 0 FBIS4-23355 1
425 0 FBIS4-24386 0
425 0 FBIS4-2439 0
425 0 FBIS4-24515 0
425 0 FBIS4-24705 0
425 0 FBIS4-24739 1
425 0 FBIS4-2477 0
425 0 FBIS4-24825 0
425 0 FBIS4-25340 0
425 0 FBIS4-25953 0
425 0 FBIS4-26213 0
425 0 FBIS4-26585 0
425 0 FBIS4-26598 0
425 0 FBIS4-26988 0
425 0 FBIS4-27085 0
425 0 FBIS4-27482 0
425 0 FBIS4-2755 0
425 0 FBIS4-27694 0
425 0 FBIS4-27706 0
425 0 FBIS4-28712 0
425 0 FBIS4-29 0
425 0 FBIS4-2931 1
425 0 FBIS4-29733 0
425 0 FBIS4-30015 0
425 0 FBIS4-3044 0
425 0 FBIS4-30598 0
425 0 FBIS4-30629 0
425 0 FBIS4-30670 0
425 0 FBIS4-30759 0
425 0 FBIS4-31059 0
425 0 FBIS4-31787 0
425 0 FBIS4-31822 0
425 0 FBIS4-3218 0
425 0 FBIS4-32546 0
425 0 FBIS4-33082 0
425 0 FBIS4-33104 0
425 0 FBIS4-33166 0
425 0 FBIS4-33179 0
425 0 FBIS4-33238 1
425 0 FBIS4-33241 0
425 0 FBIS4-33768 0
425 0 FBIS4-33842 0
425 0 FBIS4-33938 0
425 0 FBIS4-34027 0
425 0 FBIS4-34232 0
425 0 FBIS4-34515 0
425 0 FBIS4-34621 0
425 0 FBIS4-35164 0
425 0 FBIS4-3589 0
425 0 FBIS4-36025 1
425 0 FBIS4-3622 0
425 0 FBIS4-3628 0
425 0 FBIS4-36542 0
425 0 FBIS4-36600 0
425 0 FBIS4-3711 0
425 0 FBIS4-37349 0
425 0 FBIS4-3829 0
425 0 FBIS4-38320 0
425 0 FBIS4-3834 0
425 0 FBIS4-38503 0
425 0 FBIS4-38725 0
425 0 FBIS4-38856 0
425 0 FBIS4-39235 0
425 0 FBIS4-39779 0
425 0 FBIS4-39935 0
425 0 FBIS4-39960 0
425 0 FBIS4-40207 0
425 0 FBIS4-40299 0
425 0 FBIS4-4041 0
425 0 FBIS4-40629 0
425 0 FBIS4-41136 0
425 0 FBIS4-41143 0
425 0 FBIS4-41222 0
425 0 FBIS4-41397 0
425 0 FBIS4-41458 0
425 0 FBIS4-41668 0
425 0 FBIS4-41843 0
425 0 FBIS4-42 0
425 0 FBIS4-42116 0
425 0 FBIS4-42383 0
425 0 FBIS4-42562 0
425 0 FBIS4-42859 0
425 0 FBIS4-43393 0
425 0 FBIS4-43533 0
425 0 FBIS4-43688 0
425 0 FBIS4-43737 0
425 0 FBIS4-43801 1
425 0 FBIS4-43980 0
425 0 FBIS4-44181 0
425 0 FBIS4-44397 0
425 0 FBIS4-44417 0
425 0 FBIS4-44485 0
425 0 FBIS4-44509 0
425 0 FBIS4-44520 0
425 0 FBIS4-44912 0
425 0 FBIS4-44913 0
425 0 FBIS4-44914 0
425 0 FBIS4-45056 0
425 0 FBIS4-45251 0
425 0 FBIS4-45285 0
425 0 FBIS4-45295 1
425 0 FBIS4-45311 0
425 0 FBIS4-45316 0
425 0 FBIS4-45362 0
425 0 FBIS4-45413 1
425 0 FBIS4-45414 0
425 0 FBIS4-45415 0
425 0 FBIS4-45435 0
425 0 FBIS4-45477 1
425 0 FBIS4-45480 0
425 0 FBIS4-45496 0
425 0 FBIS4-45503 0
425 0 FBIS4-45519 0
425 0 FBIS4-45552 0
425 0 FBIS4-45574 0
425 0 FBIS4-45577 0
425 0 FBIS4-45596 0
425 0 FBIS4-45642 0
425 0 FBIS4-46046 1
425 0 FBIS4-46135 0
425 0 FBIS4-46296 0
425 0 FBIS4-46425 0
425 0 FBIS4-46432 0
425 0 FBIS4-46543 0
425 0 FBIS4-46588 0
425 0 FBIS4-46614 0
425 0 FBIS4-46726 0
425 0 FBIS4-46737 0
425 0 FBIS4-46763 0
425 0 FBIS4-46776 0
425 0 FBIS4-46831 0
425 0 FBIS4-46837 1
425 0 FBIS4-46889 1
425 0 FBIS4-47008 0
425 0 FBIS4-47126 0
425 0 FBIS4-47629 0
425 0 FBIS4-47644 0
425 0 FBIS4-48027 0
425 0 FBIS4-48091 0
425 0 FBIS4-48436 0
425 0 FBIS4-48884 0
425 0 FBIS4-48940 0
425 0 FBIS4-48953 0
425 0 FBIS4-49021 0
425 0 FBIS4-49107 0
425 0 FBIS4-49108 0
425 0 FBIS4-49200 0
425 0 FBIS4-49245 0
425 0 FBIS4-49293 0
425 0 FBIS4-49754 0
425 0 FBIS4-49865 0
425 0 FBIS4-50026 0
425 0 FBIS4-50043 0
425 0 FBIS4-50083 0
425 0 FBIS4-50133 0
425 0 FBIS4-50482 0
425 0 FBIS4-50759 0
425 0 FBIS4-50933 0
425 0 FBIS4-50952 1
425 0 FBIS4-51189 0
425 0 FBIS4-51896 0
425 0 FBIS4-52038 0
425 0 FBIS4-52128 0
425 0 FBIS4-52449 0
425 0 FBIS4-52459 0
425 0 FBIS4-52484 0
425 0 FBIS4-52494 0
425 0 FBIS4-52860 0
425 0 FBIS4-52930 0
425 0 FBIS4-53140 0
425 0 FBIS4-53339 0
425 0 FBIS4-53424 0
425 0 FBIS4-53523 0
425 0 FBIS4-53715 0
425 0 FBIS4-53803 0
425 0 FBIS4-54227 0
425 0 FBIS4-54345 0
425 0 FBIS4-56149 0
425 0 FBIS4-56208 0
425 0 FBIS4-56316 0
425 0 FBIS4-56374 0
425 0 FBIS4-56389 0
425 0 FBIS4-5644 0
425 0 FBIS4-56603 0
425 0 FBIS4-56857 0
425 0 FBIS4-57014 0
425 0 FBIS4-57237 0
425 0 FBIS4-58121 0
425 0 FBIS4-58616 0
425 0 FBIS4-59607 0
425 0 FBIS4-61532 0
425 0 FBIS4-62084 1
425 0 FBIS4-62236 0
425 0 FBIS4-63022 0
425 0 FBIS4-63100 0
425 0 FBIS4-63905 0
425 0 FBIS4-64056 0
425 0 FBIS4-64365 0
425 0 FBIS4-64457 1
425 0 FBIS4-6461 0
425 0 FBIS4-66158 0
425 0 FBIS4-66161 0
425 0 FBIS4-66179 0
425 0 FBIS4-66183 0
425 0 FBIS4-66185 0
425 0 FBIS4-66241 0
425 0 FBIS4-66249 0
425 0 FBIS4-66308 0
425 0 FBIS4-66465 0
425 0 FBIS4-66772 0
425 0 FBIS4-66943 0
425 0 FBIS4-66951 0
425 0 FBIS4-67065 0
425 0 FBIS4-67135 1
425 0 FBIS4-67146 0
425 0 FBIS4-67205 0
425 0 FBIS4-67246 0
425 0 FBIS4-67263 0
425 0 FBIS4-67290 0
425 0 FBIS4-67292 0
425 0 FBIS4-67470 0
425 0 FBIS4-67532 0
425 0 FBIS4-67533 0
425 0 FBIS4-67550 0
425 0 FBIS4-67824 0
425 0 FBIS4-67877 0
425 0 FBIS4-67994 1
425 0 FBIS4-68224 0
425 0 FBIS4-68435 0
425 0 FBIS4-68495 0
425 0 FBIS4-68508 0
425 0 FBIS4-68551 0
425 0 FBIS4-68579 0
425 0 FBIS4-68651 0
425 0 FBIS4-68680 0
425 0 FBIS4-68746 0
425 0 FBIS4-68749 0
425 0 FBIS4-68781 0
425 0 FBIS4-68801 1
425 0 FBIS4-7015 0
425 0 FBIS4-712 0
425 0 FBIS4-72 0
425 0 FBIS4-721 0
425 0 FBIS4-788 0
425 0 FBIS4-7989 0
425 0 FBIS4-799 0
425 0 FBIS4-80 0
425 0 FBIS4-82 0
425 0 FBIS4-832 0
425 0 FBIS4-844 0
425 0 FBIS4-85 0
425 0 FBIS4-862 0
425 0 FBIS4-8957 1
425 0 FBIS4-92 0
425 0 FBIS4-920 0
425 0 FBIS4-931 0
425 0 FBIS4-933 0
425 0 FBIS4-934 0
425 0 FBIS4-939 0
425 0 FBIS4-940 0
425 0 FBIS4-943 0
425 0 FBIS4-9451 0
425 0 FBIS4-955 0
425 0 FBIS4-9742 0
425 0 FBIS4-975 0
425 0 FBIS4-9820 0
425 0 FR940104-2-00002 0
425 0 FR940104-2-00006 0
425 0 FR940104-2-00018 0
425 0 FR940104-2-00030 0
425 0 FR940104-2-00052 0
425 0 FR940104-2-00055 0
425 0 FR940104-2-00076 0
425 0 FR940104-2-00090 0
425 0 FR940104-2-00094 0
425 0 FR940104-2-00095 0
425 0 FR940104-2-00099 0
425 0 FR940104-2-00102 0
425 0 FR940105-2-00020 0
425 0 FR940105-2-00025 0
425 0 FR940105-2-00026 0
425 0 FR940105-2-00037 0
425 0 FR940105-2-00046 0
425 0 FR940105-2-00056 0
425 0 FR940105-2-00057 0
425 0 FR940105-2-00081 0
425 0 FR940105-2-00088 0
425 0 FR940105-2-00119 0
425 0 FR940106-2-00037 0
425 0 FR940106-2-00051 0
425 0 FR940106-2-00052 0
425 0 FR940106-2-00057 0
425 0 FR940106-2-00071 0
425 0 FR940106-2-00072 0
425 0 FR940106-2-00075 0
425 0 FR940111-0-00019 0
425 0 FR940118-1-00003 0
425 0 FR940127-1-00086 0
425 0 FR940127-2-00018 0
425 0 FR940128-2-00232 0
425 0 FR940202-0-00031 0
425 0 FR940202-0-00032 0
425 0 FR940204-0-00005 0
425 0 FR940204-2-00085 0
425 0 FR940216-0-00186 0
425 0 FR940216-0-00191 0
425 0 FR940223-2-00168 0
425 0 FR940223-2-00183 0
425 0 FR940223-2-00187 0
425 0 FR940224-1-00060 0
425 0 FR940303-2-00083 0
425 0 FR940303-2-00091 0
425 0 FR940303-2-00097 0
425 0 FR940303-2-00212 0
425 0 FR940304-1-00153 0
425 0 FR940304-1-00156 0
425 0 FR940314-2-00122 0
425 0 FR940317-1-00077 0
425 0 FR940413-2-00079 0
425 0 FR940414-2-00152 0
425 0 FR940418-1-00013 0
425 0 FR940419-1-00030 0
425 0 FR940419-1-00031 0
425 0 FR940504-0-00019 0
425 0 FR940504-1-00059 0
425 0 FR940505-1-00021 0
425 0 FR940505-1-00447 0
425 0 FR940505-1-00497 0
425 0 FR940523-0-00058 0
425 0 FR940524-0-00009 0
425 0 FR940602-1-00023 0
425 0 FR940617-0-00052 0
425 0 FR940620-1-00059 0
425 0 FR940620-1-00065 0
425 0 FR940712-2-00074 0
425 0 FR940720-0-00084 0
425 0 FR940720-0-00085 0
425 0 FR940727-0-00077 0
425 0 FR940727-0-00086 0
425 0 FR940728-1-00027 0
425 0 FR940812-2-00229 0
425 0 FR940825-2-00027 0
425 0 FR940907-2-00103 0
425 0 FR940919-0-00025 0
425 0 FR940920-1-00116 0
425 0 FR940927-0-00109 0
425 0 FR940927-0-00111 0
425 0 FR940928-0-00072 0
425 0 FR940930-1-00019 0
425 0 FR941004-2-00115 0
425 0 FR941004-2-00116 0
425 0 FR941019-2-00006 0
425 0 FR941021-1-00010 0
425 0 FR941021-1-00017 0
425 0 FR941027-1-00008 0
425 0 FR941027-1-00009 0
425 0 FR941028-0-00072 0
425 0 FR941102-2-00057 0
425 0 FR941107-2-00106 0
425 0 FR941110-0-00018 0
425 0 FR941110-0-00100 0
425 0 FR941110-0-00148 0
425 0 FR941110-0-00181 0
425 0 FR941117-0-00210 0
425 0 FR941117-2-00158 0
425 0 FR941202-2-00139 0
425 0 FR941206-1-00134 0
425 0 FR941213-0-00081 0
425 0 FR941216-0-00063 0
425 0 FR941220-0-00092 0
425 0 FR941221-2-00021 0
425 0 FT911-118 0
425 0 FT911-128 0
425 0 FT911-131 0
425 0 FT911-134 0
425 0 FT911-136 0
425 0 FT911-137 0
425 0 FT911-14 0
425 0 FT911-144 0
425 0 FT911-145 0
425 0 FT911-148 0
425 0 FT911-16 0
425 0 FT911-169 0
425 0 FT911-187 0
425 0 FT911-188 0
425 0 FT911-197 0
425 0 FT911-198 0
425 0 FT911-214 0
425 0 FT911-244 0
425 0 FT911-250 0
425 0 FT911-255 0
425 0 FT911-265 0
425 0 FT911-268 0
425 0 FT911-2913 0
425 0 FT911-2967 0
425 0 FT911-313 0
425 0 FT911-314 0
425 0 FT911-315 0
425 0 FT911-328 0
425 0 FT911-336 0
425 0 FT911-341 0
425 0 FT911-372 0
425 0 FT911-46 0
425 0 FT911-55 0
425 0 FT921-11258 0
425 0 FT921-14355 0
425 0 FT921-14527 0
425 0 FT921-14682 0
425 0 FT921-16179 0
425 0 FT921-16557 0
425 0 FT921-1862 0
425 0 FT921-2319 0
425 0 FT921-2860 0
425 0 FT921-3179 0
425 0 FT921-3724 0
425 0 FT921-400 0
425 0 FT921-4035 0
425 0 FT921-4362 0
425 0 FT921-525 0
425 0 FT921-6767 0
425 0 FT921-8027 0
425 0 FT921-8582 0
425 0 FT922-10131 0
425 0 FT922-12038 0
425 0 FT922-13340 0
425 0 FT922-1471 0
425 0 FT922-15267 0
425 0 FT922-2381 0
425 0 FT922-3024 0
425 0 FT922-3160 0
425 0 FT922-3302 0
425 0 FT922-3864 1
425 0 FT922-4738 0
425 0 FT922-5600 0
425 0 FT922-5944 0
425 0 FT922-7037 0
425 0 FT922-7694 0
425 0 FT922-7809 0
425 0 FT922-7914 0
425 0 FT922-8067 0
425 0 FT922-8186 1
425 0 FT922-9822 0
425 0 FT923-10088 0
425 0 FT923-10219 1
425 0 FT923-10650 0
425 0 FT923-10702 0
425 0 FT923-10891 0
425 0 FT923-11231 0
425 0 FT923-11269 0
425 0 FT923-13103 0
425 0 FT923-13253 0
425 0 FT923-1573 0
425 0 FT923-1793 0
425 0 FT923-3147 0
425 0 FT923-3470 0
425 0 FT923-3690 0
425 0 FT923-4050 0
425 0 FT923-4117 1
425 0 FT923-4963 0
425 0 FT923-5183 0
425 0 FT923-6241 0
425 0 FT923-8515 0
425 0 FT923-9438 1
425 0 FT924-10420 0
425 0 FT924-1078 0
425 0 FT924-11466 0
425 0 FT924-11987 0
425 0 FT924-14687 0
425 0 FT924-1496 0
425 0 FT924-15399 0
425 0 FT924-15863 0
425 0 FT924-2674 0
425 0 FT924-4149 0
425 0 FT924-4322 0
425 0 FT924-4369 0
425 0 FT924-4758 0
425 0 FT924-5384 0
425 0 FT924-61 0
425 0 FT924-7173 0
425 0 FT924-7584 0
425 0 FT924-928 0
425 0 FT931-12092 0
425 0 FT931-16768 0
425 0 FT931-17077 0
425 0 FT931-2043 1
425 0 FT931-2762 1
425 0 FT931-3052 0
425 0 FT931-4140 0
425 0 FT931-4374 0
425 0 FT931-5669 0
425 0 FT931-5682 0
425 0 FT931-5902 0
425 0 FT931-792 0
425 0 FT931-8781 0
425 0 FT931-8938 0
425 0 FT932-10377 0
425 0 FT932-11126 0
425 0 FT932-13110 0
425 0 FT932-14377 0
425 0 FT932-14466 0
425 0 FT932-16393 0
425 0 FT932-2922 0
425 0 FT932-3565 0
425 0 FT932-5875 0
425 0 FT932-5989 0
425 0 FT932-6083 0
425 0 FT932-7072 0
425 0 FT932-9444 0
425 0 FT932-9706 0
425 0 FT932-9928 0
425 0 FT933-1018 0
425 0 FT933-10263 0
425 0 FT933-1131 0
425 0 FT933-11861 0
425 0 FT933-12124 0
425 0 FT933-13344 1
425 0 FT933-13405 0
425 0 FT933-13695 0
425 0 FT933-13808 0
425 0 FT933-1476 0
425 0 FT933-15065 0
425 0 FT933-15415 0
425 0 FT933-16294 0
425 0 FT933-1696 0
425 0 FT933-2398 0
425 0 FT933-6117 0
425 0 FT933-6924 1
425 0 FT933-8479 0
425 0 FT933-8548 0
425 0 FT934-11565 0
425 0 FT934-12150 0
425 0 FT934-13784 0
425 0 FT934-13866 0
425 0 FT934-13872 1
425 0 FT934-1441 0
425 0 FT934-16260 0
425 0 FT934-3366 0
425 0 FT934-3479 0
425 0 FT934-3699 0
425 0 FT934-5011 0
425 0 FT934-5058 0
425 0 FT934-5485 0
425 0 FT934-6120 0
425 0 FT934-6193 0
425 0 FT934-6443 0
425 0 FT934-7140 0
425 0 FT934-748 0
425 0 FT934-7583 0
425 0 FT934-8271 0
425 0 FT934-8491 0
425 0 FT934-8670 1
425 0 FT934-9326 0
425 0 FT941-12381 0
425 0 FT941-12829 0
425 0 FT941-14189 0
425 0 FT941-14331 0
425 0 FT941-15574 0
425 0 FT941-16124 0
425 0 FT941-1654 0
425 0 FT941-17630 0
425 0 FT941-274 0
425 0 FT941-3920 1
425 0 FT941-4731 0
425 0 FT941-6767 0
425 0 FT941-7544 0
425 0 FT941-774 0
425 0 FT941-7783 0
425 0 FT941-8973 0
425 0 FT941-9766 0
425 0 FT942-10612 0
425 0 FT942-10846 0
425 0 FT942-1251 0
425 0 FT942-12856 0
425 0 FT942-13117 0
425 0 FT942-14013 0
425 0 FT942-14289 0
425 0 FT942-15025 1
425 0 FT942-1538 1
425 0 FT942-15517 0
425 0 FT942-15737 0
425 0 FT942-2948 0
425 0 FT942-2956 0
425 0 FT942-3094 0
425 0 FT942-6827 0
425 0 FT942-6992 0
425 0 FT942-7428 0
425 0 FT942-7648 0
425 0 FT942-7720 0
425 0 FT942-8541 0
425 0 FT942-8679 0
425 0 FT942-9280 0
425 0 FT942-9715 0
425 0 FT943-10170 0
425 0 FT943-12202 0
425 0 FT943-13315 0
425 0 FT943-14592 0
425 0 FT943-14867 0
425 0 FT943-15677 0
425 0 FT943-15910 0
425 0 FT943-2381 0
425 0 FT943-2698 0
425 0 FT943-2767 0
425 0 FT943-3259 0
425 0 FT943-675 0
425 0 FT943-7471 0
425 0 FT943-8588 0
425 0 FT944-10092 0
425 0 FT944-10570 0
425 0 FT944-10820 0
425 0 FT944-10934 0
425 0 FT944-11070 0
425 0 FT944-11154 0
425 0 FT944-1236 0
425 0 FT944-1246 0
425 0 FT944-1252 1
425 0 FT944-13112 0
425 0 FT944-13326 0
425 0 FT944-13520 0
425 0 FT944-14183 0
425 0 FT944-15123 0
425 0 FT944-1538 0
425 0 FT944-1539 0
425 0 FT944-15444 0
425 0 FT944-1559 0
425 0 FT944-15804 0
425 0 FT944-16024 0
425 0 FT944-16304 1
425 0 FT944-17087 0
425 0 FT944-17631 0
425 0 FT944-17978 0
425 0 FT944-18816 0
425 0 FT944-4020 0
425 0 FT944-4724 0
425 0 FT944-5054 0
425 0 FT944-5375 0
425 0 FT944-6228 0
425 0 FT944-628 0
425 0 FT944-630 0
425 0 FT944-7624 0
425 0 FT944-8555 0
425 0 FT944-9976 0
425 0 FT944-9977 0
425 0 LA010189-0003 0
425 0 LA010189-0010 0
425 0 LA010189-0023 0
425 0 LA010189-0032 0
425 0 LA010189-0039 0
425 0 LA010189-0040 0
425 0 LA010189-0051 0
425 0 LA010189-0059 0
425 0 LA010189-0065 0
425 0 LA010189-0071 0
425 0 LA010189-0073 0
425 0 LA010189-0080 0
425 0 LA010189-0088 0
425 0 LA010189-0101 0
425 0 LA010189-0108 0
425 0 LA010189-0121 0
425 0 LA010189-0132 0
425 0 LA010189-0133 0
425 0 LA010189-0135 0
425 0 LA010189-0136 0
425 0 LA010189-0138 0
425 0 LA010189-0139 0
425 0 LA010189-0151 0
425 0 LA010189-0177 0
425 0 LA010189-0190 0
425 0 LA010189-0191 0
425 0 LA010190-0023 0
425 0 LA010190-0024 0
425 0 LA010190-0064 0
425 0 LA010190-0071 0
425 0 LA010190-0073 0
425 0 LA010190-0078 0
425 0 LA010190-0081 0
425 0 LA010190-0086 0
425 0 LA010190-0087 0
425 0 LA010190-0090 0
425 0 LA010289-0060 0
425 0 LA010289-0061 0
425 0 LA010289-0062 0
425 0 LA010289-0063 0
425 0 LA010289-0064 0
425 0 LA010289-0065 0
425 0 LA010289-0073 0
425 0 LA010289-0075 0
425 0 LA010289-0078 0
425 0 LA010289-0082 0
425 0 LA010290-0005 0
425 0 LA010290-0021 0
425 0 LA010290-0029 0
425 0 LA010290-0036 0
425 0 LA010290-0043 0
425 0 LA010290-0045 0
425 0 LA010290-0047 0
425 0 LA010290-0050 0
425 0 LA010290-0061 0
425 0 LA010290-0082 0
425 0 LA010290-0084 0
425 0 LA010290-0085 0
425 0 LA010490-0176 1
425 0 LA010790-0004 0
425 0 LA011289-0068 1
425 0 LA011389-0078 0
425 0 LA011490-0171 0
425 0 LA011589-0005 0
425 0 LA011789-0080 0
425 0 LA011989-0176 0
425 0 LA012289-0148 0
425 0 LA012690-0077 0
425 0 LA013189-0055 0
425 0 LA013189-0080 0
425 0 LA020290-0019 0
425 0 LA020290-0106 0
425 0 LA020389-0076 0
425 0 LA020489-0098 0
425 0 LA020690-0068 0
425 0 LA020990-0159 0
425 0 LA021190-0162 0
425 0 LA021190-0163 0
425 0 LA021890-0035 0
425 0 LA022190-0095 0
425 0 LA030389-0136 0
425 0 LA030490-0025 0
425 0 LA030490-0056 0
425 0 LA030789-0074 0
425 0 LA031089-0051 1
425 0 LA031089-0138 1
425 0 LA031289-0142 1
425 0 LA031389-0067 1
425 0 LA031590-0012 0
425 0 LA031590-0101 0
425 0 LA031590-0166 1
425 0 LA031590-0192 0
425 0 LA032290-0191 0
425 0 LA032689-0012 0
425 0 LA032690-0049 0
425 0 LA032790-0044 0
425 0 LA032790-0133 0
425 0 LA033190-0072 0
425 0 LA040589-0068 1
425 0 LA040989-0015 0
425 0 LA040989-0045 0
425 0 LA040989-0047 0
425 0 LA040989-0048 0
425 0 LA040989-0053 0
425 0 LA040989-0062 0
425 0 LA040989-0067 0
425 0 LA040989-0068 0
425 0 LA040989-0076 0
425 0 LA040989-0083 0
425 0 LA040989-0085 0
425 0 LA040989-0088 0
425 0 LA041689-0150 0
425 0 LA041890-0072 0
425 0 LA042090-0036 0
425 0 LA042590-0137 0
425 0 LA042789-0071 0
425 0 LA042790-0095 0
425 0 LA042889-0118 1
425 0 LA042990-0235 0
425 0 LA050190-0022 0
425 0 LA050190-0198 0
425 0 LA050690-0206 0
425 0 LA050690-0224 0
425 0 LA050690-0242 0
425 0 LA051890-0060 0
425 0 LA051890-0095 0
425 0 LA051890-0124 0
425 0 LA052090-0209 0
425 0 LA052389-0067 0
425 0 LA052489-0031 1
425 0 LA052590-0125 0
425 0 LA052590-0187 0
425 0 LA052889-0179 0
425 0 LA053090-0014 0
425 0 LA060289-0041 0
425 0 LA060290-0014 0
425 0 LA060390-0102 0
425 0 LA060889-0046 0
425 0 LA060889-0122 0
425 0 LA060989-0025 0
425 0 LA060989-0133 0
425 0 LA061090-0063 0
425 0 LA061190-0040 0
425 0 LA061490-0184 0
425 0 LA061590-0155 0
425 0 LA061690-0108 0
425 0 LA061889-0209 1
425 0 LA061990-0049 0
425 0 LA062089-0014 0
425 0 LA062289-0073 0
425 0 LA062590-0111 0
425 0 LA062990-0017 0
425 0 LA063089-0112 0
425 0 LA070289-0067 0
425 0 LA070290-0016 0
425 0 LA070389-0097 0
425 0 LA070490-0032 0
425 0 LA070689-0127 0
425 0 LA070789-0082 0
425 0 LA071189-0120 0
425 0 LA071389-0082 0
425 0 LA071389-0136 0
425 0 LA071390-0038 0
425 0 LA072090-0122 0
425 0 LA072290-0210 0
425 0 LA072490-0015 0
425 0 LA072490-0168 0
425 0 LA080490-0060 0
425 0 LA081090-0097 0
425 0 LA081690-0060 1
425 0 LA081789-0182 0
425 0 LA081790-0153 0
425 0 LA081889-0138 0
425 0 LA082690-0040 0
425 0 LA090189-0033 0
425 0 LA090190-0004 0
425 0 LA090490-0062 0
425 0 LA090590-0020 0
425 0 LA090790-0075 0
425 0 LA090790-0175 0
425 0 LA090889-0068 0
425 0 LA090889-0074 0
425 0 LA091389-0088 0
425 0 LA091589-0114 0
425 0 LA091790-0092 0
425 0 LA092289-0114 0
425 0 LA092290-0004 0
425 0 LA092589-0045 0
425 0 LA092989-0060 0
425 0 LA092989-0086 0
425 0 LA100490-0033 0
425 0 LA100589-0045 0
425 0 LA100790-0240 0
425 0 LA101189-0042 0
425 0 LA101190-0076 0
425 0 LA101390-0087 1
425 0 LA101490-0035 0
425 0 LA101589-0007 0
425 0 LA101589-0077 1
425 0 LA101689-0036 0
425 0 LA101790-0142 1
425 0 LA101989-0046 0
425 0 LA102089-0038 0
425 0 LA102090-0048 0
425 0 LA102189-0167 0
425 0 LA102190-0091 0
425 0 LA102890-0018 0
425 0 LA102890-0213 0
425 0 LA103090-0161 1
425 0 LA110190-0004 0
425 0 LA110290-0015 0
425 0 LA110290-0085 0
425 0 LA110589-0027 0
425 0 LA110690-0137 0
425 0 LA110790-0031 1
425 0 LA111190-0041 0
425 0 LA111489-0062 0
425 0 LA111490-0033 0
425 0 LA111789-0177 0
425 0 LA112490-0128 0
425 0 LA112590-0110 0
425 0 LA112890-0024 0
425 0 LA113090-0144 0
425 0 LA120189-0100 0
425 0 LA120789-0029 0
425 0 LA120889-0074 0
425 0 LA121190-0075 0
425 0 LA121690-0118 0
425 0 LA121789-0023 0
425 0 LA121790-0101 0
425 0 LA121790-0105 0
425 0 LA122089-0059 0
425 0 LA122289-0144 0
425 0 LA122289-0147 0
425 0 LA122289-0156 0
425 0 LA122289-0173 0
425 0 LA122290-0028 0
425 0 LA122290-0029 0
425 0 LA122290-0035 0
425 0 LA122290-0036 0
425 0 LA122290-0040 0
425 0 LA122290-0045 0
425 0 LA122290-0048 0
425 0 LA122290-0054 0
425 0 LA122290-0081 0
425 0 LA122290-0088 0
425 0 LA122290-0096 0
425 0 LA122290-0113 0
425 0 LA122490-0097 0
425 0 LA122590-0093 0
425 0 LA123190-0133 0
