424 0 FBIS3-10182 1
424 0 FBIS3-10505 0
424 0 FBIS3-11171 0
424 0 FBIS3-11418 0
424 0 FBIS3-1162 0
424 0 FBIS3-1175 0
424 0 FBIS3-12148 0
424 0 FBIS3-12192 0
424 0 FBIS3-12194 1
424 0 FBIS3-12421 0
424 0 FBIS3-12622 0
424 0 FBIS3-13037 0
424 0 FBIS3-13224 0
424 0 FBIS3-1343 0
424 0 FBIS3-13962 0
424 0 FBIS3-13989 0
424 0 FBIS3-14044 0
424 0 FBIS3-14083 0
424 0 FBIS3-14137 0
424 0 FBIS3-14139 0
424 0 FBIS3-14259 0
424 0 FBIS3-1476 0
424 0 FBIS3-14955 0
424 0 FBIS3-15245 0
424 0 FBIS3-16575 0
424 0 FBIS3-17020 0
424 0 FBIS3-17785 0
424 0 FBIS3-18723 1
424 0 FBIS3-18726 1
424 0 FBIS3-18930 1
424 0 FBIS3-19987 0
424 0 FBIS3-20302 0
424 0 FBIS3-20473 0
424 0 FBIS3-2069 0
424 0 FBIS3-20796 0
424 0 FBIS3-20839 0
424 0 FBIS3-21279 1
424 0 FBIS3-21366 1
424 0 FBIS3-21406 0
424 0 FBIS3-21554 0
424 0 FBIS3-21894 1
424 0 FBIS3-22064 0
424 0 FBIS3-22578 0
424 0 FBIS3-22644 0
424 0 FBIS3-22979 0
424 0 FBIS3-23 0
424 0 FBIS3-23117 1
424 0 FBIS3-23124 0
424 0 FBIS3-23270 0
424 0 FBIS3-23276 0
424 0 FBIS3-23341 0
424 0 FBIS3-23571 0
424 0 FBIS3-24032 0
424 0 FBIS3-24653 0
424 0 FBIS3-24699 0
424 0 FBIS3-25118 0
424 0 FBIS3-25940 0
424 0 FBIS3-2605 0
424 0 FBIS3-26135 0
424 0 FBIS3-26274 0
424 0 FBIS3-26914 0
424 0 FBIS3-27109 0
424 0 FBIS3-27467 0
424 0 FBIS3-2751 0
424 0 FBIS3-29656 0
424 0 FBIS3-30258 0
424 0 FBIS3-30781 0
424 0 FBIS3-30913 0
424 0 FBIS3-31471 0
424 0 FBIS3-31589 0
424 0 FBIS3-31757 0
424 0 FBIS3-32169 0
424 0 FBIS3-33012 0
424 0 FBIS3-3441 0
424 0 FBIS3-34420 0
424 0 FBIS3-34563 0
424 0 FBIS3-35492 1
424 0 FBIS3-35497 0
424 0 FBIS3-35505 0
424 0 FBIS3-35551 0
424 0 FBIS3-37947 0
424 0 FBIS3-38490 0
424 0 FBIS3-3865 0
424 0 FBIS3-39216 0
424 0 FBIS3-39493 0
424 0 FBIS3-39883 1
424 0 FBIS3-40286 1
424 0 FBIS3-40737 0
424 0 FBIS3-40748 0
424 0 FBIS3-40845 0
424 0 FBIS3-41211 0
424 0 FBIS3-41362 0
424 0 FBIS3-41760 0
424 0 FBIS3-42195 0
424 0 FBIS3-42399 0
424 0 FBIS3-42563 1
424 0 FBIS3-42926 0
424 0 FBIS3-42940 0
424 0 FBIS3-42967 0
424 0 FBIS3-43005 0
424 0 FBIS3-43075 0
424 0 FBIS3-43132 0
424 0 FBIS3-43186 0
424 0 FBIS3-43191 0
424 0 FBIS3-43692 0
424 0 FBIS3-43979 0
424 0 FBIS3-43993 0
424 0 FBIS3-44488 0
424 0 FBIS3-44567 0
424 0 FBIS3-44582 0
424 0 FBIS3-4545 0
424 0 FBIS3-46136 0
424 0 FBIS3-471 0
424 0 FBIS3-4714 0
424 0 FBIS3-48296 0
424 0 FBIS3-49755 0
424 0 FBIS3-50133 0
424 0 FBIS3-50577 0
424 0 FBIS3-51242 0
424 0 FBIS3-51952 0
424 0 FBIS3-52075 0
424 0 FBIS3-52714 0
424 0 FBIS3-53534 0
424 0 FBIS3-54038 1
424 0 FBIS3-54238 0
424 0 FBIS3-54273 0
424 0 FBIS3-54344 0
424 0 FBIS3-54461 0
424 0 FBIS3-55089 0
424 0 FBIS3-55091 0
424 0 FBIS3-55095 1
424 0 FBIS3-55216 0
424 0 FBIS3-55309 1
424 0 FBIS3-55310 1
424 0 FBIS3-55312 1
424 0 FBIS3-55480 1
424 0 FBIS3-55711 0
424 0 FBIS3-55713 1
424 0 FBIS3-55925 0
424 0 FBIS3-55960 1
424 0 FBIS3-56163 0
424 0 FBIS3-56776 0
424 0 FBIS3-57025 1
424 0 FBIS3-57033 1
424 0 FBIS3-57550 1
424 0 FBIS3-58 0
424 0 FBIS3-58650 0
424 0 FBIS3-59000 0
424 0 FBIS3-59014 0
424 0 FBIS3-59308 0
424 0 FBIS3-59322 0
424 0 FBIS3-59351 0
424 0 FBIS3-59406 0
424 0 FBIS3-59831 0
424 0 FBIS3-59879 0
424 0 FBIS3-602 0
424 0 FBIS3-60342 0
424 0 FBIS3-60401 0
424 0 FBIS3-60440 0
424 0 FBIS3-60766 0
424 0 FBIS3-60955 0
424 0 FBIS3-60959 0
424 0 FBIS3-61275 0
424 0 FBIS3-61562 0
424 0 FBIS3-6482 0
424 0 FBIS3-67 0
424 0 FBIS3-6884 0
424 0 FBIS3-7692 0
424 0 FBIS3-7899 0
424 0 FBIS3-8231 0
424 0 FBIS3-8290 0
424 0 FBIS3-8673 0
424 0 FBIS3-9044 0
424 0 FBIS3-9309 1
424 0 FBIS4-10074 0
424 0 FBIS4-1032 1
424 0 FBIS4-10699 0
424 0 FBIS4-11284 0
424 0 FBIS4-11631 0
424 0 FBIS4-11812 0
424 0 FBIS4-11946 0
424 0 FBIS4-12219 0
424 0 FBIS4-12221 0
424 0 FBIS4-12260 0
424 0 FBIS4-12317 0
424 0 FBIS4-12590 0
424 0 FBIS4-12610 0
424 0 FBIS4-1332 0
424 0 FBIS4-13334 0
424 0 FBIS4-13409 0
424 0 FBIS4-13889 0
424 0 FBIS4-14810 0
424 0 FBIS4-15657 0
424 0 FBIS4-1636 0
424 0 FBIS4-16480 0
424 0 FBIS4-1677 0
424 0 FBIS4-16950 0
424 0 FBIS4-17797 0
424 0 FBIS4-19 0
424 0 FBIS4-19164 1
424 0 FBIS4-19707 0
424 0 FBIS4-20472 0
424 0 FBIS4-2049 0
424 0 FBIS4-20504 0
424 0 FBIS4-20971 0
424 0 FBIS4-20987 0
424 0 FBIS4-21228 0
424 0 FBIS4-21748 0
424 0 FBIS4-21913 0
424 0 FBIS4-22088 0
424 0 FBIS4-22152 0
424 0 FBIS4-22429 0
424 0 FBIS4-22566 0
424 0 FBIS4-22596 0
424 0 FBIS4-22956 0
424 0 FBIS4-23114 0
424 0 FBIS4-23131 0
424 0 FBIS4-24453 0
424 0 FBIS4-24633 0
424 0 FBIS4-25085 0
424 0 FBIS4-26151 0
424 0 FBIS4-26335 0
424 0 FBIS4-28615 0
424 0 FBIS4-30821 0
424 0 FBIS4-312 0
424 0 FBIS4-31390 1
424 0 FBIS4-3165 0
424 0 FBIS4-31822 0
424 0 FBIS4-32023 0
424 0 FBIS4-33420 0
424 0 FBIS4-34621 0
424 0 FBIS4-36824 0
424 0 FBIS4-37551 0
424 0 FBIS4-38736 1
424 0 FBIS4-38836 0
424 0 FBIS4-40463 0
424 0 FBIS4-4066 0
424 0 FBIS4-42587 0
424 0 FBIS4-42950 0
424 0 FBIS4-42951 0
424 0 FBIS4-44661 0
424 0 FBIS4-4482 0
424 0 FBIS4-44912 0
424 0 FBIS4-44913 0
424 0 FBIS4-46407 0
424 0 FBIS4-46435 0
424 0 FBIS4-46436 0
424 0 FBIS4-46734 0
424 0 FBIS4-46812 0
424 0 FBIS4-47 0
424 0 FBIS4-47142 0
424 0 FBIS4-47629 0
424 0 FBIS4-47810 0
424 0 FBIS4-48118 0
424 0 FBIS4-48227 0
424 0 FBIS4-48335 0
424 0 FBIS4-49075 0
424 0 FBIS4-49108 0
424 0 FBIS4-49251 0
424 0 FBIS4-49386 0
424 0 FBIS4-49597 0
424 0 FBIS4-49617 0
424 0 FBIS4-49776 0
424 0 FBIS4-49832 0
424 0 FBIS4-50478 0
424 0 FBIS4-50513 0
424 0 FBIS4-50680 0
424 0 FBIS4-50706 0
424 0 FBIS4-50842 0
424 0 FBIS4-50912 0
424 0 FBIS4-50953 0
424 0 FBIS4-50993 0
424 0 FBIS4-51706 0
424 0 FBIS4-52040 0
424 0 FBIS4-5223 0
424 0 FBIS4-52303 0
424 0 FBIS4-52770 0
424 0 FBIS4-54007 0
424 0 FBIS4-55973 0
424 0 FBIS4-56191 0
424 0 FBIS4-56303 0
424 0 FBIS4-56389 0
424 0 FBIS4-56970 0
424 0 FBIS4-57469 0
424 0 FBIS4-58417 0
424 0 FBIS4-58614 0
424 0 FBIS4-58615 0
424 0 FBIS4-59449 0
424 0 FBIS4-59654 0
424 0 FBIS4-60410 0
424 0 FBIS4-60644 0
424 0 FBIS4-65022 0
424 0 FBIS4-66308 0
424 0 FBIS4-66382 0
424 0 FBIS4-66759 0
424 0 FBIS4-66966 0
424 0 FBIS4-67321 0
424 0 FBIS4-67533 0
424 0 FBIS4-67631 0
424 0 FBIS4-67877 0
424 0 FBIS4-68166 0
424 0 FBIS4-68348 0
424 0 FBIS4-68426 0
424 0 FBIS4-68676 0
424 0 FBIS4-68827 0
424 0 FBIS4-788 0
424 0 FBIS4-9367 0
424 0 FBIS4-9817 0
424 0 FR940104-0-00032 0
424 0 FR940104-0-00034 0
424 0 FR940112-1-00044 0
424 0 FR940127-2-00018 0
424 0 FR940203-0-00084 0
424 0 FR940302-2-00084 0
424 0 FR940303-0-00020 0
424 0 FR940303-1-00014 0
424 0 FR940303-2-00115 0
424 0 FR940405-1-00128 0
424 0 FR940406-0-00190 0
424 0 FR940407-0-00013 0
424 0 FR940413-2-00079 0
424 0 FR940413-2-00130 0
424 0 FR940516-2-00062 0
424 0 FR940523-2-00110 0
424 0 FR940523-2-00111 0
424 0 FR940602-1-00023 0
424 0 FR940610-0-00109 0
424 0 FR940616-0-00124 0
424 0 FR940620-0-00104 0
424 0 FR940705-2-00107 0
424 0 FR940728-1-00021 0
424 0 FR940803-2-00061 0
424 0 FR940804-0-00119 0
424 0 FR940805-1-00063 0
424 0 FR940805-1-00071 0
424 0 FR940805-1-00072 0
424 0 FR940805-1-00077 0
424 0 FR940805-1-00087 0
424 0 FR940805-1-00098 0
424 0 FR940805-1-00109 0
424 0 FR940805-1-00114 0
424 0 FR940805-1-00121 0
424 0 FR940805-1-00123 0
424 0 FR940810-0-00065 0
424 0 FR940810-0-00186 0
424 0 FR940811-0-00030 0
424 0 FR940812-2-00229 0
424 0 FR940817-0-00016 0
424 0 FR940822-0-00067 0
424 0 FR940902-1-00048 0
424 0 FR940907-2-00099 0
424 0 FR940920-1-00116 0
424 0 FR940920-2-00076 0
424 0 FR940920-2-00077 0
424 0 FR940920-2-00078 0
424 0 FR941003-2-00112 0
424 0 FR941003-2-00113 0
424 0 FR941003-2-00114 0
424 0 FR941003-2-00115 0
424 0 FR941003-2-00116 0
424 0 FR941003-2-00117 0
424 0 FR941003-2-00118 0
424 0 FR941003-2-00119 0
424 0 FR941003-2-00120 0
424 0 FR941003-2-00123 0
424 0 FR941003-2-00125 0
424 0 FR941003-2-00128 0
424 0 FR941003-2-00129 0
424 0 FR941003-2-00130 0
424 0 FR941003-2-00131 0
424 0 FR941003-2-00132 0
424 0 FR941003-2-00134 0
424 0 FR941003-2-00137 0
424 0 FR941003-2-00138 0
424 0 FR941003-2-00139 0
424 0 FR941003-2-00140 0
424 0 FR941003-2-00142 0
424 0 FR941003-2-00143 0
424 0 FR941003-2-00145 0
424 0 FR941003-2-00146 0
424 0 FR941003-2-00148 0
424 0 FR941003-2-00151 0
424 0 FR941003-2-00153 0
424 0 FR941003-2-00156 0
424 0 FR941004-1-00087 0
424 0 FR941006-1-00110 0
424 0 FR941012-2-00106 0
424 0 FR941019-2-00006 0
424 0 FR941021-0-00072 0
424 0 FR941027-1-00030 0
424 0 FR941117-2-00158 0
424 0 FR941202-2-00139 0
424 0 FR941219-2-00180 0
424 0 FR941220-0-00126 0
424 0 FR941221-2-00021 0
424 0 FR941230-0-00119 0
424 0 FT911-2171 0
424 0 FT911-2295 0
424 0 FT911-2562 0
424 0 FT911-2685 0
424 0 FT911-2913 0
424 0 FT911-3133 0
424 0 FT911-4489 0
424 0 FT911-485 0
424 0 FT921-12724 0
424 0 FT921-13791 1
424 0 FT921-1449 0
424 0 FT921-15121 1
424 0 FT921-15621 0
424 0 FT921-16092 0
424 0 FT921-2154 0
424 0 FT921-496 0
424 0 FT921-7444 1
424 0 FT921-8465 0
424 0 FT921-8650 0
424 0 FT921-8952 0
424 0 FT921-9583 0
424 0 FT921-9994 0
424 0 FT922-10091 0
424 0 FT922-10517 0
424 0 FT922-10620 0
424 0 FT922-12329 0
424 0 FT922-12336 0
424 0 FT922-12378 0
424 0 FT922-13391 0
424 0 FT922-13705 0
424 0 FT922-14022 0
424 0 FT922-15290 0
424 0 FT922-1871 1
424 0 FT922-1872 1
424 0 FT922-3020 1
424 0 FT922-3624 0
424 0 FT922-4147 1
424 0 FT922-4405 0
424 0 FT922-5373 0
424 0 FT922-6832 1
424 0 FT922-6833 0
424 0 FT922-7061 0
424 0 FT922-7442 0
424 0 FT922-7599 0
424 0 FT922-7694 0
424 0 FT922-7713 0
424 0 FT922-7914 0
424 0 FT922-843 0
424 0 FT922-8430 0
424 0 FT923-10996 0
424 0 FT923-11132 0
424 0 FT923-12530 0
424 0 FT923-12907 0
424 0 FT923-12923 0
424 0 FT923-13025 0
424 0 FT923-3313 0
424 0 FT923-4579 0
424 0 FT923-4963 0
424 0 FT923-5183 0
424 0 FT923-5544 0
424 0 FT923-739 0
424 0 FT923-8647 0
424 0 FT923-8823 0
424 0 FT923-9979 0
424 0 FT924-10363 0
424 0 FT924-10420 0
424 0 FT924-10427 0
424 0 FT924-11987 0
424 0 FT924-12529 0
424 0 FT924-1386 0
424 0 FT924-13865 0
424 0 FT924-14420 1
424 0 FT924-15181 0
424 0 FT924-15973 0
424 0 FT924-3636 0
424 0 FT924-4246 0
424 0 FT924-6023 0
424 0 FT924-6422 0
424 0 FT924-8936 0
424 0 FT924-9091 0
424 0 FT924-9140 0
424 0 FT924-928 0
424 0 FT931-10137 0
424 0 FT931-12694 0
424 0 FT931-12899 0
424 0 FT931-15835 1
424 0 FT931-16253 0
424 0 FT931-2206 0
424 0 FT931-300 0
424 0 FT931-3052 0
424 0 FT931-3744 0
424 0 FT931-3854 0
424 0 FT931-4010 0
424 0 FT931-5183 0
424 0 FT931-5646 0
424 0 FT931-5945 0
424 0 FT931-6198 0
424 0 FT931-770 0
424 0 FT931-8049 0
424 0 FT931-915 1
424 0 FT931-9229 0
424 0 FT931-9554 0
424 0 FT932-10595 0
424 0 FT932-10795 0
424 0 FT932-11274 0
424 0 FT932-11353 0
424 0 FT932-11397 0
424 0 FT932-11480 0
424 0 FT932-11488 0
424 0 FT932-11558 0
424 0 FT932-12319 0
424 0 FT932-12777 0
424 0 FT932-13516 0
424 0 FT932-13825 0
424 0 FT932-13943 0
424 0 FT932-13944 0
424 0 FT932-14048 1
424 0 FT932-14066 0
424 0 FT932-14313 1
424 0 FT932-14344 1
424 0 FT932-14348 0
424 0 FT932-15611 0
424 0 FT932-16852 1
424 0 FT932-17472 0
424 0 FT932-2173 0
424 0 FT932-3653 0
424 0 FT932-6240 0
424 0 FT932-7516 0
424 0 FT932-8209 0
424 0 FT932-8494 0
424 0 FT932-8747 0
424 0 FT932-8982 1
424 0 FT932-9143 0
424 0 FT932-9168 0
424 0 FT933-11070 0
424 0 FT933-11363 0
424 0 FT933-11926 0
424 0 FT933-12026 1
424 0 FT933-12224 0
424 0 FT933-12248 0
424 0 FT933-12265 1
424 0 FT933-12381 0
424 0 FT933-12937 0
424 0 FT933-13186 0
424 0 FT933-15901 1
424 0 FT933-16355 0
424 0 FT933-1921 0
424 0 FT933-2509 0
424 0 FT933-3666 1
424 0 FT933-4423 0
424 0 FT933-4732 0
424 0 FT933-5497 0
424 0 FT933-9860 0
424 0 FT934-11320 0
424 0 FT934-11565 0
424 0 FT934-11785 0
424 0 FT934-13798 0
424 0 FT934-14757 0
424 0 FT934-15216 0
424 0 FT934-16028 0
424 0 FT934-16813 0
424 0 FT934-2521 0
424 0 FT934-3479 0
424 0 FT934-3591 0
424 0 FT934-3675 0
424 0 FT934-3699 0
424 0 FT934-4061 0
424 0 FT934-427 0
424 0 FT934-4461 0
424 0 FT934-5174 0
424 0 FT934-5293 0
424 0 FT934-5973 0
424 0 FT934-6193 0
424 0 FT934-6458 0
424 0 FT934-8488 0
424 0 FT934-9166 0
424 0 FT934-9386 0
424 0 FT934-9589 0
424 0 FT941-1038 0
424 0 FT941-11106 0
424 0 FT941-1194 0
424 0 FT941-12183 0
424 0 FT941-13184 0
424 0 FT941-14284 1
424 0 FT941-14300 0
424 0 FT941-14331 0
424 0 FT941-14372 0
424 0 FT941-14741 0
424 0 FT941-15617 0
424 0 FT941-15629 0
424 0 FT941-15758 0
424 0 FT941-15892 0
424 0 FT941-15926 0
424 0 FT941-17183 1
424 0 FT941-17346 0
424 0 FT941-1738 0
424 0 FT941-17664 0
424 0 FT941-3386 0
424 0 FT941-3888 1
424 0 FT941-4031 0
424 0 FT941-4108 0
424 0 FT941-4153 1
424 0 FT941-4208 1
424 0 FT941-4250 0
424 0 FT941-4380 1
424 0 FT941-4764 0
424 0 FT941-4945 0
424 0 FT941-5017 0
424 0 FT941-5283 0
424 0 FT941-546 0
424 0 FT941-5469 1
424 0 FT941-5519 0
424 0 FT941-6767 0
424 0 FT941-7301 0
424 0 FT941-8028 0
424 0 FT941-8355 0
424 0 FT941-8506 0
424 0 FT941-9224 0
424 0 FT941-9228 0
424 0 FT942-12127 1
424 0 FT942-12699 0
424 0 FT942-13116 0
424 0 FT942-13492 0
424 0 FT942-13759 0
424 0 FT942-13933 0
424 0 FT942-1404 0
424 0 FT942-14688 0
424 0 FT942-15517 0
424 0 FT942-15737 0
424 0 FT942-163 0
424 0 FT942-1652 0
424 0 FT942-16620 0
424 0 FT942-16661 0
424 0 FT942-16911 0
424 0 FT942-17111 0
424 0 FT942-17220 0
424 0 FT942-17225 0
424 0 FT942-17638 0
424 0 FT942-1994 0
424 0 FT942-3243 0
424 0 FT942-4113 0
424 0 FT942-4406 0
424 0 FT942-5760 0
424 0 FT942-6250 0
424 0 FT942-6615 0
424 0 FT942-6783 0
424 0 FT942-7428 0
424 0 FT942-7648 0
424 0 FT942-7837 0
424 0 FT942-8750 0
424 0 FT943-10792 0
424 0 FT943-11095 0
424 0 FT943-12603 1
424 0 FT943-14364 0
424 0 FT943-14368 0
424 0 FT943-14572 0
424 0 FT943-15308 0
424 0 FT943-15953 0
424 0 FT943-17076 1
424 0 FT943-2542 0
424 0 FT943-5690 0
424 0 FT943-9989 1
424 0 FT944-10352 0
424 0 FT944-10577 0
424 0 FT944-10898 0
424 0 FT944-10934 0
424 0 FT944-11416 0
424 0 FT944-11446 0
424 0 FT944-11448 0
424 0 FT944-11834 0
424 0 FT944-12074 0
424 0 FT944-12394 0
424 0 FT944-12615 0
424 0 FT944-12792 0
424 0 FT944-13107 0
424 0 FT944-15409 0
424 0 FT944-15444 0
424 0 FT944-15804 0
424 0 FT944-1590 0
424 0 FT944-16024 0
424 0 FT944-16074 1
424 0 FT944-16718 0
424 0 FT944-17678 0
424 0 FT944-18165 0
424 0 FT944-18221 0
424 0 FT944-18502 0
424 0 FT944-2004 1
424 0 FT944-2112 0
424 0 FT944-2219 1
424 0 FT944-2249 0
424 0 FT944-2254 0
424 0 FT944-2261 0
424 0 FT944-2690 0
424 0 FT944-2695 0
424 0 FT944-2702 0
424 0 FT944-3605 0
424 0 FT944-42 0
424 0 FT944-568 0
424 0 FT944-6393 0
424 0 FT944-6607 0
424 0 FT944-6682 0
424 0 FT944-6706 0
424 0 FT944-6937 0
424 0 FT944-6941 0
424 0 FT944-7387 0
424 0 FT944-7624 0
424 0 FT944-80 0
424 0 FT944-8343 0
424 0 FT944-9905 0
424 0 LA010190-0081 0
424 0 LA010289-0003 0
424 0 LA010289-0080 0
424 0 LA010290-0087 0
424 0 LA010490-0196 0
424 0 LA010789-0051 0
424 0 LA010790-0049 0
424 0 LA010889-0158 0
424 0 LA010890-0071 0
424 0 LA010989-0002 0
424 0 LA010990-0160 0
424 0 LA011089-0122 0
424 0 LA011090-0058 0
424 0 LA011090-0126 0
424 0 LA011190-0222 0
424 0 LA011289-0202 0
424 0 LA011489-0092 0
424 0 LA011490-0150 1
424 0 LA011590-0030 1
424 0 LA011590-0083 0
424 0 LA011690-0095 1
424 0 LA011790-0056 0
424 0 LA011790-0103 0
424 0 LA011790-0115 0
424 0 LA011890-0174 1
424 0 LA011989-0132 0
424 0 LA011990-0073 1
424 0 LA011990-0089 0
424 0 LA011990-0108 0
424 0 LA011990-0169 0
424 0 LA011990-0172 0
424 0 LA012089-0132 0
424 0 LA012090-0062 1
424 0 LA012090-0067 0
424 0 LA012190-0207 0
424 0 LA012390-0043 0
424 0 LA012490-0004 0
424 0 LA012490-0039 0
424 0 LA012490-0057 0
424 0 LA012589-0082 0
424 0 LA012689-0203 0
424 0 LA012789-0097 0
424 0 LA012790-0139 0
424 0 LA012890-0065 0
424 0 LA012890-0085 0
424 0 LA012890-0181 0
424 0 LA013090-0012 0
424 0 LA013189-0123 0
424 0 LA013190-0077 0
424 0 LA020190-0050 0
424 0 LA020190-0092 0
424 0 LA020190-0096 0
424 0 LA020190-0102 0
424 0 LA020289-0044 0
424 0 LA020289-0164 0
424 0 LA020290-0082 0
424 0 LA020290-0152 0
424 0 LA020389-0032 0
424 0 LA020389-0132 0
424 0 LA020589-0060 0
424 0 LA020589-0082 0
424 0 LA020589-0173 0
424 0 LA020590-0051 0
424 0 LA020590-0110 0
424 0 LA020689-0067 0
424 0 LA020690-0149 0
424 0 LA020790-0124 0
424 0 LA020790-0149 0
424 0 LA020889-0123 0
424 0 LA020990-0179 0
424 0 LA021189-0120 0
424 0 LA021289-0051 0
424 0 LA021290-0128 0
424 0 LA021389-0109 0
424 0 LA021489-0134 0
424 0 LA021590-0235 0
424 0 LA021689-0026 0
424 0 LA021689-0182 0
424 0 LA021689-0217 0
424 0 LA021789-0057 0
424 0 LA021890-0164 0
424 0 LA021989-0004 0
424 0 LA021989-0175 1
424 0 LA022189-0027 0
424 0 LA022189-0096 0
424 0 LA022289-0087 0
424 0 LA022289-0118 0
424 0 LA022389-0071 0
424 0 LA022389-0091 0
424 0 LA022390-0037 0
424 0 LA022390-0047 0
424 0 LA022589-0074 0
424 0 LA022689-0119 0
424 0 LA022689-0131 0
424 0 LA022690-0057 0
424 0 LA022790-0086 0
424 0 LA022889-0083 0
424 0 LA022890-0004 0
424 0 LA030189-0042 0
424 0 LA030190-0198 0
424 0 LA030389-0167 0
424 0 LA030690-0072 0
424 0 LA030690-0121 0
424 0 LA030690-0166 1
424 0 LA030889-0031 0
424 0 LA030889-0111 0
424 0 LA030890-0210 0
424 0 LA030989-0206 0
424 0 LA030990-0056 0
424 0 LA031089-0056 0
424 0 LA031089-0139 0
424 0 LA031090-0055 0
424 0 LA031189-0122 0
424 0 LA031190-0037 0
424 0 LA031190-0096 0
424 0 LA031289-0037 0
424 0 LA031289-0063 0
424 0 LA031290-0084 0
424 0 LA031390-0002 0
424 0 LA031390-0066 0
424 0 LA031890-0183 0
424 0 LA031989-0208 0
424 0 LA031989-0221 0
424 0 LA032189-0001 0
424 0 LA032189-0129 0
424 0 LA032189-0145 0
424 0 LA032289-0031 0
424 0 LA032290-0009 0
424 0 LA032290-0090 0
424 0 LA032290-0132 0
424 0 LA032389-0057 0
424 0 LA032389-0142 0
424 0 LA032390-0013 0
424 0 LA032390-0093 0
424 0 LA032390-0143 0
424 0 LA032390-0155 0
424 0 LA032390-0156 0
424 0 LA032590-0045 0
424 0 LA032689-0194 0
424 0 LA032690-0019 0
424 0 LA032690-0026 0
424 0 LA032790-0052 0
424 0 LA032990-0123 1
424 0 LA033189-0020 0
424 0 LA033189-0071 1
424 0 LA033190-0025 0
424 0 LA033190-0089 0
424 0 LA033190-0131 0
424 0 LA040190-0132 0
424 0 LA040190-0135 0
424 0 LA040190-0221 0
424 0 LA040290-0059 0
424 0 LA040389-0093 0
424 0 LA040389-0099 0
424 0 LA040390-0014 0
424 0 LA040390-0039 0
424 0 LA040390-0107 0
424 0 LA040489-0071 0
424 0 LA040490-0168 0
424 0 LA040589-0128 0
424 0 LA040590-0019 0
424 0 LA040689-0067 0
424 0 LA040789-0043 0
424 0 LA040790-0065 0
424 0 LA040890-0127 0
424 0 LA040890-0128 0
424 0 LA040989-0004 0
424 0 LA041090-0017 0
424 0 LA041190-0152 0
424 0 LA041290-0174 0
424 0 LA041390-0210 0
424 0 LA041490-0096 0
424 0 LA041490-0132 0
424 0 LA041589-0015 0
424 0 LA041589-0041 0
424 0 LA041589-0120 0
424 0 LA041689-0115 0
424 0 LA041689-0147 0
424 0 LA041689-0150 0
424 0 LA041689-0162 0
424 0 LA041689-0205 1
424 0 LA041690-0115 0
424 0 LA041789-0059 0
424 0 LA041789-0106 0
424 0 LA041890-0070 0
424 0 LA041989-0060 0
424 0 LA041990-0194 0
424 0 LA042089-0012 0
424 0 LA042189-0009 0
424 0 LA042190-0117 0
424 0 LA042289-0109 0
424 0 LA042290-0095 0
424 0 LA042389-0002 1
424 0 LA042389-0097 1
424 0 LA042389-0106 0
424 0 LA042489-0016 0
424 0 LA042490-0146 0
424 0 LA042589-0118 0
424 0 LA042590-0139 0
424 0 LA042689-0016 0
424 0 LA042690-0026 0
424 0 LA042690-0039 0
424 0 LA042789-0026 0
424 0 LA042789-0100 0
424 0 LA042789-0162 0
424 0 LA042989-0018 0
424 0 LA043089-0155 0
424 0 LA043090-0048 0
424 0 LA050189-0011 1
424 0 LA050190-0008 0
424 0 LA050190-0198 0
424 0 LA050389-0054 0
424 0 LA050390-0037 0
424 0 LA050589-0079 0
424 0 LA050689-0099 1
424 0 LA050789-0065 0
424 0 LA050889-0102 0
424 0 LA050989-0040 0
424 0 LA051090-0057 0
424 0 LA051189-0067 0
424 0 LA051190-0128 0
424 0 LA051289-0081 0
424 0 LA051290-0014 0
424 0 LA051389-0117 0
424 0 LA051390-0012 0
424 0 LA051390-0016 0
424 0 LA051390-0018 0
424 0 LA051390-0192 0
424 0 LA051390-0197 0
424 0 LA051489-0009 0
424 0 LA051489-0214 0
424 0 LA051590-0045 0
424 0 LA051590-0128 0
424 0 LA051689-0033 0
424 0 LA051689-0126 0
424 0 LA051789-0109 1
424 0 LA051790-0226 0
424 0 LA051890-0056 0
424 0 LA051990-0060 0
424 0 LA052089-0048 0
424 0 LA052189-0093 0
424 0 LA052190-0034 0
424 0 LA052190-0143 0
424 0 LA052390-0075 0
424 0 LA052390-0080 0
424 0 LA052489-0079 0
424 0 LA052489-0080 0
424 0 LA052490-0122 0
424 0 LA052589-0092 1
424 0 LA052589-0125 0
424 0 LA052589-0153 0
424 0 LA052590-0179 0
424 0 LA052590-0191 0
424 0 LA052689-0092 1
424 0 LA052690-0084 0
424 0 LA052789-0102 0
424 0 LA052790-0042 0
424 0 LA052790-0238 1
424 0 LA052889-0157 0
424 0 LA052890-0009 0
424 0 LA052990-0081 1
424 0 LA053089-0040 0
424 0 LA053090-0032 0
424 0 LA053189-0015 0
424 0 LA053189-0043 0
424 0 LA053189-0127 0
424 0 LA053190-0061 0
424 0 LA053190-0067 0
424 0 LA053190-0159 0
424 0 LA053190-0228 0
424 0 LA060189-0176 0
424 0 LA060189-0203 0
424 0 LA060289-0127 0
424 0 LA060289-0137 0
424 0 LA060290-0041 0
424 0 LA060290-0050 0
424 0 LA060290-0072 0
424 0 LA060389-0119 0
424 0 LA060389-0125 0
424 0 LA060390-0190 0
424 0 LA060489-0109 0
424 0 LA060489-0209 0
424 0 LA060589-0049 0
424 0 LA060590-0135 0
424 0 LA060690-0093 0
424 0 LA060690-0127 0
424 0 LA060789-0138 0
424 0 LA060790-0128 0
424 0 LA060889-0042 0
424 0 LA060889-0134 0
424 0 LA060890-0165 0
424 0 LA060989-0073 1
424 0 LA060990-0103 0
424 0 LA061089-0004 0
424 0 LA061089-0052 0
424 0 LA061090-0057 0
424 0 LA061189-0060 0
424 0 LA061190-0129 0
424 0 LA061289-0086 0
424 0 LA061290-0033 0
424 0 LA061290-0042 0
424 0 LA061389-0028 1
424 0 LA061490-0187 0
424 0 LA061589-0175 0
424 0 LA061590-0184 0
424 0 LA061689-0052 0
424 0 LA061690-0005 0
424 0 LA061690-0007 0
424 0 LA061690-0065 0
424 0 LA061789-0093 0
424 0 LA061790-0170 1
424 0 LA061989-0014 0
424 0 LA061989-0023 0
424 0 LA061990-0071 0
424 0 LA061990-0142 0
424 0 LA062089-0128 0
424 0 LA062190-0010 0
424 0 LA062289-0181 0
424 0 LA062290-0167 0
424 0 LA062290-0188 0
424 0 LA062390-0113 0
424 0 LA062589-0045 0
424 0 LA062589-0053 0
424 0 LA062589-0073 0
424 0 LA062589-0078 0
424 0 LA062589-0153 0
424 0 LA062689-0013 0
424 0 LA062889-0034 0
424 0 LA062989-0132 0
424 0 LA062990-0008 0
424 0 LA062990-0013 1
424 0 LA063089-0041 1
424 0 LA070189-0046 0
424 0 LA070189-0084 0
424 0 LA070190-0115 0
424 0 LA070190-0146 0
424 0 LA070290-0031 0
424 0 LA070390-0027 0
424 0 LA070590-0182 0
424 0 LA070689-0047 0
424 0 LA070689-0062 0
424 0 LA070689-0080 0
424 0 LA070690-0030 1
424 0 LA070690-0123 0
424 0 LA070690-0132 0
424 0 LA071289-0017 0
424 0 LA071289-0059 0
424 0 LA071290-0011 0
424 0 LA071290-0029 0
424 0 LA071389-0020 0
424 0 LA071389-0088 0
424 0 LA071490-0072 0
424 0 LA071589-0120 0
424 0 LA071689-0004 0
424 0 LA071689-0156 0
424 0 LA071690-0050 0
424 0 LA071789-0074 0
424 0 LA071790-0021 0
424 0 LA071790-0138 0
424 0 LA071790-0155 0
424 0 LA071889-0101 0
424 0 LA071890-0012 0
424 0 LA071989-0069 0
424 0 LA071989-0088 0
424 0 LA071990-0097 0
424 0 LA071990-0158 0
424 0 LA072089-0184 0
424 0 LA072089-0185 0
424 0 LA072090-0010 0
424 0 LA072090-0017 0
424 0 LA072090-0155 0
424 0 LA072090-0165 0
424 0 LA072189-0126 0
424 0 LA072189-0139 0
424 0 LA072190-0165 0
424 0 LA072289-0024 0
424 0 LA072290-0030 0
424 0 LA072290-0136 0
424 0 LA072389-0011 0
424 0 LA072389-0027 1
424 0 LA072389-0081 0
424 0 LA072390-0047 0
424 0 LA072490-0027 0
424 0 LA072490-0161 0
424 0 LA072490-0169 0
424 0 LA072589-0123 0
424 0 LA072689-0037 0
424 0 LA072689-0089 0
424 0 LA072689-0121 0
424 0 LA072689-0133 0
424 0 LA072789-0041 0
424 0 LA072789-0070 0
424 0 LA072790-0180 0
424 0 LA072890-0023 0
424 0 LA072890-0111 0
424 0 LA072990-0051 1
424 0 LA072990-0053 0
424 0 LA072990-0149 0
424 0 LA072990-0223 0
424 0 LA073089-0055 0
424 0 LA073089-0126 0
424 0 LA073089-0136 0
424 0 LA073190-0095 0
424 0 LA073190-0119 1
424 0 LA073190-0131 0
424 0 LA080190-0103 1
424 0 LA080190-0145 1
424 0 LA080289-0107 0
424 0 LA080290-0185 0
424 0 LA080290-0200 0
424 0 LA080389-0070 0
424 0 LA080389-0198 0
424 0 LA080390-0092 0
424 0 LA080390-0177 0
424 0 LA080489-0156 0
424 0 LA080490-0132 0
424 0 LA080590-0109 0
424 0 LA080690-0126 1
424 0 LA080890-0134 0
424 0 LA080989-0043 0
424 0 LA080989-0123 0
424 0 LA081090-0101 1
424 0 LA081090-0177 1
424 0 LA081189-0001 0
424 0 LA081190-0068 0
424 0 LA081289-0030 0
424 0 LA081289-0077 0
424 0 LA081289-0108 0
424 0 LA081290-0099 0
424 0 LA081290-0100 0
424 0 LA081389-0011 0
424 0 LA081389-0044 0
424 0 LA081389-0167 0
424 0 LA081589-0051 0
424 0 LA081590-0045 0
424 0 LA081689-0037 0
424 0 LA081789-0007 0
424 0 LA081789-0083 0
424 0 LA081790-0100 0
424 0 LA081889-0028 1
424 0 LA081889-0072 0
424 0 LA081889-0083 0
424 0 LA081889-0088 0
424 0 LA081890-0008 0
424 0 LA081989-0009 0
424 0 LA081990-0054 0
424 0 LA081990-0055 0
424 0 LA082089-0021 0
424 0 LA082089-0107 0
424 0 LA082090-0051 1
424 0 LA082090-0052 0
424 0 LA082090-0062 0
424 0 LA082190-0033 0
424 0 LA082289-0092 1
424 0 LA082289-0166 0
424 0 LA082389-0083 0
424 0 LA082390-0148 0
424 0 LA082390-0209 0
424 0 LA082490-0040 0
424 0 LA082590-0024 0
424 0 LA082689-0046 0
424 0 LA082690-0152 0
424 0 LA082789-0018 0
424 0 LA082789-0107 0
424 0 LA082790-0107 1
424 0 LA082889-0023 0
424 0 LA082889-0049 0
424 0 LA082890-0076 0
424 0 LA082890-0167 0
424 0 LA082990-0019 0
424 0 LA082990-0029 0
424 0 LA083089-0026 0
424 0 LA083089-0083 0
424 0 LA083090-0052 1
424 0 LA083090-0157 0
424 0 LA090189-0067 0
424 0 LA090190-0008 1
424 0 LA090290-0032 0
424 0 LA090290-0124 1
424 0 LA090389-0004 0
424 0 LA090389-0155 0
424 0 LA090489-0036 0
424 0 LA090489-0050 0
424 0 LA090490-0037 0
424 0 LA090490-0099 1
424 0 LA090690-0116 0
424 0 LA090690-0159 0
424 0 LA090690-0230 1
424 0 LA090889-0042 0
424 0 LA090889-0072 0
424 0 LA090889-0081 0
424 0 LA090889-0128 0
424 0 LA090890-0050 0
424 0 LA090989-0085 0
424 0 LA090990-0048 0
424 0 LA090990-0133 1
424 0 LA091089-0009 0
424 0 LA091189-0107 0
424 0 LA091390-0011 0
424 0 LA091390-0117 0
424 0 LA091390-0221 0
424 0 LA091489-0132 0
424 0 LA091489-0133 0
424 0 LA091490-0134 1
424 0 LA091590-0056 0
424 0 LA091689-0061 0
424 0 LA091689-0075 0
424 0 LA091690-0206 0
424 0 LA091890-0058 0
424 0 LA091989-0056 0
424 0 LA092089-0043 0
424 0 LA092089-0098 0
424 0 LA092090-0163 0
424 0 LA092090-0166 0
424 0 LA092090-0171 0
424 0 LA092090-0234 0
424 0 LA092090-0243 0
424 0 LA092189-0123 0
424 0 LA092189-0126 0
424 0 LA092189-0128 0
424 0 LA092189-0144 0
424 0 LA092190-0086 0
424 0 LA092289-0100 0
424 0 LA092289-0138 0
424 0 LA092390-0227 0
424 0 LA092489-0231 0
424 0 LA092490-0080 1
424 0 LA092589-0033 0
424 0 LA092589-0042 0
424 0 LA092590-0008 0
424 0 LA092590-0019 0
424 0 LA092590-0028 0
424 0 LA092689-0086 0
424 0 LA092690-0064 0
424 0 LA092889-0017 0
424 0 LA092990-0103 0
424 0 LA092990-0121 0
424 0 LA092990-0140 0
424 0 LA093090-0066 1
424 0 LA093090-0092 0
424 0 LA100189-0225 0
424 0 LA100190-0027 0
424 0 LA100190-0118 0
424 0 LA100589-0120 0
424 0 LA100589-0217 0
424 0 LA100689-0087 0
424 0 LA100690-0058 0
424 0 LA100789-0030 0
424 0 LA100790-0035 0
424 0 LA100790-0036 0
424 0 LA100790-0122 0
424 0 LA100790-0229 0
424 0 LA100790-0249 0
424 0 LA100790-0251 0
424 0 LA100889-0011 0
424 0 LA100889-0040 0
424 0 LA100889-0139 0
424 0 LA100889-0140 0
424 0 LA100889-0191 0
424 0 LA100889-0198 0
424 0 LA100890-0083 0
424 0 LA100989-0084 0
424 0 LA100990-0069 0
424 0 LA101089-0046 0
424 0 LA101090-0035 0
424 0 LA101090-0152 0
424 0 LA101189-0005 0
424 0 LA101289-0231 0
424 0 LA101290-0012 0
424 0 LA101290-0149 0
424 0 LA101389-0105 0
424 0 LA101389-0123 0
424 0 LA101390-0094 0
424 0 LA101489-0076 0
424 0 LA101489-0085 0
424 0 LA101489-0126 0
424 0 LA101489-0135 0
424 0 LA101489-0167 0
424 0 LA101490-0079 0
424 0 LA101490-0138 0
424 0 LA101490-0146 0
424 0 LA101589-0022 0
424 0 LA101590-0100 0
424 0 LA101690-0128 0
424 0 LA101789-0124 0
424 0 LA101789-0129 0
424 0 LA101890-0267 0
424 0 LA102090-0002 0
424 0 LA102090-0048 0
424 0 LA102189-0149 0
424 0 LA102289-0096 0
424 0 LA102289-0140 0
424 0 LA102389-0027 0
424 0 LA102390-0018 0
424 0 LA102490-0003 0
424 0 LA102490-0136 0
424 0 LA102589-0072 0
424 0 LA102689-0082 0
424 0 LA102689-0174 0
424 0 LA102689-0216 0
424 0 LA102789-0058 0
424 0 LA102889-0140 0
424 0 LA102890-0026 0
424 0 LA102890-0085 0
424 0 LA102890-0130 0
424 0 LA102989-0190 0
424 0 LA103090-0011 0
424 0 LA103090-0161 0
424 0 LA103190-0039 0
424 0 LA103190-0131 0
424 0 LA110189-0002 0
424 0 LA110189-0058 0
424 0 LA110190-0067 0
424 0 LA110190-0238 0
424 0 LA110289-0063 0
424 0 LA110289-0085 0
424 0 LA110289-0174 0
424 0 LA110290-0121 0
424 0 LA110290-0182 0
424 0 LA110290-0183 0
424 0 LA110389-0003 0
424 0 LA110390-0116 1
424 0 LA110490-0082 0
424 0 LA110490-0181 1
424 0 LA110589-0177 0
424 0 LA110590-0065 0
424 0 LA110689-0045 0
424 0 LA110789-0047 0
424 0 LA110790-0171 0
424 0 LA110889-0055 0
424 0 LA110989-0003 0
424 0 LA110989-0017 0
424 0 LA110990-0018 0
424 0 LA111089-0011 0
424 0 LA111089-0028 1
424 0 LA111189-0109 0
424 0 LA111190-0043 0
424 0 LA111190-0175 0
424 0 LA111190-0176 0
424 0 LA111290-0027 0
424 0 LA111290-0056 0
424 0 LA111389-0057 0
424 0 LA111389-0111 0
424 0 LA111390-0051 0
424 0 LA111390-0098 0
424 0 LA111489-0080 0
424 0 LA111489-0103 0
424 0 LA111489-0146 0
424 0 LA111590-0030 0
424 0 LA111590-0089 0
424 0 LA111689-0152 0
424 0 LA111689-0224 0
424 0 LA111789-0019 0
424 0 LA111789-0155 0
424 0 LA111789-0158 0
424 0 LA111889-0005 0
424 0 LA111889-0140 0
424 0 LA111889-0167 1
424 0 LA111890-0206 0
424 0 LA111989-0047 0
424 0 LA112090-0122 0
424 0 LA112189-0015 0
424 0 LA112189-0045 0
424 0 LA112190-0069 0
424 0 LA112190-0078 0
424 0 LA112190-0132 0
424 0 LA112190-0171 0
424 0 LA112289-0078 0
424 0 LA112290-0080 0
424 0 LA112490-0021 0
424 0 LA112490-0115 0
424 0 LA112589-0118 0
424 0 LA112690-0084 0
424 0 LA112790-0137 0
424 0 LA112889-0005 0
424 0 LA112890-0085 0
424 0 LA112890-0091 0
424 0 LA112989-0028 0
424 0 LA112990-0061 0
424 0 LA112990-0126 0
424 0 LA113089-0117 0
424 0 LA113089-0132 0
424 0 LA113089-0183 0
424 0 LA113090-0139 0
424 0 LA120189-0052 0
424 0 LA120189-0208 0
424 0 LA120190-0116 0
424 0 LA120389-0159 0
424 0 LA120489-0080 0
424 0 LA120490-0022 0
424 0 LA120689-0066 0
424 0 LA120689-0088 0
424 0 LA120690-0238 1
424 0 LA120790-0024 0
424 0 LA120889-0110 0
424 0 LA120889-0111 0
424 0 LA120889-0165 0
424 0 LA120890-0073 0
424 0 LA120989-0007 0
424 0 LA120990-0177 0
424 0 LA120990-0180 0
424 0 LA121089-0081 0
424 0 LA121089-0191 0
424 0 LA121090-0012 0
424 0 LA121090-0057 0
424 0 LA121189-0117 0
424 0 LA121190-0075 0
424 0 LA121190-0118 0
424 0 LA121289-0020 0
424 0 LA121289-0096 0
424 0 LA121289-0134 0
424 0 LA121389-0020 0
424 0 LA121389-0070 0
424 0 LA121390-0146 0
424 0 LA121489-0009 0
424 0 LA121489-0150 0
424 0 LA121589-0093 0
424 0 LA121689-0063 0
424 0 LA121789-0035 0
424 0 LA121789-0060 0
424 0 LA121789-0070 0
424 0 LA121790-0006 0
424 0 LA121989-0007 0
424 0 LA121990-0115 1
424 0 LA122089-0059 0
424 0 LA122089-0128 0
424 0 LA122090-0262 0
424 0 LA122090-0264 0
424 0 LA122189-0176 0
424 0 LA122189-0221 0
424 0 LA122290-0096 0
424 0 LA122389-0060 0
424 0 LA122390-0123 0
424 0 LA122390-0150 0
424 0 LA122390-0153 0
424 0 LA122489-0126 0
424 0 LA122489-0156 0
424 0 LA122490-0105 0
424 0 LA122590-0080 0
424 0 LA122689-0126 0
424 0 LA122789-0034 0
424 0 LA122789-0073 0
424 0 LA122889-0133 0
424 0 LA122889-0185 0
424 0 LA122890-0160 0
424 0 LA122989-0038 0
424 0 LA122989-0039 1
424 0 LA122990-0080 0
424 0 LA123090-0092 0
424 0 LA123090-0176 0
424 0 LA123189-0078 0
