450 0 FBIS3-1001 0
450 0 FBIS3-1013 0
450 0 FBIS3-1018 0
450 0 FBIS3-1024 0
450 0 FBIS3-1026 0
450 0 FBIS3-1048 0
450 0 FBIS3-1052 0
450 0 FBIS3-1068 0
450 0 FBIS3-12205 0
450 0 FBIS3-124 0
450 0 FBIS3-12610 0
450 0 FBIS3-12621 0
450 0 FBIS3-12746 0
450 0 FBIS3-12832 0
450 0 FBIS3-12901 0
450 0 FBIS3-12998 0
450 0 FBIS3-13044 0
450 0 FBIS3-13171 0
450 0 FBIS3-13280 1
450 0 FBIS3-13716 0
450 0 FBIS3-13718 0
450 0 FBIS3-13724 0
450 0 FBIS3-13825 1
450 0 FBIS3-13826 1
450 0 FBIS3-13829 0
450 0 FBIS3-13831 0
450 0 FBIS3-13835 1
450 0 FBIS3-13850 0
450 0 FBIS3-13919 1
450 0 FBIS3-14162 0
450 0 FBIS3-14181 0
450 0 FBIS3-14183 0
450 0 FBIS3-14275 0
450 0 FBIS3-14276 0
450 0 FBIS3-14332 0
450 0 FBIS3-14428 0
450 0 FBIS3-14598 1
450 0 FBIS3-14832 0
450 0 FBIS3-155 0
450 0 FBIS3-163 0
450 0 FBIS3-166 0
450 0 FBIS3-169 0
450 0 FBIS3-177 0
450 0 FBIS3-186 0
450 0 FBIS3-197 0
450 0 FBIS3-203 0
450 0 FBIS3-204 0
450 0 FBIS3-20468 0
450 0 FBIS3-20796 0
450 0 FBIS3-20797 0
450 0 FBIS3-20801 0
450 0 FBIS3-21193 0
450 0 FBIS3-216 0
450 0 FBIS3-221 0
450 0 FBIS3-22526 0
450 0 FBIS3-22768 0
450 0 FBIS3-22831 0
450 0 FBIS3-22905 0
450 0 FBIS3-22906 0
450 0 FBIS3-22907 0
450 0 FBIS3-22941 0
450 0 FBIS3-23 0
450 0 FBIS3-23561 0
450 0 FBIS3-237 0
450 0 FBIS3-238 0
450 0 FBIS3-240 0
450 0 FBIS3-24003 0
450 0 FBIS3-24047 0
450 0 FBIS3-24053 0
450 0 FBIS3-24257 0
450 0 FBIS3-24469 0
450 0 FBIS3-24653 0
450 0 FBIS3-24678 0
450 0 FBIS3-261 0
450 0 FBIS3-267 0
450 0 FBIS3-269 0
450 0 FBIS3-29 0
450 0 FBIS3-296 0
450 0 FBIS3-317 0
450 0 FBIS3-32152 0
450 0 FBIS3-32213 0
450 0 FBIS3-323 0
450 0 FBIS3-326 0
450 0 FBIS3-33677 0
450 0 FBIS3-33704 0
450 0 FBIS3-33709 1
450 0 FBIS3-33777 1
450 0 FBIS3-34002 0
450 0 FBIS3-34162 1
450 0 FBIS3-34163 1
450 0 FBIS3-342 0
450 0 FBIS3-34247 0
450 0 FBIS3-34510 0
450 0 FBIS3-34513 0
450 0 FBIS3-34569 0
450 0 FBIS3-34600 0
450 0 FBIS3-34687 0
450 0 FBIS3-34689 1
450 0 FBIS3-34690 1
450 0 FBIS3-34691 1
450 0 FBIS3-34696 0
450 0 FBIS3-34703 1
450 0 FBIS3-34707 1
450 0 FBIS3-34708 1
450 0 FBIS3-34710 1
450 0 FBIS3-34757 1
450 0 FBIS3-34765 1
450 0 FBIS3-34786 1
450 0 FBIS3-34789 1
450 0 FBIS3-34791 1
450 0 FBIS3-34854 0
450 0 FBIS3-34958 1
450 0 FBIS3-34983 1
450 0 FBIS3-35052 1
450 0 FBIS3-35158 0
450 0 FBIS3-352 0
450 0 FBIS3-35225 0
450 0 FBIS3-35323 0
450 0 FBIS3-356 0
450 0 FBIS3-359 0
450 0 FBIS3-36078 0
450 0 FBIS3-361 0
450 0 FBIS3-363 0
450 0 FBIS3-367 0
450 0 FBIS3-369 0
450 0 FBIS3-370 0
450 0 FBIS3-373 0
450 0 FBIS3-375 0
450 0 FBIS3-377 0
450 0 FBIS3-37947 0
450 0 FBIS3-382 0
450 0 FBIS3-384 0
450 0 FBIS3-391 0
450 0 FBIS3-401 0
450 0 FBIS3-40194 0
450 0 FBIS3-40450 0
450 0 FBIS3-40710 0
450 0 FBIS3-40752 1
450 0 FBIS3-411 0
450 0 FBIS3-414 0
450 0 FBIS3-421 0
450 0 FBIS3-42393 0
450 0 FBIS3-424 0
450 0 FBIS3-42400 0
450 0 FBIS3-42872 0
450 0 FBIS3-42984 0
450 0 FBIS3-43022 0
450 0 FBIS3-43120 0
450 0 FBIS3-43142 0
450 0 FBIS3-43151 1
450 0 FBIS3-43160 0
450 0 FBIS3-43174 0
450 0 FBIS3-43196 0
450 0 FBIS3-43205 1
450 0 FBIS3-43214 0
450 0 FBIS3-43568 0
450 0 FBIS3-442 0
450 0 FBIS3-44266 0
450 0 FBIS3-46142 0
450 0 FBIS3-482 0
450 0 FBIS3-484 0
450 0 FBIS3-498 0
450 0 FBIS3-513 0
450 0 FBIS3-52104 0
450 0 FBIS3-52111 1
450 0 FBIS3-52112 0
450 0 FBIS3-52165 1
450 0 FBIS3-52227 1
450 0 FBIS3-52235 1
450 0 FBIS3-52318 1
450 0 FBIS3-52319 1
450 0 FBIS3-52320 1
450 0 FBIS3-52322 0
450 0 FBIS3-52329 0
450 0 FBIS3-52333 0
450 0 FBIS3-52334 1
450 0 FBIS3-52401 1
450 0 FBIS3-52402 1
450 0 FBIS3-52411 1
450 0 FBIS3-52453 1
450 0 FBIS3-52456 1
450 0 FBIS3-52462 1
450 0 FBIS3-525 0
450 0 FBIS3-52517 0
450 0 FBIS3-52523 0
450 0 FBIS3-52563 0
450 0 FBIS3-52583 1
450 0 FBIS3-52595 1
450 0 FBIS3-52603 1
450 0 FBIS3-52605 1
450 0 FBIS3-52615 1
450 0 FBIS3-52617 1
450 0 FBIS3-52659 1
450 0 FBIS3-52669 0
450 0 FBIS3-52693 1
450 0 FBIS3-52736 1
450 0 FBIS3-52737 0
450 0 FBIS3-52743 1
450 0 FBIS3-52783 0
450 0 FBIS3-52785 1
450 0 FBIS3-52795 0
450 0 FBIS3-52900 1
450 0 FBIS3-53056 0
450 0 FBIS3-53059 1
450 0 FBIS3-53106 1
450 0 FBIS3-53170 0
450 0 FBIS3-53281 1
450 0 FBIS3-53294 0
450 0 FBIS3-53591 1
450 0 FBIS3-53595 1
450 0 FBIS3-53596 0
450 0 FBIS3-539 0
450 0 FBIS3-53947 0
450 0 FBIS3-53957 0
450 0 FBIS3-53974 1
450 0 FBIS3-54176 0
450 0 FBIS3-54187 1
450 0 FBIS3-54188 0
450 0 FBIS3-54189 0
450 0 FBIS3-54192 1
450 0 FBIS3-54274 0
450 0 FBIS3-54310 0
450 0 FBIS3-54397 1
450 0 FBIS3-54400 1
450 0 FBIS3-54404 0
450 0 FBIS3-54460 0
450 0 FBIS3-54461 0
450 0 FBIS3-545 0
450 0 FBIS3-54518 1
450 0 FBIS3-54520 1
450 0 FBIS3-54521 0
450 0 FBIS3-54527 1
450 0 FBIS3-54529 0
450 0 FBIS3-54545 1
450 0 FBIS3-54549 1
450 0 FBIS3-54574 1
450 0 FBIS3-54578 1
450 0 FBIS3-54608 1
450 0 FBIS3-555 0
450 0 FBIS3-557 0
450 0 FBIS3-569 0
450 0 FBIS3-58 0
450 0 FBIS3-59837 0
450 0 FBIS3-60336 0
450 0 FBIS3-60649 0
450 0 FBIS3-60838 0
450 0 FBIS3-610 0
450 0 FBIS3-61335 0
450 0 FBIS3-61336 0
450 0 FBIS3-619 0
450 0 FBIS3-67 0
450 0 FBIS3-689 0
450 0 FBIS3-707 0
450 0 FBIS3-708 0
450 0 FBIS3-709 0
450 0 FBIS3-723 0
450 0 FBIS3-724 0
450 0 FBIS3-725 0
450 0 FBIS3-756 0
450 0 FBIS3-759 0
450 0 FBIS3-761 0
450 0 FBIS3-782 0
450 0 FBIS3-808 0
450 0 FBIS3-833 0
450 0 FBIS3-836 0
450 0 FBIS3-847 0
450 0 FBIS3-849 0
450 0 FBIS3-862 0
450 0 FBIS3-868 0
450 0 FBIS3-889 0
450 0 FBIS3-898 0
450 0 FBIS3-911 0
450 0 FBIS3-913 0
450 0 FBIS3-920 0
450 0 FBIS3-963 0
450 0 FBIS3-977 0
450 0 FBIS3-978 0
450 0 FBIS3-979 0
450 0 FBIS4-11284 0
450 0 FBIS4-11706 1
450 0 FBIS4-11803 1
450 0 FBIS4-11807 1
450 0 FBIS4-11918 1
450 0 FBIS4-11922 1
450 0 FBIS4-11923 0
450 0 FBIS4-11925 1
450 0 FBIS4-12036 0
450 0 FBIS4-12039 1
450 0 FBIS4-12040 0
450 0 FBIS4-12094 0
450 0 FBIS4-12108 0
450 0 FBIS4-12110 1
450 0 FBIS4-12112 1
450 0 FBIS4-12116 1
450 0 FBIS4-12196 1
450 0 FBIS4-12601 0
450 0 FBIS4-12680 1
450 0 FBIS4-12681 1
450 0 FBIS4-12683 1
450 0 FBIS4-12724 0
450 0 FBIS4-12778 1
450 0 FBIS4-12782 1
450 0 FBIS4-12785 1
450 0 FBIS4-12807 1
450 0 FBIS4-12810 1
450 0 FBIS4-12893 1
450 0 FBIS4-12896 1
450 0 FBIS4-12897 1
450 0 FBIS4-12905 0
450 0 FBIS4-12929 1
450 0 FBIS4-12949 1
450 0 FBIS4-12952 1
450 0 FBIS4-13015 1
450 0 FBIS4-13139 0
450 0 FBIS4-13164 0
450 0 FBIS4-13169 0
450 0 FBIS4-13242 1
450 0 FBIS4-13243 0
450 0 FBIS4-13298 1
450 0 FBIS4-13394 1
450 0 FBIS4-13397 0
450 0 FBIS4-13413 0
450 0 FBIS4-13415 1
450 0 FBIS4-13520 0
450 0 FBIS4-13580 1
450 0 FBIS4-13582 1
450 0 FBIS4-13603 0
450 0 FBIS4-13605 1
450 0 FBIS4-13611 1
450 0 FBIS4-13739 1
450 0 FBIS4-13805 0
450 0 FBIS4-13911 1
450 0 FBIS4-13937 1
450 0 FBIS4-14054 1
450 0 FBIS4-14055 1
450 0 FBIS4-14057 1
450 0 FBIS4-14061 0
450 0 FBIS4-14076 1
450 0 FBIS4-14187 1
450 0 FBIS4-14274 0
450 0 FBIS4-14359 1
450 0 FBIS4-14886 0
450 0 FBIS4-15480 1
450 0 FBIS4-16 0
450 0 FBIS4-19 0
450 0 FBIS4-20504 0
450 0 FBIS4-20569 0
450 0 FBIS4-22152 0
450 0 FBIS4-22629 0
450 0 FBIS4-23114 0
450 0 FBIS4-23130 1
450 0 FBIS4-23131 0
450 0 FBIS4-25261 0
450 0 FBIS4-29 0
450 0 FBIS4-31787 0
450 0 FBIS4-3314 0
450 0 FBIS4-35189 0
450 0 FBIS4-35240 0
450 0 FBIS4-35414 0
450 0 FBIS4-35416 0
450 0 FBIS4-35538 0
450 0 FBIS4-35811 0
450 0 FBIS4-35849 0
450 0 FBIS4-35855 1
450 0 FBIS4-35876 1
450 0 FBIS4-35878 0
450 0 FBIS4-36050 1
450 0 FBIS4-36094 0
450 0 FBIS4-36239 0
450 0 FBIS4-36487 0
450 0 FBIS4-36489 1
450 0 FBIS4-36490 0
450 0 FBIS4-36533 0
450 0 FBIS4-36535 0
450 0 FBIS4-36616 1
450 0 FBIS4-36684 0
450 0 FBIS4-36733 0
450 0 FBIS4-36760 1
450 0 FBIS4-36953 1
450 0 FBIS4-36956 0
450 0 FBIS4-3708 0
450 0 FBIS4-37108 0
450 0 FBIS4-37116 0
450 0 FBIS4-37197 0
450 0 FBIS4-37222 0
450 0 FBIS4-37347 1
450 0 FBIS4-37360 0
450 0 FBIS4-37430 1
450 0 FBIS4-37431 1
450 0 FBIS4-37456 0
450 0 FBIS4-37480 1
450 0 FBIS4-37482 1
450 0 FBIS4-37496 0
450 0 FBIS4-37518 1
450 0 FBIS4-37519 1
450 0 FBIS4-37630 0
450 0 FBIS4-37686 1
450 0 FBIS4-37687 1
450 0 FBIS4-37688 1
450 0 FBIS4-37691 1
450 0 FBIS4-37770 1
450 0 FBIS4-37778 0
450 0 FBIS4-37785 1
450 0 FBIS4-37786 1
450 0 FBIS4-37787 1
450 0 FBIS4-37788 1
450 0 FBIS4-37789 0
450 0 FBIS4-37832 1
450 0 FBIS4-37923 1
450 0 FBIS4-37924 1
450 0 FBIS4-37926 1
450 0 FBIS4-37927 0
450 0 FBIS4-37999 1
450 0 FBIS4-38007 1
450 0 FBIS4-38159 1
450 0 FBIS4-38257 0
450 0 FBIS4-38620 0
450 0 FBIS4-3884 0
450 0 FBIS4-42 0
450 0 FBIS4-44892 0
450 0 FBIS4-44912 0
450 0 FBIS4-45041 0
450 0 FBIS4-45072 1
450 0 FBIS4-46889 0
450 0 FBIS4-47014 0
450 0 FBIS4-47629 0
450 0 FBIS4-47640 0
450 0 FBIS4-48 1
450 0 FBIS4-48775 0
450 0 FBIS4-48905 0
450 0 FBIS4-50537 0
450 0 FBIS4-51595 0
450 0 FBIS4-51932 0
450 0 FBIS4-52039 0
450 0 FBIS4-52042 0
450 0 FBIS4-52043 0
450 0 FBIS4-52156 0
450 0 FBIS4-5246 0
450 0 FBIS4-52754 0
450 0 FBIS4-52807 0
450 0 FBIS4-57237 0
450 0 FBIS4-57999 0
450 0 FBIS4-58121 0
450 0 FBIS4-58128 0
450 0 FBIS4-58184 1
450 0 FBIS4-58228 0
450 0 FBIS4-58310 1
450 0 FBIS4-58408 0
450 0 FBIS4-58514 0
450 0 FBIS4-58519 1
450 0 FBIS4-58584 0
450 0 FBIS4-58585 0
450 0 FBIS4-58644 1
450 0 FBIS4-58646 1
450 0 FBIS4-58653 0
450 0 FBIS4-58786 0
450 0 FBIS4-58796 1
450 0 FBIS4-59138 0
450 0 FBIS4-59198 0
450 0 FBIS4-59275 0
450 0 FBIS4-59460 0
450 0 FBIS4-59607 0
450 0 FBIS4-59718 1
450 0 FBIS4-59773 0
450 0 FBIS4-59810 0
450 0 FBIS4-59824 1
450 0 FBIS4-59933 1
450 0 FBIS4-59977 0
450 0 FBIS4-60169 1
450 0 FBIS4-60172 1
450 0 FBIS4-60552 0
450 0 FBIS4-60575 0
450 0 FBIS4-60740 0
450 0 FBIS4-60751 0
450 0 FBIS4-6284 0
450 0 FBIS4-65646 0
450 0 FBIS4-66308 0
450 0 FBIS4-66461 0
450 0 FBIS4-6717 0
450 0 FBIS4-67533 0
450 0 FBIS4-67877 0
450 0 FBIS4-68220 0
450 0 FBIS4-68275 0
450 0 FBIS4-68579 0
450 0 FBIS4-68893 0
450 0 FBIS4-8556 0
450 0 FBIS4-9292 0
450 0 FBIS4-993 0
450 0 FR940104-0-00034 0
450 0 FR940104-1-00050 0
450 0 FR940105-2-00109 0
450 0 FR940111-2-00049 0
450 0 FR940112-1-00044 0
450 0 FR940119-2-00067 0
450 0 FR940127-2-00018 0
450 0 FR940202-2-00072 0
450 0 FR940203-0-00084 0
450 0 FR940216-2-00036 0
450 0 FR940224-2-00034 0
450 0 FR940302-2-00082 0
450 0 FR940314-1-00041 0
450 0 FR940406-0-00190 0
450 0 FR940413-2-00079 0
450 0 FR940413-2-00130 0
450 0 FR940418-0-00025 0
450 0 FR940527-0-00059 0
450 0 FR940602-1-00023 0
450 0 FR940622-2-00075 0
450 0 FR940706-2-00126 0
450 0 FR940712-1-00027 0
450 0 FR940803-2-00061 0
450 0 FR940812-2-00229 0
450 0 FR940812-2-00240 0
450 0 FR940812-2-00243 0
450 0 FR940817-0-00077 0
450 0 FR940817-2-00213 0
450 0 FR940822-0-00067 0
450 0 FR940902-1-00048 0
450 0 FR940920-1-00116 0
450 0 FR940927-0-00113 0
450 0 FR941012-2-00106 0
450 0 FR941019-2-00006 0
450 0 FR941026-2-00082 0
450 0 FR941027-1-00030 0
450 0 FR941117-2-00158 0
450 0 FR941130-0-00122 0
450 0 FR941207-2-00068 0
450 0 FR941221-2-00021 0
450 0 FR941221-2-00104 0
450 0 FT911-1699 0
450 0 FT911-1921 0
450 0 FT911-223 0
450 0 FT911-2679 0
450 0 FT911-2770 0
450 0 FT911-2775 0
450 0 FT911-2971 0
450 0 FT911-305 0
450 0 FT911-3545 0
450 0 FT911-3549 0
450 0 FT911-4571 0
450 0 FT911-4579 0
450 0 FT911-4872 0
450 0 FT911-5083 0
450 0 FT911-5204 0
450 0 FT911-563 0
450 0 FT911-572 0
450 0 FT921-10199 0
450 0 FT921-10402 0
450 0 FT921-11203 0
450 0 FT921-11725 1
450 0 FT921-12212 0
450 0 FT921-12288 0
450 0 FT921-12322 1
450 0 FT921-13402 0
450 0 FT921-13650 0
450 0 FT921-14938 0
450 0 FT921-15669 0
450 0 FT921-16070 0
450 0 FT921-5046 0
450 0 FT921-6843 0
450 0 FT921-7455 0
450 0 FT921-7789 0
450 0 FT922-1814 0
450 0 FT922-3426 0
450 0 FT922-7694 0
450 0 FT922-7914 0
450 0 FT922-8810 0
450 0 FT922-988 0
450 0 FT923-11892 0
450 0 FT923-12210 0
450 0 FT923-12577 1
450 0 FT923-13005 0
450 0 FT923-4918 0
450 0 FT923-4963 0
450 0 FT923-5057 0
450 0 FT923-549 0
450 0 FT923-6511 0
450 0 FT923-6936 0
450 0 FT923-7494 0
450 0 FT923-8496 0
450 0 FT923-9042 0
450 0 FT924-11499 0
450 0 FT924-1173 1
450 0 FT924-13548 0
450 0 FT924-16123 0
450 0 FT924-2315 0
450 0 FT924-3618 0
450 0 FT924-4568 0
450 0 FT924-5355 0
450 0 FT924-7830 0
450 0 FT924-8278 0
450 0 FT924-8487 0
450 0 FT924-8741 0
450 0 FT924-9214 0
450 0 FT931-11213 0
450 0 FT931-11946 0
450 0 FT931-13491 0
450 0 FT931-14433 0
450 0 FT931-14924 0
450 0 FT931-15237 0
450 0 FT931-15892 0
450 0 FT931-4532 0
450 0 FT931-4706 0
450 0 FT931-654 0
450 0 FT931-8210 0
450 0 FT932-11363 0
450 0 FT932-12276 0
450 0 FT932-13488 0
450 0 FT932-14542 0
450 0 FT932-15174 0
450 0 FT932-15394 0
450 0 FT932-16557 0
450 0 FT932-16676 0
450 0 FT932-2867 0
450 0 FT932-3355 1
450 0 FT932-4971 0
450 0 FT933-13838 0
450 0 FT933-14955 0
450 0 FT933-15313 0
450 0 FT933-1644 0
450 0 FT933-1645 0
450 0 FT933-1933 1
450 0 FT933-2300 0
450 0 FT933-236 0
450 0 FT933-239 0
450 0 FT933-2753 0
450 0 FT933-3012 0
450 0 FT933-3015 0
450 0 FT933-3235 0
450 0 FT933-3260 0
450 0 FT933-3296 0
450 0 FT933-3501 0
450 0 FT933-3506 0
450 0 FT933-3510 0
450 0 FT933-3557 0
450 0 FT933-3603 0
450 0 FT933-3696 0
450 0 FT933-3881 0
450 0 FT933-4181 0
450 0 FT933-4698 0
450 0 FT933-496 1
450 0 FT933-499 1
450 0 FT933-5087 1
450 0 FT933-5745 0
450 0 FT933-5750 0
450 0 FT933-5873 0
450 0 FT933-5981 0
450 0 FT933-6059 0
450 0 FT933-6171 0
450 0 FT933-7886 0
450 0 FT933-8100 0
450 0 FT933-9888 0
450 0 FT934-10069 0
450 0 FT934-10071 1
450 0 FT934-10273 1
450 0 FT934-11001 0
450 0 FT934-11565 0
450 0 FT934-11785 0
450 0 FT934-13612 0
450 0 FT934-13841 0
450 0 FT934-13862 0
450 0 FT934-16338 0
450 0 FT934-16564 0
450 0 FT934-16850 0
450 0 FT934-17208 0
450 0 FT934-2027 0
450 0 FT934-2279 0
450 0 FT934-3037 0
450 0 FT934-3419 0
450 0 FT934-3479 0
450 0 FT934-3699 0
450 0 FT934-3895 0
450 0 FT934-3985 0
450 0 FT934-4124 0
450 0 FT934-4868 0
450 0 FT934-5293 0
450 0 FT934-5706 0
450 0 FT934-6211 0
450 0 FT934-9101 1
450 0 FT934-9632 0
450 0 FT934-983 0
450 0 FT941-10375 0
450 0 FT941-13161 0
450 0 FT941-13673 0
450 0 FT941-14794 0
450 0 FT941-14918 0
450 0 FT941-15035 0
450 0 FT941-15220 0
450 0 FT941-15639 0
450 0 FT941-17162 0
450 0 FT941-17383 0
450 0 FT941-1758 0
450 0 FT941-17740 0
450 0 FT941-2606 0
450 0 FT941-4503 0
450 0 FT941-6548 0
450 0 FT941-6890 0
450 0 FT941-8086 0
450 0 FT941-8318 0
450 0 FT941-8520 0
450 0 FT941-9004 0
450 0 FT942-11348 0
450 0 FT942-11653 0
450 0 FT942-12064 0
450 0 FT942-12442 0
450 0 FT942-15000 0
450 0 FT942-15032 1
450 0 FT942-16836 0
450 0 FT942-4856 0
450 0 FT942-4898 0
450 0 FT942-5090 0
450 0 FT942-8776 0
450 0 FT942-9492 0
450 0 FT943-10053 0
450 0 FT943-11248 1
450 0 FT943-11954 0
450 0 FT943-12137 0
450 0 FT943-12167 1
450 0 FT943-12373 0
450 0 FT943-12381 0
450 0 FT943-12422 1
450 0 FT943-12733 1
450 0 FT943-12946 1
450 0 FT943-13396 0
450 0 FT943-13705 1
450 0 FT943-13880 0
450 0 FT943-16532 0
450 0 FT943-16550 0
450 0 FT943-284 0
450 0 FT943-4318 1
450 0 FT943-4361 0
450 0 FT943-6021 0
450 0 FT943-6412 1
450 0 FT943-7195 0
450 0 FT943-9341 0
450 0 FT943-9492 0
450 0 FT943-9495 1
450 0 FT943-9561 0
450 0 FT943-9691 0
450 0 FT943-9932 1
450 0 FT944-12268 1
450 0 FT944-12775 0
450 0 FT944-13220 0
450 0 FT944-13318 0
450 0 FT944-13340 0
450 0 FT944-13604 0
450 0 FT944-13789 0
450 0 FT944-14204 1
450 0 FT944-15627 0
450 0 FT944-16188 1
450 0 FT944-16683 0
450 0 FT944-16954 0
450 0 FT944-17029 0
450 0 FT944-1732 0
450 0 FT944-2266 0
450 0 FT944-2376 0
450 0 FT944-2538 0
450 0 FT944-2707 0
450 0 FT944-277 0
450 0 FT944-4043 0
450 0 FT944-429 0
450 0 FT944-437 0
450 0 FT944-6889 0
450 0 FT944-7094 0
450 0 FT944-7263 0
450 0 FT944-831 0
450 0 FT944-912 0
450 0 LA010389-0095 0
450 0 LA010690-0090 0
450 0 LA010790-0040 0
450 0 LA011189-0092 0
450 0 LA011290-0082 0
450 0 LA011589-0005 0
450 0 LA012190-0121 0
450 0 LA012589-0023 0
450 0 LA012590-0142 0
450 0 LA020189-0116 0
450 0 LA020289-0054 0
450 0 LA020689-0097 1
450 0 LA022089-0015 0
450 0 LA022289-0054 1
450 0 LA022490-0050 0
450 0 LA030490-0206 0
450 0 LA030490-0245 0
450 0 LA030589-0003 0
450 0 LA030589-0192 0
450 0 LA030689-0021 0
450 0 LA030690-0120 0
450 0 LA030690-0169 0
450 0 LA030889-0088 0
450 0 LA030889-0092 0
450 0 LA031489-0028 0
450 0 LA032789-0055 0
450 0 LA033190-0069 0
450 0 LA040289-0101 0
450 0 LA040390-0120 0
450 0 LA040489-0043 0
450 0 LA040490-0001 0
450 0 LA040689-0062 0
450 0 LA040690-0011 0
450 0 LA040889-0046 1
450 0 LA041189-0064 0
450 0 LA041289-0084 0
450 0 LA041389-0010 1
450 0 LA041589-0035 0
450 0 LA042089-0209 0
450 0 LA042289-0128 0
450 0 LA042389-0081 0
450 0 LA042489-0053 0
450 0 LA042489-0102 0
450 0 LA042789-0058 0
450 0 LA042889-0143 0
450 0 LA050190-0113 0
450 0 LA050490-0171 0
450 0 LA051989-0015 1
450 0 LA052389-0098 0
450 0 LA052389-0102 0
450 0 LA053190-0261 0
450 0 LA060390-0032 0
450 0 LA061490-0077 0
450 0 LA061690-0049 0
450 0 LA062290-0005 0
450 0 LA071589-0050 0
450 0 LA072090-0039 0
450 0 LA072590-0044 0
450 0 LA072690-0119 0
450 0 LA072990-0036 0
450 0 LA080290-0037 0
450 0 LA080290-0182 0
450 0 LA080390-0052 0
450 0 LA080390-0097 0
450 0 LA080390-0100 0
450 0 LA080390-0166 0
450 0 LA080390-0193 0
450 0 LA080490-0004 0
450 0 LA080490-0039 0
450 0 LA080590-0140 0
450 0 LA080590-0147 0
450 0 LA080690-0031 0
450 0 LA080790-0057 0
450 0 LA080890-0149 0
450 0 LA080990-0093 0
450 0 LA081090-0021 0
450 0 LA081190-0083 0
450 0 LA081290-0054 0
450 0 LA081290-0118 0
450 0 LA081290-0149 0
450 0 LA081290-0163 0
450 0 LA081390-0007 0
450 0 LA081490-0007 0
450 0 LA081490-0029 0
450 0 LA081490-0150 0
450 0 LA081590-0009 0
450 0 LA081590-0073 0
450 0 LA081590-0151 0
450 0 LA081590-0172 0
450 0 LA081690-0050 0
450 0 LA081690-0058 0
450 0 LA081890-0020 0
450 0 LA081890-0088 0
450 0 LA081989-0056 0
450 0 LA081990-0065 0
450 0 LA082190-0007 0
450 0 LA082190-0017 0
450 0 LA082190-0085 0
450 0 LA082190-0088 0
450 0 LA082190-0149 0
450 0 LA082290-0085 0
450 0 LA082390-0154 1
450 0 LA082390-0225 0
450 0 LA082490-0156 0
450 0 LA082590-0056 0
450 0 LA082590-0057 0
450 0 LA082690-0062 0
450 0 LA082690-0076 0
450 0 LA082789-0102 0
450 0 LA082790-0043 0
450 0 LA082790-0067 0
450 0 LA082890-0021 0
450 0 LA082890-0088 0
450 0 LA082990-0064 0
450 0 LA083090-0078 0
450 0 LA083090-0080 0
450 0 LA083190-0119 0
450 0 LA090190-0075 0
450 0 LA090190-0080 0
450 0 LA090190-0081 0
450 0 LA090290-0037 0
450 0 LA090290-0167 0
450 0 LA090390-0024 0
450 0 LA090490-0093 0
450 0 LA090490-0097 0
450 0 LA090690-0093 0
450 0 LA090690-0097 0
450 0 LA090790-0027 0
450 0 LA090790-0137 0
450 0 LA090989-0088 0
450 0 LA090990-0032 0
450 0 LA090990-0180 0
450 0 LA091190-0051 0
450 0 LA091490-0059 0
450 0 LA091490-0069 0
450 0 LA091590-0046 0
450 0 LA091690-0025 0
450 0 LA091690-0154 0
450 0 LA091690-0162 0
450 0 LA091889-0110 0
450 0 LA091990-0067 0
450 0 LA092090-0156 0
450 0 LA092190-0053 0
450 0 LA092289-0093 0
450 0 LA092290-0079 0
450 0 LA092390-0215 0
450 0 LA092890-0100 0
450 0 LA092989-0106 0
450 0 LA092990-0025 0
450 0 LA092990-0090 0
450 0 LA092990-0141 0
450 0 LA093090-0075 0
450 0 LA093090-0206 0
450 0 LA100290-0117 0
450 0 LA100290-0118 0
450 0 LA100390-0009 0
450 0 LA100590-0052 0
450 0 LA100690-0121 0
450 0 LA100690-0122 0
450 0 LA100790-0057 0
450 0 LA100790-0143 0
450 0 LA100890-0002 1
450 0 LA100890-0074 0
450 0 LA100990-0059 0
450 0 LA101090-0034 0
450 0 LA101090-0066 0
450 0 LA101090-0098 0
450 0 LA101190-0080 0
450 0 LA101190-0195 0
450 0 LA101590-0073 0
450 0 LA101690-0042 0
450 0 LA101690-0044 0
450 0 LA101690-0159 0
450 0 LA101790-0045 0
450 0 LA101890-0049 0
450 0 LA101890-0059 0
450 0 LA101990-0027 0
450 0 LA102090-0163 0
450 0 LA102190-0152 0
450 0 LA102589-0049 0
450 0 LA102790-0136 0
450 0 LA102790-0137 0
450 0 LA102890-0170 0
450 0 LA103190-0033 0
450 0 LA110190-0063 0
450 0 LA110690-0017 0
450 0 LA110690-0084 0
450 0 LA110790-0021 0
450 0 LA111090-0104 0
450 0 LA111090-0152 0
450 0 LA111189-0074 0
450 0 LA111190-0067 0
450 0 LA111190-0183 0
450 0 LA111289-0203 0
450 0 LA111290-0017 0
450 0 LA111290-0065 0
450 0 LA111490-0106 0
450 0 LA111689-0151 0
450 0 LA111690-0052 0
450 0 LA111890-0093 0
450 0 LA111890-0094 0
450 0 LA112390-0078 0
450 0 LA112590-0223 0
450 0 LA112790-0061 0
450 0 LA112890-0016 0
450 0 LA112990-0122 0
450 0 LA120290-0086 0
450 0 LA120290-0130 0
450 0 LA120290-0218 0
450 0 LA120390-0004 0
450 0 LA120390-0107 0
450 0 LA120690-0021 0
450 0 LA120790-0110 0
450 0 LA120790-0147 0
450 0 LA120990-0075 0
450 0 LA120990-0181 0
450 0 LA121089-0244 0
450 0 LA121089-0245 0
450 0 LA121190-0027 0
450 0 LA121290-0007 0
450 0 LA121589-0028 0
450 0 LA121590-0052 0
450 0 LA121590-0059 0
450 0 LA121690-0109 0
450 0 LA121690-0158 0
450 0 LA121690-0162 0
450 0 LA121790-0057 0
450 0 LA121790-0076 0
450 0 LA122090-0244 0
450 0 LA122190-0054 0
450 0 LA122190-0149 0
450 0 LA122190-0156 0
450 0 LA122290-0076 0
450 0 LA122390-0161 0
450 0 LA122590-0067 0
450 0 LA122689-0076 0
450 0 LA122690-0027 0
450 0 LA122690-0033 0
450 0 LA122690-0098 0
450 0 LA122789-0134 0
450 0 LA122790-0073 0
450 0 LA122790-0080 0
450 0 LA122790-0206 0
450 0 LA122890-0084 0
450 0 LA122990-0048 0
450 0 LA122990-0074 0
450 0 LA122990-0076 0
450 0 LA123090-0056 0
450 0 LA123090-0138 0
450 0 LA123090-0146 0
450 0 LA123090-0176 0
450 0 LA123090-0195 0
450 0 LA123190-0061 0
