416 0 FBIS3-10 0
416 0 FBIS3-10291 0
416 0 FBIS3-10550 0
416 0 FBIS3-11069 0
416 0 FBIS3-1135 0
416 0 FBIS3-14600 0
416 0 FBIS3-14976 0
416 0 FBIS3-15267 0
416 0 FBIS3-15567 0
416 0 FBIS3-1617 0
416 0 FBIS3-1651 0
416 0 FBIS3-1667 0
416 0 FBIS3-1682 0
416 0 FBIS3-17115 0
416 0 FBIS3-1721 0
416 0 FBIS3-1728 0
416 0 FBIS3-1737 0
416 0 FBIS3-1750 0
416 0 FBIS3-1751 0
416 0 FBIS3-17566 0
416 0 FBIS3-17570 0
416 0 FBIS3-17689 0
416 0 FBIS3-17696 0
416 0 FBIS3-17853 0
416 0 FBIS3-17856 0
416 0 FBIS3-1790 0
416 0 FBIS3-17940 0
416 0 FBIS3-17992 0
416 0 FBIS3-17993 0
416 0 FBIS3-181 0
416 0 FBIS3-1833 0
416 0 FBIS3-18383 0
416 0 FBIS3-18443 0
416 0 FBIS3-1847 0
416 0 FBIS3-1850 0
416 0 FBIS3-1861 0
416 0 FBIS3-1863 0
416 0 FBIS3-1876 0
416 0 FBIS3-1946 0
416 0 FBIS3-1953 0
416 0 FBIS3-1983 0
416 0 FBIS3-1985 0
416 0 FBIS3-1992 0
416 0 FBIS3-2007 0
416 0 FBIS3-20300 0
416 0 FBIS3-2039 0
416 0 FBIS3-20417 0
416 0 FBIS3-20441 0
416 0 FBIS3-20483 1
416 0 FBIS3-2052 0
416 0 FBIS3-206 0
416 0 FBIS3-20609 0
416 0 FBIS3-20610 0
416 0 FBIS3-20615 0
416 0 FBIS3-20620 0
416 0 FBIS3-20621 0
416 0 FBIS3-20622 0
416 0 FBIS3-20623 0
416 0 FBIS3-20626 0
416 0 FBIS3-20631 0
416 0 FBIS3-20655 0
416 0 FBIS3-20661 0
416 0 FBIS3-20665 0
416 0 FBIS3-2071 0
416 0 FBIS3-2077 0
416 0 FBIS3-20797 0
416 0 FBIS3-2081 0
416 0 FBIS3-2095 0
416 0 FBIS3-20973 0
416 0 FBIS3-21023 0
416 0 FBIS3-21185 0
416 0 FBIS3-21193 0
416 0 FBIS3-21237 0
416 0 FBIS3-21332 0
416 0 FBIS3-21340 0
416 0 FBIS3-21715 0
416 0 FBIS3-22208 0
416 0 FBIS3-22273 0
416 0 FBIS3-22373 1
416 0 FBIS3-22400 0
416 0 FBIS3-22417 0
416 0 FBIS3-22429 0
416 0 FBIS3-2313 0
416 0 FBIS3-23591 0
416 0 FBIS3-2364 0
416 0 FBIS3-24469 0
416 0 FBIS3-24523 0
416 0 FBIS3-24619 0
416 0 FBIS3-24648 0
416 0 FBIS3-24654 0
416 0 FBIS3-24678 0
416 0 FBIS3-2519 0
416 0 FBIS3-2527 0
416 0 FBIS3-25806 0
416 0 FBIS3-25902 0
416 0 FBIS3-25917 0
416 0 FBIS3-26 0
416 0 FBIS3-26006 0
416 0 FBIS3-26101 0
416 0 FBIS3-26110 0
416 0 FBIS3-26226 0
416 0 FBIS3-26264 0
416 0 FBIS3-26280 0
416 0 FBIS3-26332 0
416 0 FBIS3-26353 0
416 0 FBIS3-26464 0
416 0 FBIS3-26518 0
416 0 FBIS3-26591 0
416 0 FBIS3-26638 0
416 0 FBIS3-26679 0
416 0 FBIS3-26700 0
416 0 FBIS3-26764 0
416 0 FBIS3-26918 0
416 0 FBIS3-27023 0
416 0 FBIS3-27032 0
416 0 FBIS3-27099 0
416 0 FBIS3-27130 0
416 0 FBIS3-27257 0
416 0 FBIS3-27272 0
416 0 FBIS3-2735 0
416 0 FBIS3-27460 0
416 0 FBIS3-27529 0
416 0 FBIS3-27595 0
416 0 FBIS3-27602 0
416 0 FBIS3-27614 0
416 0 FBIS3-27632 0
416 0 FBIS3-27894 0
416 0 FBIS3-2813 0
416 0 FBIS3-2814 0
416 0 FBIS3-2815 0
416 0 FBIS3-2822 0
416 0 FBIS3-2837 0
416 0 FBIS3-2921 0
416 0 FBIS3-29339 0
416 0 FBIS3-29390 0
416 0 FBIS3-29527 0
416 0 FBIS3-29918 0
416 0 FBIS3-3024 0
416 0 FBIS3-31481 0
416 0 FBIS3-31965 0
416 0 FBIS3-32000 0
416 0 FBIS3-32583 0
416 0 FBIS3-32793 0
416 0 FBIS3-32893 0
416 0 FBIS3-33991 0
416 0 FBIS3-3406 0
416 0 FBIS3-34344 0
416 0 FBIS3-34835 0
416 0 FBIS3-34915 0
416 0 FBIS3-3497 0
416 0 FBIS3-35 0
416 0 FBIS3-3511 0
416 0 FBIS3-3515 0
416 0 FBIS3-3516 0
416 0 FBIS3-3552 1
416 0 FBIS3-35784 0
416 0 FBIS3-36085 0
416 0 FBIS3-3700 0
416 0 FBIS3-3706 0
416 0 FBIS3-37947 0
416 0 FBIS3-3833 0
416 0 FBIS3-3872 0
416 0 FBIS3-3918 0
416 0 FBIS3-3937 0
416 0 FBIS3-40144 0
416 0 FBIS3-40202 0
416 0 FBIS3-40204 0
416 0 FBIS3-40231 0
416 0 FBIS3-40400 0
416 0 FBIS3-40517 0
416 0 FBIS3-40554 0
416 0 FBIS3-40751 0
416 0 FBIS3-40837 0
416 0 FBIS3-4085 0
416 0 FBIS3-4088 0
416 0 FBIS3-41309 0
416 0 FBIS3-4137 0
416 0 FBIS3-41481 0
416 0 FBIS3-41606 0
416 0 FBIS3-41954 0
416 0 FBIS3-4197 0
416 0 FBIS3-42059 0
416 0 FBIS3-42250 0
416 0 FBIS3-42393 0
416 0 FBIS3-42400 0
416 0 FBIS3-42459 0
416 0 FBIS3-4252 0
416 0 FBIS3-4253 0
416 0 FBIS3-4268 0
416 0 FBIS3-42934 0
416 0 FBIS3-42985 0
416 0 FBIS3-43023 0
416 0 FBIS3-43120 0
416 0 FBIS3-43142 0
416 0 FBIS3-43160 0
416 0 FBIS3-43166 0
416 0 FBIS3-43174 0
416 0 FBIS3-43196 0
416 0 FBIS3-43214 0
416 0 FBIS3-43220 0
416 0 FBIS3-4330 0
416 0 FBIS3-43457 0
416 0 FBIS3-43807 0
416 0 FBIS3-4423 0
416 0 FBIS3-44542 1
416 0 FBIS3-44602 0
416 0 FBIS3-44646 0
416 0 FBIS3-44650 0
416 0 FBIS3-44714 0
416 0 FBIS3-44716 0
416 0 FBIS3-44732 0
416 0 FBIS3-44780 0
416 0 FBIS3-45053 0
416 0 FBIS3-45057 0
416 0 FBIS3-45286 0
416 0 FBIS3-45382 0
416 0 FBIS3-45471 0
416 0 FBIS3-45472 0
416 0 FBIS3-45518 0
416 0 FBIS3-45649 0
416 0 FBIS3-45679 0
416 0 FBIS3-45791 0
416 0 FBIS3-45805 0
416 0 FBIS3-45822 1
416 0 FBIS3-45847 0
416 0 FBIS3-45855 0
416 0 FBIS3-45892 0
416 0 FBIS3-45993 0
416 0 FBIS3-46097 0
416 0 FBIS3-46128 0
416 0 FBIS3-46153 0
416 0 FBIS3-46175 0
416 0 FBIS3-46185 0
416 0 FBIS3-46244 0
416 0 FBIS3-46294 0
416 0 FBIS3-46364 0
416 0 FBIS3-46390 0
416 0 FBIS3-46407 0
416 0 FBIS3-46746 0
416 0 FBIS3-46785 0
416 0 FBIS3-46830 0
416 0 FBIS3-46832 0
416 0 FBIS3-46840 0
416 0 FBIS3-47058 0
416 0 FBIS3-47243 0
416 0 FBIS3-47655 0
416 0 FBIS3-47664 0
416 0 FBIS3-48224 0
416 0 FBIS3-4824 0
416 0 FBIS3-48741 0
416 0 FBIS3-48844 0
416 0 FBIS3-493 0
416 0 FBIS3-49634 0
416 0 FBIS3-50350 0
416 0 FBIS3-52057 0
416 0 FBIS3-5296 0
416 0 FBIS3-5299 0
416 0 FBIS3-53253 0
416 0 FBIS3-54460 0
416 0 FBIS3-5472 0
416 0 FBIS3-56188 0
416 0 FBIS3-5739 0
416 0 FBIS3-57683 0
416 0 FBIS3-58 0
416 0 FBIS3-58250 0
416 0 FBIS3-58765 0
416 0 FBIS3-59116 0
416 0 FBIS3-59264 0
416 0 FBIS3-59279 0
416 0 FBIS3-59285 0
416 0 FBIS3-59309 0
416 0 FBIS3-59342 0
416 0 FBIS3-59396 0
416 0 FBIS3-59587 0
416 0 FBIS3-59623 0
416 0 FBIS3-59697 0
416 0 FBIS3-59706 0
416 0 FBIS3-59755 0
416 0 FBIS3-60228 0
416 0 FBIS3-60230 0
416 0 FBIS3-60342 0
416 0 FBIS3-60673 0
416 0 FBIS3-60938 0
416 0 FBIS3-61260 0
416 0 FBIS3-61327 0
416 0 FBIS3-61335 0
416 0 FBIS3-61336 0
416 0 FBIS3-61370 0
416 0 FBIS3-6482 0
416 0 FBIS3-6545 0
416 0 FBIS3-67 0
416 0 FBIS3-6788 0
416 0 FBIS3-69 0
416 0 FBIS3-6987 0
416 0 FBIS3-7113 0
416 0 FBIS3-7395 0
416 0 FBIS3-8135 0
416 0 FBIS3-82 0
416 0 FBIS3-877 0
416 0 FBIS3-9306 0
416 0 FBIS3-932 0
416 0 FBIS3-950 0
416 0 FBIS3-951 0
416 0 FBIS4-10669 0
416 0 FBIS4-11465 0
416 0 FBIS4-11613 0
416 0 FBIS4-13892 0
416 0 FBIS4-14796 0
416 0 FBIS4-14845 0
416 0 FBIS4-15319 0
416 0 FBIS4-15791 0
416 0 FBIS4-16493 0
416 0 FBIS4-1671 0
416 0 FBIS4-1759 0
416 0 FBIS4-1772 0
416 0 FBIS4-17866 0
416 0 FBIS4-17932 0
416 0 FBIS4-18253 0
416 0 FBIS4-1860 0
416 0 FBIS4-1861 0
416 0 FBIS4-1927 0
416 0 FBIS4-19609 0
416 0 FBIS4-20092 0
416 0 FBIS4-2028 0
416 0 FBIS4-2036 0
416 0 FBIS4-20373 0
416 0 FBIS4-20423 0
416 0 FBIS4-20434 0
416 0 FBIS4-2053 0
416 0 FBIS4-20617 0
416 0 FBIS4-20737 0
416 0 FBIS4-2111 0
416 0 FBIS4-2116 0
416 0 FBIS4-2128 0
416 0 FBIS4-21347 0
416 0 FBIS4-21356 0
416 0 FBIS4-21412 0
416 0 FBIS4-2147 0
416 0 FBIS4-2155 0
416 0 FBIS4-21635 0
416 0 FBIS4-2187 0
416 0 FBIS4-2204 0
416 0 FBIS4-2208 0
416 0 FBIS4-22220 0
416 0 FBIS4-22464 0
416 0 FBIS4-2260 0
416 0 FBIS4-23086 0
416 0 FBIS4-2364 0
416 0 FBIS4-2404 0
416 0 FBIS4-2439 0
416 0 FBIS4-24416 0
416 0 FBIS4-24435 0
416 0 FBIS4-24436 0
416 0 FBIS4-24481 0
416 0 FBIS4-24536 0
416 0 FBIS4-24825 0
416 0 FBIS4-2484 0
416 0 FBIS4-2488 0
416 0 FBIS4-25013 0
416 0 FBIS4-25176 0
416 0 FBIS4-25261 0
416 0 FBIS4-25325 0
416 0 FBIS4-25374 0
416 0 FBIS4-25598 0
416 0 FBIS4-25602 0
416 0 FBIS4-25951 0
416 0 FBIS4-26102 0
416 0 FBIS4-26404 0
416 0 FBIS4-26407 0
416 0 FBIS4-26432 0
416 0 FBIS4-26530 0
416 0 FBIS4-26540 0
416 0 FBIS4-26603 0
416 0 FBIS4-26613 0
416 0 FBIS4-26666 0
416 0 FBIS4-26677 0
416 0 FBIS4-26738 0
416 0 FBIS4-26901 0
416 0 FBIS4-26943 0
416 0 FBIS4-27001 0
416 0 FBIS4-27050 0
416 0 FBIS4-27085 0
416 0 FBIS4-2753 0
416 0 FBIS4-27693 0
416 0 FBIS4-28073 0
416 0 FBIS4-2861 0
416 0 FBIS4-29 0
416 0 FBIS4-29995 0
416 0 FBIS4-3093 0
416 0 FBIS4-31031 0
416 0 FBIS4-31197 0
416 0 FBIS4-3121 0
416 0 FBIS4-31932 0
416 0 FBIS4-33116 0
416 0 FBIS4-33173 0
416 0 FBIS4-3411 0
416 0 FBIS4-3488 0
416 0 FBIS4-35153 0
416 0 FBIS4-36261 0
416 0 FBIS4-36743 0
416 0 FBIS4-3731 0
416 0 FBIS4-3736 0
416 0 FBIS4-37902 0
416 0 FBIS4-38447 0
416 0 FBIS4-38449 0
416 0 FBIS4-38451 0
416 0 FBIS4-38483 0
416 0 FBIS4-39186 0
416 0 FBIS4-39321 0
416 0 FBIS4-39353 0
416 0 FBIS4-4067 0
416 0 FBIS4-41050 0
416 0 FBIS4-4231 0
416 0 FBIS4-4248 0
416 0 FBIS4-4262 1
416 0 FBIS4-4360 0
416 0 FBIS4-44356 0
416 0 FBIS4-44407 0
416 0 FBIS4-44416 0
416 0 FBIS4-44418 0
416 0 FBIS4-44428 0
416 0 FBIS4-44517 0
416 0 FBIS4-44518 0
416 0 FBIS4-44557 0
416 0 FBIS4-44589 0
416 0 FBIS4-44661 0
416 0 FBIS4-44669 0
416 0 FBIS4-44723 0
416 0 FBIS4-44781 0
416 0 FBIS4-44879 0
416 0 FBIS4-44912 0
416 0 FBIS4-44913 0
416 0 FBIS4-45008 0
416 0 FBIS4-45607 0
416 0 FBIS4-45639 0
416 0 FBIS4-45774 0
416 0 FBIS4-46469 0
416 0 FBIS4-46649 0
416 0 FBIS4-46680 0
416 0 FBIS4-46859 0
416 0 FBIS4-47016 0
416 0 FBIS4-47602 0
416 0 FBIS4-47609 0
416 0 FBIS4-49021 0
416 0 FBIS4-49039 0
416 0 FBIS4-49071 0
416 0 FBIS4-49198 0
416 0 FBIS4-49204 0
416 0 FBIS4-49245 0
416 0 FBIS4-49457 0
416 0 FBIS4-49556 0
416 0 FBIS4-49707 0
416 0 FBIS4-49809 0
416 0 FBIS4-49832 0
416 0 FBIS4-49940 0
416 0 FBIS4-5005 0
416 0 FBIS4-50195 0
416 0 FBIS4-50261 0
416 0 FBIS4-50283 0
416 0 FBIS4-50570 0
416 0 FBIS4-50685 0
416 0 FBIS4-50706 0
416 0 FBIS4-50896 0
416 0 FBIS4-50957 0
416 0 FBIS4-51079 0
416 0 FBIS4-51140 0
416 0 FBIS4-51169 0
416 0 FBIS4-51375 0
416 0 FBIS4-51435 0
416 0 FBIS4-51601 0
416 0 FBIS4-51932 0
416 0 FBIS4-52045 0
416 0 FBIS4-5208 0
416 0 FBIS4-52246 0
416 0 FBIS4-52319 0
416 0 FBIS4-52844 0
416 0 FBIS4-52949 0
416 0 FBIS4-53182 0
416 0 FBIS4-54186 0
416 0 FBIS4-54626 0
416 0 FBIS4-56946 0
416 0 FBIS4-57476 0
416 0 FBIS4-58121 0
416 0 FBIS4-58614 0
416 0 FBIS4-59142 0
416 0 FBIS4-60253 0
416 0 FBIS4-61764 0
416 0 FBIS4-62149 0
416 0 FBIS4-62565 0
416 0 FBIS4-62894 0
416 0 FBIS4-63171 0
416 0 FBIS4-65201 0
416 0 FBIS4-66153 0
416 0 FBIS4-66161 0
416 0 FBIS4-66270 0
416 0 FBIS4-66308 0
416 0 FBIS4-66354 0
416 0 FBIS4-66356 0
416 0 FBIS4-66357 0
416 0 FBIS4-66358 0
416 0 FBIS4-66359 0
416 0 FBIS4-66363 0
416 0 FBIS4-66364 0
416 0 FBIS4-66377 0
416 0 FBIS4-66379 0
416 0 FBIS4-66401 0
416 0 FBIS4-66461 0
416 0 FBIS4-66480 0
416 0 FBIS4-66738 0
416 0 FBIS4-66772 0
416 0 FBIS4-6691 0
416 0 FBIS4-67595 0
416 0 FBIS4-67835 0
416 0 FBIS4-67877 0
416 0 FBIS4-67892 0
416 0 FBIS4-68582 0
416 0 FBIS4-68585 0
416 0 FBIS4-68893 0
416 0 FBIS4-7313 0
416 0 FBIS4-7497 0
416 0 FBIS4-9354 0
416 0 FBIS4-9775 0
416 0 FBIS4-9902 0
416 0 FBIS4-9978 0
416 0 FR940104-1-00050 0
416 0 FR940105-2-00109 0
416 0 FR940106-0-00037 0
416 0 FR940106-2-00113 0
416 0 FR940110-1-00066 0
416 0 FR940110-2-00027 0
416 0 FR940118-0-00034 0
416 0 FR940119-1-00028 0
416 0 FR940119-2-00067 0
416 0 FR940119-2-00104 0
416 0 FR940126-2-00009 0
416 0 FR940127-2-00018 0
416 0 FR940127-2-00022 0
416 0 FR940202-0-00116 0
416 0 FR940202-2-00072 0
416 0 FR940203-2-00040 0
416 0 FR940204-1-00006 0
416 0 FR940204-1-00011 0
416 0 FR940207-2-00045 0
416 0 FR940207-2-00048 0
416 0 FR940207-2-00056 0
416 0 FR940207-2-00094 0
416 0 FR940214-0-00035 0
416 0 FR940214-0-00042 0
416 0 FR940214-0-00055 0
416 0 FR940214-2-00113 0
416 0 FR940214-2-00114 0
416 0 FR940214-2-00171 0
416 0 FR940214-2-00173 0
416 0 FR940214-2-00185 0
416 0 FR940214-2-00220 0
416 0 FR940214-2-00221 0
416 0 FR940214-2-00222 0
416 0 FR940214-2-00223 0
416 0 FR940214-2-00224 0
416 0 FR940214-2-00225 0
416 0 FR940214-2-00226 0
416 0 FR940214-2-00227 0
416 0 FR940214-2-00228 0
416 0 FR940214-2-00229 0
416 0 FR940214-2-00230 0
416 0 FR940214-2-00231 0
416 0 FR940214-2-00232 0
416 0 FR940214-2-00235 0
416 0 FR940214-2-00237 0
416 0 FR940214-2-00238 0
416 0 FR940214-2-00239 0
416 0 FR940214-2-00242 0
416 0 FR940214-2-00243 0
416 0 FR940214-2-00244 0
416 0 FR940214-2-00247 0
416 0 FR940214-2-00252 0
416 0 FR940214-2-00253 0
416 0 FR940214-2-00254 0
416 0 FR940216-2-00022 0
416 0 FR940216-2-00036 0
416 0 FR940222-0-00052 0
416 0 FR940302-2-00070 0
416 0 FR940302-2-00082 0
416 0 FR940303-2-00091 0
416 0 FR940304-0-00047 0
416 0 FR940304-1-00073 0
416 0 FR940304-1-00075 0
416 0 FR940304-1-00130 0
416 0 FR940304-1-00143 0
416 0 FR940304-1-00148 0
416 0 FR940304-1-00149 0
416 0 FR940304-1-00155 0
416 0 FR940304-1-00165 0
416 0 FR940317-1-00162 0
416 0 FR940317-2-00089 0
416 0 FR940318-2-00049 0
416 0 FR940324-2-00160 0
416 0 FR940324-2-00164 0
416 0 FR940324-2-00165 0
416 0 FR940325-2-00073 0
416 0 FR940325-2-00086 0
416 0 FR940325-2-00203 0
416 0 FR940404-0-00071 0
416 0 FR940406-0-00190 0
416 0 FR940406-2-00171 0
416 0 FR940406-2-00187 0
416 0 FR940407-0-00049 0
416 0 FR940407-2-00045 0
416 0 FR940407-2-00075 0
416 0 FR940407-2-00160 0
416 0 FR940407-2-00163 0
416 0 FR940412-2-00099 0
416 0 FR940413-0-00075 0
416 0 FR940413-2-00079 0
416 0 FR940414-1-00074 0
416 0 FR940414-1-00088 0
416 0 FR940414-1-00089 0
416 0 FR940414-1-00091 0
416 0 FR940414-2-00022 0
416 0 FR940414-2-00028 0
416 0 FR940418-2-00056 0
416 0 FR940419-0-00017 0
416 0 FR940419-1-00025 0
416 0 FR940419-1-00064 0
416 0 FR940419-2-00049 0
416 0 FR940419-2-00054 0
416 0 FR940425-1-00003 0
416 0 FR940426-1-00143 0
416 0 FR940428-2-00065 0
416 0 FR940428-2-00089 0
416 0 FR940429-0-00027 0
416 0 FR940503-2-00170 0
416 0 FR940504-2-00061 0
416 0 FR940505-1-00045 0
416 0 FR940505-1-00170 0
416 0 FR940505-2-00090 0
416 0 FR940506-2-00161 0
416 0 FR940511-2-00094 0
416 0 FR940512-2-00028 0
416 0 FR940512-2-00183 0
416 0 FR940513-2-00071 0
416 0 FR940513-2-00086 0
416 0 FR940513-2-00122 0
416 0 FR940516-1-00123 0
416 0 FR940516-2-00134 0
416 0 FR940524-2-00106 0
416 0 FR940525-1-00006 0
416 0 FR940526-2-00010 0
416 0 FR940526-2-00011 0
416 0 FR940526-2-00060 0
416 0 FR940526-2-00069 0
416 0 FR940527-1-00209 0
416 0 FR940527-2-00202 0
416 0 FR940527-2-00206 0
416 0 FR940527-2-00209 0
416 0 FR940527-2-00212 0
416 0 FR940527-2-00219 0
416 0 FR940603-1-00091 0
416 0 FR940603-1-00107 0
416 0 FR940603-1-00121 0
416 0 FR940603-1-00171 0
416 0 FR940603-1-00179 0
416 0 FR940603-1-00207 0
416 0 FR940603-2-00035 0
416 0 FR940603-2-00052 0
416 0 FR940607-0-00027 0
416 0 FR940607-2-00045 0
416 0 FR940610-2-00207 0
416 0 FR940617-0-00024 0
416 0 FR940617-0-00038 0
416 0 FR940617-0-00041 0
416 0 FR940617-0-00049 0
416 0 FR940617-0-00148 0
416 0 FR940617-2-00064 0
416 0 FR940617-2-00077 0
416 0 FR940617-2-00229 0
416 0 FR940617-2-00232 0
416 0 FR940621-2-00007 0
416 0 FR940622-2-00075 0
416 0 FR940627-2-00046 0
416 0 FR940627-2-00050 0
416 0 FR940628-1-00050 0
416 0 FR940628-2-00010 0
416 0 FR940628-2-00025 0
416 0 FR940628-2-00054 0
416 0 FR940706-0-00092 0
416 0 FR940706-2-00043 0
416 0 FR940706-2-00126 0
416 0 FR940707-2-00077 0
416 0 FR940707-2-00079 0
416 0 FR940707-2-00086 0
416 0 FR940711-2-00046 0
416 0 FR940712-2-00062 0
416 0 FR940721-2-00043 0
416 0 FR940725-0-00059 0
416 0 FR940727-2-00007 0
416 0 FR940728-0-00007 0
416 0 FR940728-1-00006 0
416 0 FR940728-2-00024 0
416 0 FR940728-2-00049 0
416 0 FR940728-2-00087 0
416 0 FR940803-0-00066 0
416 0 FR940803-2-00061 0
416 0 FR940810-0-00177 0
416 0 FR940812-2-00038 0
416 0 FR940812-2-00229 0
416 0 FR940816-1-00061 0
416 0 FR940817-2-00026 0
416 0 FR940817-2-00083 0
416 0 FR940817-2-00213 0
416 0 FR940822-2-00102 0
416 0 FR940822-2-00155 0
416 0 FR940825-1-00057 0
416 0 FR940825-1-00071 0
416 0 FR940825-1-00100 0
416 0 FR940825-2-00098 0
416 0 FR940826-0-00053 0
416 0 FR940831-2-00033 0
416 0 FR940831-2-00042 0
416 0 FR940831-2-00107 0
416 0 FR940902-0-00094 0
416 0 FR940902-0-00154 0
416 0 FR940902-2-00020 0
416 0 FR940907-2-00014 0
416 0 FR940912-1-00027 0
416 0 FR940912-2-00148 0
416 0 FR940913-2-00024 0
416 0 FR940920-1-00036 0
416 0 FR940920-1-00037 0
416 0 FR940920-1-00038 0
416 0 FR940920-1-00039 0
416 0 FR940920-1-00080 0
416 0 FR940920-1-00116 0
416 0 FR940922-0-00022 0
416 0 FR940922-1-00019 0
416 0 FR940922-2-00119 0
416 0 FR940927-0-00051 0
416 0 FR941003-2-00061 0
416 0 FR941004-2-00072 0
416 0 FR941006-2-00163 0
416 0 FR941006-2-00195 0
416 0 FR941012-2-00106 0
416 0 FR941013-2-00141 0
416 0 FR941019-2-00006 0
416 0 FR941019-2-00029 0
416 0 FR941019-2-00030 0
416 0 FR941021-0-00131 0
416 0 FR941025-0-00053 0
416 0 FR941026-2-00082 0
416 0 FR941028-1-00034 0
416 0 FR941031-2-00098 0
416 0 FR941102-2-00046 0
416 0 FR941103-2-00050 0
416 0 FR941103-2-00064 0
416 0 FR941104-2-00007 0
416 0 FR941104-2-00067 0
416 0 FR941107-2-00052 0
416 0 FR941116-1-00015 0
416 0 FR941117-2-00158 0
416 0 FR941122-2-00016 0
416 0 FR941125-2-00038 0
416 0 FR941128-2-00038 0
416 0 FR941130-2-00039 0
416 0 FR941202-1-00056 0
416 0 FR941202-2-00139 0
416 0 FR941205-2-00138 0
416 0 FR941205-2-00139 0
416 0 FR941205-2-00142 0
416 0 FR941205-2-00145 0
416 0 FR941206-1-00060 0
416 0 FR941207-1-00026 0
416 0 FR941207-2-00068 0
416 0 FR941216-1-00132 0
416 0 FR941221-2-00021 0
416 0 FR941221-2-00104 0
416 0 FR941230-1-00051 0
416 0 FT911-1338 0
416 0 FT911-19 0
416 0 FT911-258 0
416 0 FT911-262 0
416 0 FT911-3 0
416 0 FT911-333 0
416 0 FT911-3356 0
416 0 FT911-3409 0
416 0 FT911-3445 0
416 0 FT911-3671 0
416 0 FT911-3706 0
416 0 FT911-371 0
416 0 FT911-3726 0
416 0 FT911-3797 0
416 0 FT911-3895 0
416 0 FT911-3915 0
416 0 FT911-91 0
416 0 FT921-11591 0
416 0 FT921-15182 0
416 0 FT921-1800 0
416 0 FT921-2010 1
416 0 FT921-2728 0
416 0 FT921-2829 0
416 0 FT921-8199 0
416 0 FT921-9380 0
416 0 FT921-9721 0
416 0 FT922-10897 0
416 0 FT922-12148 0
416 0 FT922-15540 0
416 0 FT922-6902 0
416 0 FT922-7694 0
416 0 FT922-7914 0
416 0 FT922-8663 0
416 0 FT923-4963 0
416 0 FT923-5183 0
416 0 FT924-10420 0
416 0 FT924-11466 0
416 0 FT924-11987 0
416 0 FT924-1496 0
416 0 FT924-15936 0
416 0 FT924-1635 0
416 0 FT924-1973 0
416 0 FT924-2459 0
416 0 FT924-4157 0
416 0 FT924-8153 0
416 0 FT924-928 0
416 0 FT931-16672 0
416 0 FT931-2498 0
416 0 FT931-3733 0
416 0 FT931-793 0
416 0 FT932-10610 0
416 0 FT932-3408 0
416 0 FT932-4339 0
416 0 FT933-1131 0
416 0 FT933-14550 0
416 0 FT933-1696 0
416 0 FT933-2386 0
416 0 FT933-532 0
416 0 FT933-6678 0
416 0 FT933-7917 0
416 0 FT934-11498 0
416 0 FT934-11565 0
416 0 FT934-11785 0
416 0 FT934-14736 1
416 0 FT934-15727 0
416 0 FT934-2802 0
416 0 FT934-3231 0
416 0 FT934-3451 0
416 0 FT934-3479 0
416 0 FT934-3699 0
416 0 FT934-4021 0
416 0 FT934-7695 0
416 0 FT934-811 0
416 0 FT941-1241 0
416 0 FT941-14372 0
416 0 FT941-3794 0
416 0 FT941-717 0
416 0 FT941-8726 0
416 0 FT941-8733 0
416 0 FT941-9726 0
416 0 FT942-1146 0
416 0 FT942-1304 0
416 0 FT942-16426 0
416 0 FT942-17383 0
416 0 FT942-7356 1
416 0 FT942-9118 1
416 0 FT943-14853 0
416 0 FT943-15837 1
416 0 FT943-16426 1
416 0 FT943-3208 0
416 0 FT943-4425 0
416 0 FT943-4833 0
416 0 FT943-640 0
416 0 FT944-10922 0
416 0 FT944-1140 0
416 0 FT944-12140 0
416 0 FT944-13107 0
416 0 FT944-15804 0
416 0 FT944-16024 0
416 0 FT944-16550 0
416 0 FT944-4793 0
416 0 FT944-9871 0
416 0 LA010189-0097 0
416 0 LA010189-0138 0
416 0 LA010190-0038 0
416 0 LA010190-0056 0
416 0 LA010190-0057 0
416 0 LA010190-0078 0
416 0 LA010289-0021 0
416 0 LA010289-0060 0
416 0 LA010289-0078 0
416 0 LA010289-0086 0
416 0 LA010290-0047 0
416 0 LA010290-0117 0
416 0 LA010489-0052 0
416 0 LA010489-0140 0
416 0 LA010490-0001 0
416 0 LA010490-0002 0
416 0 LA010490-0003 0
416 0 LA010490-0004 0
416 0 LA010490-0005 0
416 0 LA010490-0006 0
416 0 LA010490-0007 0
416 0 LA010490-0008 0
416 0 LA010490-0009 0
416 0 LA010490-0010 0
416 0 LA010490-0011 0
416 0 LA010490-0012 0
416 0 LA010490-0013 0
416 0 LA010490-0014 0
416 0 LA010490-0015 0
416 0 LA010490-0016 0
416 0 LA010490-0017 0
416 0 LA010490-0018 0
416 0 LA010490-0019 0
416 0 LA010490-0020 0
416 0 LA010490-0021 0
416 0 LA010490-0022 0
416 0 LA010490-0023 0
416 0 LA010490-0024 0
416 0 LA010490-0025 0
416 0 LA010490-0026 0
416 0 LA010490-0027 0
416 0 LA010490-0028 0
416 0 LA010490-0029 0
416 0 LA010490-0030 0
416 0 LA010490-0031 0
416 0 LA010490-0032 0
416 0 LA010490-0033 0
416 0 LA010490-0034 0
416 0 LA010490-0035 0
416 0 LA010490-0036 0
416 0 LA010490-0037 0
416 0 LA010490-0038 0
416 0 LA010490-0039 0
416 0 LA010490-0040 0
416 0 LA010490-0041 0
416 0 LA010490-0042 0
416 0 LA010490-0043 0
416 0 LA010490-0044 0
416 0 LA010490-0045 0
416 0 LA010490-0046 0
416 0 LA010490-0047 0
416 0 LA010490-0048 0
416 0 LA010490-0049 0
416 0 LA010490-0050 0
416 0 LA010490-0051 0
416 0 LA010490-0052 0
416 0 LA010490-0053 0
416 0 LA010490-0054 0
416 0 LA010490-0055 0
416 0 LA010490-0056 0
416 0 LA010490-0057 0
416 0 LA010490-0058 0
416 0 LA010490-0155 0
416 0 LA010490-0169 0
416 0 LA010490-0210 0
416 0 LA010590-0002 0
416 0 LA010590-0160 0
416 0 LA010590-0193 0
416 0 LA010689-0063 0
416 0 LA010890-0083 0
416 0 LA010989-0049 0
416 0 LA010989-0067 0
416 0 LA010990-0055 0
416 0 LA011089-0004 0
416 0 LA011089-0045 0
416 0 LA011090-0069 0
416 0 LA011090-0120 0
416 0 LA011090-0121 0
416 0 LA011090-0130 0
416 0 LA011189-0041 0
416 0 LA011189-0085 0
416 0 LA011190-0150 0
416 0 LA011190-0161 0
416 0 LA011290-0021 0
416 0 LA011290-0126 0
416 0 LA011389-0028 0
416 0 LA011389-0030 0
416 0 LA011389-0039 0
416 0 LA011389-0040 0
416 0 LA011389-0084 0
416 0 LA011389-0143 0
416 0 LA011390-0145 0
416 0 LA011390-0147 0
416 0 LA011489-0021 0
416 0 LA011489-0048 0
416 0 LA011489-0060 0
416 0 LA011489-0061 0
416 0 LA011489-0110 0
416 0 LA011589-0089 0
416 0 LA012990-0045 0
416 0 LA013189-0010 0
416 0 LA021489-0087 0
416 0 LA021890-0113 0
416 0 LA022489-0073 0
416 0 LA030289-0032 0
416 0 LA031590-0178 0
416 0 LA031989-0257 0
416 0 LA032590-0143 0
416 0 LA032689-0087 0
416 0 LA040489-0054 0
416 0 LA050190-0198 0
416 0 LA050890-0101 0
416 0 LA051290-0114 0
416 0 LA052290-0042 0
416 0 LA052590-0201 0
416 0 LA060590-0067 0
416 0 LA061889-0127 0
416 0 LA061890-0004 0
416 0 LA063089-0165 0
416 0 LA071089-0017 0
416 0 LA071490-0053 0
416 0 LA071690-0077 0
416 0 LA072889-0010 0
416 0 LA073089-0193 0
416 0 LA080290-0140 0
416 0 LA081189-0137 0
416 0 LA083090-0213 0
416 0 LA090590-0025 0
416 0 LA090690-0168 0
416 0 LA090990-0076 0
416 0 LA091189-0035 0
416 0 LA091389-0016 0
416 0 LA092290-0073 0
416 0 LA100590-0016 0
416 0 LA100590-0045 0
416 0 LA100689-0076 0
416 0 LA100689-0094 0
416 0 LA101490-0190 0
416 0 LA102289-0182 0
416 0 LA102590-0057 0
416 0 LA111789-0104 0
416 0 LA112490-0010 0
416 0 LA112490-0103 0
416 0 LA112589-0075 0
416 0 LA112889-0052 0
416 0 LA120989-0118 0
416 0 LA120990-0084 0
416 0 LA121589-0143 0
416 0 LA122989-0106 0
416 0 LA122989-0140 0
416 0 LA123089-0029 0
416 0 LA123089-0033 0
416 0 LA123090-0176 0
416 0 LA123189-0179 0
416 0 LA123190-0127 0
