402 0 FBIS3-10134 0
402 0 FBIS3-10279 0
402 0 FBIS3-10855 0
402 0 FBIS3-11125 0
402 0 FBIS3-11983 0
402 0 FBIS3-13222 0
402 0 FBIS3-1411 0
402 0 FBIS3-14832 0
402 0 FBIS3-1747 0
402 0 FBIS3-1780 0
402 0 FBIS3-18052 0
402 0 FBIS3-1845 0
402 0 FBIS3-20544 0
402 0 FBIS3-20567 0
402 0 FBIS3-20797 0
402 0 FBIS3-20801 0
402 0 FBIS3-20919 0
402 0 FBIS3-20948 0
402 0 FBIS3-21034 0
402 0 FBIS3-21037 0
402 0 FBIS3-21262 0
402 0 FBIS3-21269 0
402 0 FBIS3-21656 0
402 0 FBIS3-22105 0
402 0 FBIS3-2241 0
402 0 FBIS3-22510 0
402 0 FBIS3-22597 0
402 0 FBIS3-22702 0
402 0 FBIS3-23561 0
402 0 FBIS3-23649 0
402 0 FBIS3-23660 0
402 0 FBIS3-23947 0
402 0 FBIS3-24145 0
402 0 FBIS3-24331 0
402 0 FBIS3-24529 0
402 0 FBIS3-24549 0
402 0 FBIS3-24595 0
402 0 FBIS3-24653 0
402 0 FBIS3-25156 0
402 0 FBIS3-2516 0
402 0 FBIS3-25902 0
402 0 FBIS3-26 0
402 0 FBIS3-26359 0
402 0 FBIS3-26959 0
402 0 FBIS3-27407 0
402 0 FBIS3-27468 0
402 0 FBIS3-27956 0
402 0 FBIS3-2881 0
402 0 FBIS3-28827 0
402 0 FBIS3-29180 0
402 0 FBIS3-32560 0
402 0 FBIS3-36078 0
402 0 FBIS3-37947 0
402 0 FBIS3-40130 0
402 0 FBIS3-40214 0
402 0 FBIS3-40249 0
402 0 FBIS3-40286 0
402 0 FBIS3-40303 0
402 0 FBIS3-40325 0
402 0 FBIS3-40327 0
402 0 FBIS3-40349 0
402 0 FBIS3-40360 0
402 0 FBIS3-40372 0
402 0 FBIS3-40374 0
402 0 FBIS3-40375 0
402 0 FBIS3-40376 0
402 0 FBIS3-40377 0
402 0 FBIS3-40380 0
402 0 FBIS3-40404 0
402 0 FBIS3-40437 0
402 0 FBIS3-40457 0
402 0 FBIS3-40465 0
402 0 FBIS3-40607 0
402 0 FBIS3-40646 0
402 0 FBIS3-40654 0
402 0 FBIS3-40678 0
402 0 FBIS3-41002 0
402 0 FBIS3-41186 0
402 0 FBIS3-41459 0
402 0 FBIS3-41493 0
402 0 FBIS3-41607 0
402 0 FBIS3-41751 0
402 0 FBIS3-41823 0
402 0 FBIS3-4209 0
402 0 FBIS3-42399 0
402 0 FBIS3-42400 0
402 0 FBIS3-42459 0
402 0 FBIS3-42468 0
402 0 FBIS3-42590 0
402 0 FBIS3-42726 0
402 0 FBIS3-42766 0
402 0 FBIS3-42811 0
402 0 FBIS3-42934 0
402 0 FBIS3-42940 0
402 0 FBIS3-42967 0
402 0 FBIS3-42969 0
402 0 FBIS3-42974 0
402 0 FBIS3-42985 0
402 0 FBIS3-42995 0
402 0 FBIS3-42998 0
402 0 FBIS3-43002 0
402 0 FBIS3-43004 0
402 0 FBIS3-43005 0
402 0 FBIS3-43012 0
402 0 FBIS3-43023 0
402 0 FBIS3-43033 0
402 0 FBIS3-43036 0
402 0 FBIS3-43040 0
402 0 FBIS3-43042 0
402 0 FBIS3-43061 0
402 0 FBIS3-43072 0
402 0 FBIS3-43120 0
402 0 FBIS3-43132 0
402 0 FBIS3-43142 0
402 0 FBIS3-4316 0
402 0 FBIS3-43166 0
402 0 FBIS3-43174 0
402 0 FBIS3-43186 0
402 0 FBIS3-43196 0
402 0 FBIS3-43220 0
402 0 FBIS3-44462 0
402 0 FBIS3-44779 0
402 0 FBIS3-45184 0
402 0 FBIS3-45203 0
402 0 FBIS3-4692 0
402 0 FBIS3-4694 0
402 0 FBIS3-49757 0
402 0 FBIS3-49876 0
402 0 FBIS3-50229 0
402 0 FBIS3-51140 0
402 0 FBIS3-51754 0
402 0 FBIS3-54460 0
402 0 FBIS3-58958 0
402 0 FBIS3-59380 0
402 0 FBIS3-59754 0
402 0 FBIS3-59756 0
402 0 FBIS3-59791 0
402 0 FBIS3-59884 0
402 0 FBIS3-59972 0
402 0 FBIS3-60342 0
402 0 FBIS3-60501 0
402 0 FBIS3-61080 0
402 0 FBIS3-61514 0
402 0 FBIS3-61562 0
402 0 FBIS3-6482 0
402 0 FBIS3-67 0
402 0 FBIS3-7568 0
402 0 FBIS3-8464 0
402 0 FBIS3-9300 0
402 0 FBIS3-9436 0
402 0 FBIS4-10326 0
402 0 FBIS4-11278 0
402 0 FBIS4-11610 0
402 0 FBIS4-1549 0
402 0 FBIS4-16783 0
402 0 FBIS4-1843 0
402 0 FBIS4-18459 0
402 0 FBIS4-1861 0
402 0 FBIS4-1862 0
402 0 FBIS4-1866 0
402 0 FBIS4-19 0
402 0 FBIS4-20423 0
402 0 FBIS4-20442 0
402 0 FBIS4-20444 0
402 0 FBIS4-20445 0
402 0 FBIS4-20480 0
402 0 FBIS4-20483 0
402 0 FBIS4-20489 0
402 0 FBIS4-20505 0
402 0 FBIS4-20618 0
402 0 FBIS4-21217 0
402 0 FBIS4-21484 0
402 0 FBIS4-21524 0
402 0 FBIS4-22152 0
402 0 FBIS4-22433 0
402 0 FBIS4-22457 0
402 0 FBIS4-22518 0
402 0 FBIS4-22522 0
402 0 FBIS4-22523 0
402 0 FBIS4-22524 0
402 0 FBIS4-22629 0
402 0 FBIS4-22742 0
402 0 FBIS4-22743 0
402 0 FBIS4-22748 0
402 0 FBIS4-22900 0
402 0 FBIS4-22902 0
402 0 FBIS4-22913 0
402 0 FBIS4-22927 0
402 0 FBIS4-22929 0
402 0 FBIS4-22930 0
402 0 FBIS4-22931 0
402 0 FBIS4-22948 0
402 0 FBIS4-22949 0
402 0 FBIS4-22950 0
402 0 FBIS4-22957 0
402 0 FBIS4-22959 0
402 0 FBIS4-22991 0
402 0 FBIS4-22994 0
402 0 FBIS4-23006 0
402 0 FBIS4-23012 0
402 0 FBIS4-23016 0
402 0 FBIS4-23017 0
402 0 FBIS4-23084 0
402 0 FBIS4-23114 0
402 0 FBIS4-2324 0
402 0 FBIS4-2439 0
402 0 FBIS4-24441 0
402 0 FBIS4-24443 0
402 0 FBIS4-24522 0
402 0 FBIS4-24629 0
402 0 FBIS4-24734 0
402 0 FBIS4-25207 0
402 0 FBIS4-25955 0
402 0 FBIS4-26675 0
402 0 FBIS4-26677 0
402 0 FBIS4-26679 0
402 0 FBIS4-26681 0
402 0 FBIS4-26684 0
402 0 FBIS4-26685 0
402 0 FBIS4-26716 0
402 0 FBIS4-27085 0
402 0 FBIS4-27389 0
402 0 FBIS4-27610 0
402 0 FBIS4-2816 0
402 0 FBIS4-2869 0
402 0 FBIS4-31306 0
402 0 FBIS4-3232 0
402 0 FBIS4-32817 0
402 0 FBIS4-33295 0
402 0 FBIS4-33682 0
402 0 FBIS4-34063 0
402 0 FBIS4-34113 0
402 0 FBIS4-3463 0
402 0 FBIS4-34690 0
402 0 FBIS4-34738 0
402 0 FBIS4-40188 0
402 0 FBIS4-4067 0
402 0 FBIS4-41462 0
402 0 FBIS4-42 0
402 0 FBIS4-44458 0
402 0 FBIS4-44661 0
402 0 FBIS4-44858 0
402 0 FBIS4-44859 0
402 0 FBIS4-44860 0
402 0 FBIS4-44912 0
402 0 FBIS4-44914 0
402 0 FBIS4-44915 0
402 0 FBIS4-44916 0
402 0 FBIS4-45041 0
402 0 FBIS4-45093 0
402 0 FBIS4-45224 0
402 0 FBIS4-45369 0
402 0 FBIS4-45378 0
402 0 FBIS4-45490 0
402 0 FBIS4-45959 0
402 0 FBIS4-46469 0
402 0 FBIS4-46649 0
402 0 FBIS4-46784 0
402 0 FBIS4-47142 0
402 0 FBIS4-47247 0
402 0 FBIS4-47399 0
402 0 FBIS4-47450 0
402 0 FBIS4-47532 0
402 0 FBIS4-47534 0
402 0 FBIS4-47537 0
402 0 FBIS4-47545 0
402 0 FBIS4-47585 0
402 0 FBIS4-47586 0
402 0 FBIS4-49021 0
402 0 FBIS4-49245 0
402 0 FBIS4-49251 0
402 0 FBIS4-49264 0
402 0 FBIS4-49386 0
402 0 FBIS4-49457 0
402 0 FBIS4-49832 0
402 0 FBIS4-49930 0
402 0 FBIS4-50011 0
402 0 FBIS4-50133 0
402 0 FBIS4-50195 0
402 0 FBIS4-50287 0
402 0 FBIS4-50706 0
402 0 FBIS4-51191 0
402 0 FBIS4-51259 0
402 0 FBIS4-51301 0
402 0 FBIS4-51348 0
402 0 FBIS4-52020 0
402 0 FBIS4-52040 0
402 0 FBIS4-52044 0
402 0 FBIS4-52303 0
402 0 FBIS4-53078 0
402 0 FBIS4-53281 0
402 0 FBIS4-53455 0
402 0 FBIS4-53862 0
402 0 FBIS4-54007 0
402 0 FBIS4-55668 0
402 0 FBIS4-55670 0
402 0 FBIS4-55696 0
402 0 FBIS4-56315 0
402 0 FBIS4-57478 0
402 0 FBIS4-57568 0
402 0 FBIS4-57592 0
402 0 FBIS4-57817 0
402 0 FBIS4-59582 0
402 0 FBIS4-60762 0
402 0 FBIS4-61745 0
402 0 FBIS4-65098 0
402 0 FBIS4-65400 0
402 0 FBIS4-65878 0
402 0 FBIS4-66185 0
402 0 FBIS4-66197 0
402 0 FBIS4-66267 0
402 0 FBIS4-66308 0
402 0 FBIS4-66312 0
402 0 FBIS4-66377 0
402 0 FBIS4-66382 0
402 0 FBIS4-66481 0
402 0 FBIS4-66482 0
402 0 FBIS4-66674 0
402 0 FBIS4-66916 0
402 0 FBIS4-67145 0
402 0 FBIS4-67257 0
402 0 FBIS4-67333 0
402 0 FBIS4-67351 0
402 0 FBIS4-67439 1
402 0 FBIS4-67538 0
402 0 FBIS4-67542 0
402 0 FBIS4-67638 0
402 0 FBIS4-67645 0
402 0 FBIS4-67744 0
402 0 FBIS4-68271 0
402 0 FBIS4-68582 0
402 0 FBIS4-68676 0
402 0 FBIS4-68783 0
402 0 FBIS4-68824 0
402 0 FBIS4-68893 0
402 0 FBIS4-9681 0
402 0 FR940104-0-00031 0
402 0 FR940104-0-00032 0
402 0 FR940104-0-00033 0
402 0 FR940104-2-00080 0
402 0 FR940104-2-00085 0
402 0 FR940105-2-00109 0
402 0 FR940106-0-00004 0
402 0 FR940106-1-00069 0
402 0 FR940106-1-00129 0
402 0 FR940111-2-00055 0
402 0 FR940112-2-00003 0
402 0 FR940112-2-00084 0
402 0 FR940114-2-00069 0
402 0 FR940114-2-00070 0
402 0 FR940114-2-00078 0
402 0 FR940114-2-00169 0
402 0 FR940118-2-00044 0
402 0 FR940119-2-00016 0
402 0 FR940119-2-00058 0
402 0 FR940126-1-00008 0
402 0 FR940126-2-00026 0
402 0 FR940127-1-00064 0
402 0 FR940127-2-00018 0
402 0 FR940127-2-00201 0
402 0 FR940202-0-00031 0
402 0 FR940202-1-00043 0
402 0 FR940203-2-00068 0
402 0 FR940204-1-00069 0
402 0 FR940204-2-00004 0
402 0 FR940207-2-00011 0
402 0 FR940207-2-00083 0
402 0 FR940216-2-00036 0
402 0 FR940217-1-00037 0
402 0 FR940217-2-00057 0
402 0 FR940222-2-00003 0
402 0 FR940223-0-00054 0
402 0 FR940224-2-00089 0
402 0 FR940224-2-00095 0
402 0 FR940303-2-00065 0
402 0 FR940314-2-00002 0
402 0 FR940317-2-00006 0
402 0 FR940317-2-00058 0
402 0 FR940317-2-00073 0
402 0 FR940318-0-00053 0
402 0 FR940318-0-00054 0
402 0 FR940318-0-00228 0
402 0 FR940318-2-00058 0
402 0 FR940318-2-00103 0
402 0 FR940323-0-00023 0
402 0 FR940323-0-00025 0
402 0 FR940323-1-00028 0
402 0 FR940323-2-00086 0
402 0 FR940323-2-00088 0
402 0 FR940323-2-00090 0
402 0 FR940323-2-00091 0
402 0 FR940323-2-00097 0
402 0 FR940324-2-00020 0
402 0 FR940324-2-00060 0
402 0 FR940324-2-00061 0
402 0 FR940324-2-00078 0
402 0 FR940324-2-00079 0
402 0 FR940324-2-00081 0
402 0 FR940324-2-00083 0
402 0 FR940324-2-00087 0
402 0 FR940324-2-00091 0
402 0 FR940324-2-00095 0
402 0 FR940325-2-00080 0
402 0 FR940328-1-00055 0
402 0 FR940328-2-00051 0
402 0 FR940405-1-00040 0
402 0 FR940405-1-00128 0
402 0 FR940405-2-00062 0
402 0 FR940406-0-00190 0
402 0 FR940407-2-00003 0
402 0 FR940412-2-00122 0
402 0 FR940412-2-00123 0
402 0 FR940412-2-00124 0
402 0 FR940412-2-00126 0
402 0 FR940412-2-00127 0
402 0 FR940412-2-00130 0
402 0 FR940413-2-00041 0
402 0 FR940413-2-00073 0
402 0 FR940413-2-00074 1
402 0 FR940413-2-00075 0
402 0 FR940413-2-00079 0
402 0 FR940414-2-00074 0
402 0 FR940418-2-00111 0
402 0 FR940425-2-00077 0
402 0 FR940426-1-00113 0
402 0 FR940426-2-00052 0
402 0 FR940504-1-00059 0
402 0 FR940504-2-00051 0
402 0 FR940504-2-00057 0
402 0 FR940505-2-00060 0
402 0 FR940506-2-00091 0
402 0 FR940511-2-00213 0
402 0 FR940511-2-00214 0
402 0 FR940511-2-00216 0
402 0 FR940511-2-00217 0
402 0 FR940512-0-00036 0
402 0 FR940512-2-00003 0
402 0 FR940512-2-00053 0
402 0 FR940512-2-00057 0
402 0 FR940512-2-00176 0
402 0 FR940512-2-00177 0
402 0 FR940513-2-00008 0
402 0 FR940516-2-00039 0
402 0 FR940516-2-00062 1
402 0 FR940516-2-00154 0
402 0 FR940516-2-00155 0
402 0 FR940523-0-00033 0
402 0 FR940523-0-00034 0
402 0 FR940523-0-00036 0
402 0 FR940523-0-00040 0
402 0 FR940523-0-00042 0
402 0 FR940523-0-00045 0
402 0 FR940523-0-00047 0
402 0 FR940523-2-00003 0
402 0 FR940523-2-00004 0
402 0 FR940523-2-00075 0
402 0 FR940525-1-00062 0
402 0 FR940525-1-00066 0
402 0 FR940525-1-00069 0
402 0 FR940525-1-00078 0
402 0 FR940525-2-00029 0
402 0 FR940525-2-00048 0
402 0 FR940525-2-00054 0
402 0 FR940525-2-00215 0
402 0 FR940527-0-00059 0
402 0 FR940527-1-00162 0
402 0 FR940527-2-00080 0
402 0 FR940527-2-00135 0
402 0 FR940602-1-00023 0
402 0 FR940602-2-00089 0
402 0 FR940603-0-00063 0
402 0 FR940603-1-00004 0
402 0 FR940603-1-00008 0
402 0 FR940603-2-00049 0
402 0 FR940603-2-00050 0
402 0 FR940606-2-00002 0
402 0 FR940606-2-00056 0
402 0 FR940607-2-00042 0
402 0 FR940610-2-00233 0
402 0 FR940613-2-00064 0
402 0 FR940613-2-00066 0
402 0 FR940616-0-00097 0
402 0 FR940617-2-00121 0
402 0 FR940617-2-00197 0
402 0 FR940620-2-00038 0
402 0 FR940622-2-00042 0
402 0 FR940622-2-00058 0
402 0 FR940627-0-00226 0
402 0 FR940627-0-00254 0
402 0 FR940627-0-00260 0
402 0 FR940627-0-00263 0
402 0 FR940627-1-00021 0
402 0 FR940627-2-00040 0
402 0 FR940627-2-00041 0
402 0 FR940627-2-00043 0
402 0 FR940627-2-00068 0
402 0 FR940627-2-00084 0
402 0 FR940705-2-00082 0
402 0 FR940705-2-00128 0
402 0 FR940705-2-00129 0
402 0 FR940705-2-00131 0
402 0 FR940705-2-00132 0
402 0 FR940705-2-00133 0
402 0 FR940705-2-00134 0
402 0 FR940705-2-00136 0
402 0 FR940705-2-00137 0
402 0 FR940705-2-00149 0
402 0 FR940705-2-00162 0
402 0 FR940705-2-00165 0
402 0 FR940705-2-00166 0
402 0 FR940705-2-00167 0
402 0 FR940705-2-00168 0
402 0 FR940705-2-00170 0
402 0 FR940705-2-00171 0
402 0 FR940705-2-00177 0
402 0 FR940705-2-00181 0
402 0 FR940705-2-00187 0
402 0 FR940705-2-00188 0
402 0 FR940705-2-00190 0
402 0 FR940705-2-00204 0
402 0 FR940705-2-00205 0
402 0 FR940705-2-00206 0
402 0 FR940705-2-00208 0
402 0 FR940705-2-00209 0
402 0 FR940705-2-00216 0
402 0 FR940705-2-00219 0
402 0 FR940705-2-00220 0
402 0 FR940705-2-00235 0
402 0 FR940706-2-00085 0
402 0 FR940706-2-00086 0
402 0 FR940707-1-00010 0
402 0 FR940707-1-00014 0
402 0 FR940711-2-00084 0
402 0 FR940713-2-00046 0
402 0 FR940719-2-00089 0
402 0 FR940720-2-00052 0
402 0 FR940722-2-00006 0
402 0 FR940722-2-00073 0
402 0 FR940725-0-00044 0
402 0 FR940725-0-00048 1
402 0 FR940725-2-00065 0
402 0 FR940725-2-00069 0
402 0 FR940725-2-00071 0
402 0 FR940725-2-00141 0
402 0 FR940727-1-00022 0
402 0 FR940727-2-00007 0
402 0 FR940728-1-00021 0
402 0 FR940728-2-00093 0
402 0 FR940728-2-00094 0
402 0 FR940802-1-00012 0
402 0 FR940802-1-00015 0
402 0 FR940803-1-00061 0
402 0 FR940803-2-00061 0
402 0 FR940804-2-00003 0
402 0 FR940804-2-00108 0
402 0 FR940805-1-00072 0
402 0 FR940805-1-00086 0
402 0 FR940805-1-00088 0
402 0 FR940805-1-00110 0
402 0 FR940805-1-00123 0
402 0 FR940805-2-00137 0
402 0 FR940805-2-00139 0
402 0 FR940805-2-00141 0
402 0 FR940805-2-00142 0
402 0 FR940805-2-00144 0
402 0 FR940810-0-00186 0
402 0 FR940812-2-00229 0
402 0 FR940812-2-00254 1
402 0 FR940816-1-00072 0
402 0 FR940816-1-00076 0
402 0 FR940816-1-00081 0
402 0 FR940816-1-00087 0
402 0 FR940816-2-00075 0
402 0 FR940817-2-00078 0
402 0 FR940817-2-00082 0
402 0 FR940817-2-00215 0
402 0 FR940817-2-00218 0
402 0 FR940817-2-00219 0
402 0 FR940817-2-00221 0
402 0 FR940817-2-00222 0
402 0 FR940817-2-00223 0
402 0 FR940817-2-00224 0
402 0 FR940817-2-00226 0
402 0 FR940817-2-00229 1
402 0 FR940817-2-00230 1
402 0 FR940817-2-00231 1
402 0 FR940817-2-00233 1
402 0 FR940817-2-00234 1
402 0 FR940817-2-00235 1
402 0 FR940817-2-00238 1
402 0 FR940817-2-00240 1
402 0 FR940817-2-00242 1
402 0 FR940817-2-00243 1
402 0 FR940817-2-00244 0
402 0 FR940817-2-00245 0
402 0 FR940817-2-00246 0
402 0 FR940817-2-00247 0
402 0 FR940817-2-00249 1
402 0 FR940817-2-00251 1
402 0 FR940817-2-00254 0
402 0 FR940817-2-00260 0
402 0 FR940817-2-00261 0
402 0 FR940817-2-00264 0
402 0 FR940817-2-00269 0
402 0 FR940822-0-00067 0
402 0 FR940822-2-00121 0
402 0 FR940830-2-00008 0
402 0 FR940902-2-00037 0
402 0 FR940906-0-00040 0
402 0 FR940906-2-00074 0
402 0 FR940912-1-00065 0
402 0 FR940912-2-00108 0
402 0 FR940913-0-00049 0
402 0 FR940916-2-00083 0
402 0 FR940920-1-00116 0
402 0 FR940920-2-00078 0
402 0 FR940920-2-00087 0
402 0 FR940921-2-00043 0
402 0 FR940921-2-00044 0
402 0 FR940922-2-00124 0
402 0 FR940926-2-00004 0
402 0 FR940927-0-00020 0
402 0 FR940927-0-00113 0
402 0 FR940928-0-00033 0
402 0 FR940928-2-00043 0
402 0 FR940928-2-00056 0
402 0 FR940930-2-00055 0
402 0 FR940930-2-00057 0
402 0 FR940930-2-00058 0
402 0 FR941003-2-00006 0
402 0 FR941004-2-00119 0
402 0 FR941006-2-00081 0
402 0 FR941006-2-00082 0
402 0 FR941006-2-00083 0
402 0 FR941006-2-00181 0
402 0 FR941007-2-00026 0
402 0 FR941011-2-00033 0
402 0 FR941011-2-00094 0
402 0 FR941011-2-00100 0
402 0 FR941012-2-00077 0
402 0 FR941012-2-00082 0
402 0 FR941012-2-00085 0
402 0 FR941012-2-00106 0
402 0 FR941013-2-00161 0
402 0 FR941017-1-00040 0
402 0 FR941017-1-00041 0
402 0 FR941019-2-00006 0
402 0 FR941019-2-00089 0
402 0 FR941019-2-00091 0
402 0 FR941019-2-00100 0
402 0 FR941019-2-00206 0
402 0 FR941021-0-00072 0
402 0 FR941021-0-00208 0
402 0 FR941021-1-00028 0
402 0 FR941021-1-00038 0
402 0 FR941021-1-00065 0
402 0 FR941021-1-00067 0
402 0 FR941021-1-00068 0
402 0 FR941021-2-00083 0
402 0 FR941025-2-00059 0
402 0 FR941025-2-00062 0
402 0 FR941026-1-00016 0
402 0 FR941026-2-00005 0
402 0 FR941026-2-00032 0
402 0 FR941026-2-00068 0
402 0 FR941027-1-00030 0
402 0 FR941027-2-00069 0
402 0 FR941027-2-00073 0
402 0 FR941027-2-00075 0
402 0 FR941027-2-00076 0
402 0 FR941028-2-00085 0
402 0 FR941028-2-00201 0
402 0 FR941102-0-00061 0
402 0 FR941102-1-00119 0
402 0 FR941103-2-00093 0
402 0 FR941103-2-00094 0
402 0 FR941104-2-00068 0
402 0 FR941107-0-00034 0
402 0 FR941107-2-00059 0
402 0 FR941110-1-00114 0
402 0 FR941110-1-00115 0
402 0 FR941110-2-00097 0
402 0 FR941116-2-00054 0
402 0 FR941116-2-00126 0
402 0 FR941117-2-00120 0
402 0 FR941117-2-00158 0
402 0 FR941121-1-00019 0
402 0 FR941121-2-00002 0
402 0 FR941121-2-00076 0
402 0 FR941121-2-00077 0
402 0 FR941122-0-00053 0
402 0 FR941122-0-00066 0
402 0 FR941122-0-00074 0
402 0 FR941122-0-00091 0
402 0 FR941125-0-00034 0
402 0 FR941125-2-00021 0
402 0 FR941128-2-00003 0
402 0 FR941128-2-00048 0
402 0 FR941130-0-00071 0
402 0 FR941202-2-00003 0
402 0 FR941205-2-00033 0
402 0 FR941206-0-00036 0
402 0 FR941206-0-00053 0
402 0 FR941206-1-00134 0
402 0 FR941206-2-00054 0
402 0 FR941207-1-00019 0
402 0 FR941212-0-00020 0
402 0 FR941212-0-00084 0
402 0 FR941212-0-00112 0
402 0 FR941212-1-00062 0
402 0 FR941212-2-00057 0
402 0 FR941213-0-00047 0
402 0 FR941213-0-00054 0
402 0 FR941213-2-00003 0
402 0 FR941213-2-00031 0
402 0 FR941216-0-00038 0
402 0 FR941216-0-00074 0
402 0 FR941219-2-00055 0
402 0 FR941220-0-00056 0
402 0 FR941220-1-00052 0
402 0 FR941221-0-00062 0
402 0 FR941221-2-00011 0
402 0 FR941221-2-00021 0
402 0 FR941221-2-00101 0
402 0 FR941221-2-00119 0
402 0 FR941222-2-00048 0
402 0 FR941222-2-00051 0
402 0 FR941222-2-00055 0
402 0 FR941222-2-00075 0
402 0 FR941222-2-00098 0
402 0 FR941227-0-00016 0
402 0 FR941227-2-00004 0
402 0 FR941227-2-00082 0
402 0 FR941227-2-00089 0
402 0 FR941230-0-00042 0
402 0 FR941230-2-00040 0
402 0 FR941230-2-00127 0
402 0 FR941230-2-00139 0
402 0 FR941230-2-00146 0
402 0 FT911-12 0
402 0 FT911-2784 0
402 0 FT911-2913 0
402 0 FT911-3133 0
402 0 FT911-3356 0
402 0 FT911-4300 0
402 0 FT911-755 0
402 0 FT921-13614 0
402 0 FT921-14452 0
402 0 FT921-16061 0
402 0 FT921-5309 0
402 0 FT921-5312 0
402 0 FT921-8525 0
402 0 FT921-8725 0
402 0 FT922-11565 0
402 0 FT922-11695 0
402 0 FT922-12245 0
402 0 FT922-13064 0
402 0 FT922-1565 0
402 0 FT922-203 0
402 0 FT922-227 0
402 0 FT922-3935 0
402 0 FT922-4560 0
402 0 FT922-4944 0
402 0 FT922-5307 0
402 0 FT922-5484 0
402 0 FT922-5538 0
402 0 FT922-5737 0
402 0 FT922-6074 0
402 0 FT922-6192 0
402 0 FT922-63 0
402 0 FT922-6550 0
402 0 FT922-7187 0
402 0 FT922-7694 0
402 0 FT922-7914 0
402 0 FT922-8296 0
402 0 FT922-884 0
402 0 FT922-9223 0
402 0 FT922-9447 0
402 0 FT923-10017 0
402 0 FT923-11350 0
402 0 FT923-11623 0
402 0 FT923-12060 0
402 0 FT923-12530 0
402 0 FT923-12548 0
402 0 FT923-1374 0
402 0 FT923-14241 0
402 0 FT923-3820 0
402 0 FT923-4963 0
402 0 FT923-5183 0
402 0 FT923-5760 0
402 0 FT923-6007 0
402 0 FT923-6012 0
402 0 FT923-7988 0
402 0 FT924-10420 0
402 0 FT924-10752 0
402 0 FT924-11252 0
402 0 FT924-11987 0
402 0 FT924-12529 0
402 0 FT924-13186 0
402 0 FT924-14803 0
402 0 FT924-15815 0
402 0 FT924-1947 0
402 0 FT924-396 0
402 0 FT924-549 0
402 0 FT924-6346 0
402 0 FT924-6386 0
402 0 FT924-6621 0
402 0 FT924-6622 0
402 0 FT924-6764 0
402 0 FT924-7024 0
402 0 FT924-8306 0
402 0 FT924-928 0
402 0 FT931-10925 1
402 0 FT931-13455 0
402 0 FT931-14388 0
402 0 FT931-15364 0
402 0 FT931-15823 0
402 0 FT931-16404 0
402 0 FT931-2736 1
402 0 FT931-5795 1
402 0 FT932-13552 1
402 0 FT932-13990 0
402 0 FT932-13993 0
402 0 FT932-15011 0
402 0 FT932-16160 0
402 0 FT932-16747 0
402 0 FT932-2133 0
402 0 FT932-282 0
402 0 FT932-3748 0
402 0 FT932-4101 0
402 0 FT932-4918 0
402 0 FT932-6508 0
402 0 FT932-7800 0
402 0 FT932-8964 0
402 0 FT932-9572 0
402 0 FT933-10079 0
402 0 FT933-10697 0
402 0 FT933-10918 0
402 0 FT933-11006 0
402 0 FT933-11998 1
402 0 FT933-14892 0
402 0 FT933-15125 0
402 0 FT933-15293 0
402 0 FT933-16121 0
402 0 FT933-16175 0
402 0 FT933-16692 0
402 0 FT933-16948 0
402 0 FT933-2087 0
402 0 FT933-2692 1
402 0 FT933-2849 0
402 0 FT933-470 0
402 0 FT933-4847 0
402 0 FT933-5189 0
402 0 FT933-5409 0
402 0 FT933-5547 0
402 0 FT933-576 0
402 0 FT933-6678 0
402 0 FT933-6719 1
402 0 FT933-6933 0
402 0 FT933-7438 0
402 0 FT933-8272 0
402 0 FT933-8839 0
402 0 FT933-8865 0
402 0 FT933-9005 0
402 0 FT933-9591 0
402 0 FT934-11221 0
402 0 FT934-11565 0
402 0 FT934-11579 0
402 0 FT934-11785 0
402 0 FT934-11799 0
402 0 FT934-12369 0
402 0 FT934-13554 0
402 0 FT934-14086 0
402 0 FT934-14283 0
402 0 FT934-14503 0
402 0 FT934-14901 0
402 0 FT934-15223 0
402 0 FT934-15868 0
402 0 FT934-16732 0
402 0 FT934-3231 0
402 0 FT934-3451 0
402 0 FT934-3479 0
402 0 FT934-3699 0
402 0 FT934-3709 0
402 0 FT934-39 0
402 0 FT934-4660 0
402 0 FT934-5293 0
402 0 FT934-5973 0
402 0 FT934-6193 0
402 0 FT934-6289 0
402 0 FT934-6386 0
402 0 FT934-9166 0
402 0 FT934-9386 0
402 0 FT941-10022 0
402 0 FT941-10481 0
402 0 FT941-10743 0
402 0 FT941-11093 0
402 0 FT941-12431 0
402 0 FT941-14024 0
402 0 FT941-14331 0
402 0 FT941-14372 0
402 0 FT941-15793 0
402 0 FT941-15926 0
402 0 FT941-17664 0
402 0 FT941-3180 0
402 0 FT941-4764 0
402 0 FT941-5017 0
402 0 FT941-5283 0
402 0 FT941-5519 0
402 0 FT941-6767 0
402 0 FT942-10102 0
402 0 FT942-10384 0
402 0 FT942-10580 0
402 0 FT942-10818 0
402 0 FT942-10819 0
402 0 FT942-11285 0
402 0 FT942-11812 0
402 0 FT942-13730 0
402 0 FT942-13969 0
402 0 FT942-1404 0
402 0 FT942-15146 0
402 0 FT942-1517 0
402 0 FT942-15517 0
402 0 FT942-15737 0
402 0 FT942-1649 0
402 0 FT942-16661 0
402 0 FT942-16911 0
402 0 FT942-1720 0
402 0 FT942-17527 0
402 0 FT942-1994 0
402 0 FT942-2015 0
402 0 FT942-2480 0
402 0 FT942-27 0
402 0 FT942-3637 1
402 0 FT942-4118 0
402 0 FT942-6984 0
402 0 FT942-7428 0
402 0 FT942-7648 0
402 0 FT942-8709 0
402 0 FT943-11541 0
402 0 FT943-11853 0
402 0 FT943-15589 0
402 0 FT943-15629 0
402 0 FT943-16263 0
402 0 FT943-16744 1
402 0 FT943-16993 0
402 0 FT943-4589 0
402 0 FT943-460 0
402 0 FT943-4851 1
402 0 FT943-567 0
402 0 FT943-6896 0
402 0 FT943-7024 0
402 0 FT943-7995 0
402 0 FT943-8066 0
402 0 FT943-9357 0
402 0 FT943-9928 0
402 0 FT944-10934 0
402 0 FT944-11403 0
402 0 FT944-13107 0
402 0 FT944-13300 0
402 0 FT944-15804 0
402 0 FT944-16024 0
402 0 FT944-16464 0
402 0 FT944-16749 0
402 0 FT944-18221 0
402 0 FT944-2249 0
402 0 FT944-2254 0
402 0 FT944-2256 0
402 0 FT944-2690 0
402 0 FT944-2695 0
402 0 FT944-2697 0
402 0 FT944-3521 0
402 0 FT944-5597 0
402 0 FT944-637 0
402 0 FT944-6606 0
402 0 FT944-6607 0
402 0 FT944-6682 0
402 0 FT944-7624 0
402 0 FT944-8033 0
402 0 FT944-9860 0
402 0 FT944-9872 0
402 0 LA010189-0071 0
402 0 LA010390-0133 0
402 0 LA010489-0034 0
402 0 LA010490-0218 0
402 0 LA010590-0095 0
402 0 LA010889-0051 0
402 0 LA010889-0111 0
402 0 LA010889-0160 0
402 0 LA011089-0045 0
402 0 LA011190-0133 0
402 0 LA011289-0200 0
402 0 LA011389-0015 0
402 0 LA011389-0056 0
402 0 LA011389-0148 0
402 0 LA011390-0001 0
402 0 LA011489-0048 0
402 0 LA011490-0002 0
402 0 LA011590-0099 0
402 0 LA011789-0042 0
402 0 LA011790-0028 0
402 0 LA011989-0198 0
402 0 LA012289-0016 0
402 0 LA012290-0038 0
402 0 LA012389-0008 0
402 0 LA012589-0063 0
402 0 LA012589-0092 0
402 0 LA012690-0100 0
402 0 LA012990-0011 0
402 0 LA013089-0072 0
402 0 LA013190-0169 0
402 0 LA020190-0043 1
402 0 LA020389-0077 0
402 0 LA020589-0001 0
402 0 LA020589-0042 0
402 0 LA020690-0042 0
402 0 LA020690-0173 0
402 0 LA020789-0064 0
402 0 LA020789-0113 0
402 0 LA021190-0099 0
402 0 LA021289-0051 0
402 0 LA021289-0055 0
402 0 LA021290-0061 0
402 0 LA021290-0063 0
402 0 LA021489-0045 0
402 0 LA021589-0116 0
402 0 LA021689-0115 0
402 0 LA021989-0057 0
402 0 LA022090-0004 0
402 0 LA022290-0211 0
402 0 LA022689-0007 0
402 0 LA022689-0085 0
402 0 LA022690-0001 0
402 0 LA022789-0085 0
402 0 LA030289-0084 0
402 0 LA030389-0099 0
402 0 LA030490-0113 0
402 0 LA030590-0004 0
402 0 LA030689-0041 0
402 0 LA030690-0022 0
402 0 LA030690-0041 0
402 0 LA030690-0044 0
402 0 LA030790-0036 0
402 0 LA030889-0102 0
402 0 LA030890-0166 0
402 0 LA030989-0098 0
402 0 LA030990-0119 0
402 0 LA030990-0213 0
402 0 LA031090-0007 0
402 0 LA031190-0206 0
402 0 LA031290-0049 0
402 0 LA031690-0203 0
402 0 LA031890-0074 0
402 0 LA031989-0012 0
402 0 LA031989-0191 0
402 0 LA032090-0054 0
402 0 LA032090-0058 0
402 0 LA032290-0073 0
402 0 LA032290-0216 0
402 0 LA032290-0223 0
402 0 LA032389-0175 0
402 0 LA032390-0166 0
402 0 LA032889-0120 0
402 0 LA040389-0015 0
402 0 LA040389-0029 0
402 0 LA040489-0104 0
402 0 LA040790-0127 0
402 0 LA040889-0050 0
402 0 LA040889-0090 0
402 0 LA040890-0172 0
402 0 LA041090-0130 0
402 0 LA041689-0113 0
402 0 LA041690-0084 0
402 0 LA041789-0061 0
402 0 LA041789-0062 0
402 0 LA041790-0073 0
402 0 LA041889-0072 0
402 0 LA041889-0082 0
402 0 LA041990-0068 0
402 0 LA042089-0107 0
402 0 LA042389-0005 0
402 0 LA042389-0087 0
402 0 LA042390-0048 0
402 0 LA042390-0090 0
402 0 LA042489-0044 0
402 0 LA042489-0048 0
402 0 LA042489-0075 0
402 0 LA042489-0082 0
402 0 LA042490-0146 0
402 0 LA042589-0051 0
402 0 LA042589-0149 0
402 0 LA042590-0009 0
402 0 LA042590-0099 0
402 0 LA042689-0024 0
402 0 LA042689-0101 0
402 0 LA042689-0142 0
402 0 LA042690-0047 0
402 0 LA042690-0069 0
402 0 LA042690-0154 0
402 0 LA042789-0046 0
402 0 LA042790-0204 0
402 0 LA042889-0096 0
402 0 LA042890-0164 0
402 0 LA042990-0183 0
402 0 LA042990-0245 0
402 0 LA042990-0247 0
402 0 LA042990-0251 0
402 0 LA050190-0198 0
402 0 LA050290-0159 0
402 0 LA050389-0044 0
402 0 LA050389-0135 0
402 0 LA050390-0027 0
402 0 LA050390-0046 0
402 0 LA050390-0216 0
402 0 LA050490-0004 0
402 0 LA050789-0167 0
402 0 LA050989-0168 0
402 0 LA051090-0096 0
402 0 LA051090-0242 0
402 0 LA051189-0021 0
402 0 LA051189-0153 0
402 0 LA051190-0184 0
402 0 LA051190-0194 0
402 0 LA051289-0110 0
402 0 LA051290-0075 0
402 0 LA051389-0006 0
402 0 LA051389-0010 0
402 0 LA051390-0101 0
402 0 LA051689-0013 0
402 0 LA051789-0009 0
402 0 LA051789-0093 0
402 0 LA051790-0095 0
402 0 LA051889-0083 0
402 0 LA051989-0006 0
402 0 LA052089-0047 0
402 0 LA052089-0054 0
402 0 LA052090-0104 0
402 0 LA052190-0044 0
402 0 LA052490-0122 0
402 0 LA052789-0045 0
402 0 LA052890-0038 0
402 0 LA052989-0024 0
402 0 LA052989-0031 0
402 0 LA052989-0050 0
402 0 LA052990-0096 0
402 0 LA053190-0199 0
402 0 LA053190-0222 0
402 0 LA060189-0166 0
402 0 LA060289-0040 0
402 0 LA060289-0090 0
402 0 LA060589-0050 0
402 0 LA060590-0115 0
402 0 LA060890-0027 0
402 0 LA061090-0243 0
402 0 LA061290-0063 0
402 0 LA061290-0064 0
402 0 LA061389-0080 0
402 0 LA061589-0055 0
402 0 LA061590-0161 0
402 0 LA061890-0031 0
402 0 LA061990-0078 0
402 0 LA062190-0024 0
402 0 LA062490-0011 0
402 0 LA062590-0044 0
402 0 LA062789-0043 0
402 0 LA070390-0027 0
402 0 LA070390-0117 0
402 0 LA070390-0118 0
402 0 LA070589-0014 0
402 0 LA070590-0006 0
402 0 LA070590-0178 1
402 0 LA071090-0093 0
402 0 LA071389-0109 0
402 0 LA071689-0143 0
402 0 LA071689-0207 1
402 0 LA072289-0117 0
402 0 LA072289-0149 0
402 0 LA072290-0161 0
402 0 LA072390-0003 0
402 0 LA072489-0041 0
402 0 LA072490-0078 0
402 0 LA072490-0080 0
402 0 LA072490-0081 0
402 0 LA072490-0082 0
402 0 LA072590-0057 0
402 0 LA072690-0018 0
402 0 LA072690-0103 0
402 0 LA072989-0066 0
402 0 LA072990-0039 0
402 0 LA073089-0075 0
402 0 LA073090-0055 0
402 0 LA073090-0056 1
402 0 LA073090-0058 0
402 0 LA073090-0079 0
402 0 LA080190-0001 0
402 0 LA080190-0091 0
402 0 LA080589-0092 0
402 0 LA080990-0110 0
402 0 LA081089-0016 0
402 0 LA081189-0010 0
402 0 LA081289-0099 0
402 0 LA081389-0171 0
402 0 LA081390-0025 0
402 0 LA081390-0051 0
402 0 LA081490-0032 0
402 0 LA081490-0123 0
402 0 LA081589-0003 0
402 0 LA081589-0027 0
402 0 LA081589-0094 0
402 0 LA081990-0064 0
402 0 LA081990-0223 0
402 0 LA082089-0193 0
402 0 LA082090-0138 0
402 0 LA082290-0101 0
402 0 LA082390-0057 0
402 0 LA082390-0059 0
402 0 LA082390-0061 0
402 0 LA082390-0066 0
402 0 LA082590-0108 0
402 0 LA082790-0026 0
402 0 LA082890-0031 0
402 0 LA082989-0131 0
402 0 LA082990-0125 0
402 0 LA090189-0093 0
402 0 LA090389-0004 0
402 0 LA090389-0060 0
402 0 LA090390-0030 0
402 0 LA090490-0017 0
402 0 LA090490-0019 0
402 0 LA090490-0020 0
402 0 LA090490-0021 0
402 0 LA090490-0022 0
402 0 LA090490-0027 0
402 0 LA090490-0030 0
402 0 LA090490-0031 0
402 0 LA090490-0032 0
402 0 LA090490-0116 0
402 0 LA090589-0067 0
402 0 LA090689-0041 0
402 0 LA090689-0043 0
402 0 LA090690-0047 0
402 0 LA090690-0051 0
402 0 LA090690-0052 0
402 0 LA091689-0002 0
402 0 LA092189-0149 0
402 0 LA092389-0115 0
402 0 LA092489-0022 0
402 0 LA092889-0073 0
402 0 LA093089-0127 0
402 0 LA100290-0045 0
402 0 LA100290-0050 0
402 0 LA100290-0052 0
402 0 LA100290-0100 0
402 0 LA100490-0056 0
402 0 LA100490-0057 0
402 0 LA100589-0010 0
402 0 LA100589-0054 0
402 0 LA100589-0130 0
402 0 LA100590-0008 0
402 0 LA100689-0032 0
402 0 LA100790-0252 0
402 0 LA100889-0041 1
402 0 LA100889-0043 0
402 0 LA100889-0044 0
402 0 LA100889-0137 0
402 0 LA100989-0026 0
402 0 LA100990-0053 0
402 0 LA100990-0140 0
402 0 LA101089-0095 0
402 0 LA101090-0127 0
402 0 LA101189-0054 0
402 0 LA101190-0043 0
402 0 LA101290-0001 0
402 0 LA101290-0131 0
402 0 LA101389-0181 0
402 0 LA101390-0155 0
402 0 LA101489-0066 0
402 0 LA101589-0047 1
402 0 LA101589-0194 0
402 0 LA101689-0002 0
402 0 LA101689-0010 0
402 0 LA101689-0054 0
402 0 LA101690-0035 0
402 0 LA101790-0032 0
402 0 LA101889-0074 0
402 0 LA101889-0091 0
402 0 LA101989-0026 0
402 0 LA101989-0036 0
402 0 LA101989-0136 0
402 0 LA102089-0029 0
402 0 LA102089-0174 0
402 0 LA102089-0179 0
402 0 LA102190-0083 0
402 0 LA102290-0092 0
402 0 LA102389-0100 0
402 0 LA102390-0066 0
402 0 LA102390-0093 0
402 0 LA102390-0121 0
402 0 LA102489-0025 0
402 0 LA102689-0121 0
402 0 LA102789-0141 0
402 0 LA102790-0031 0
402 0 LA102889-0119 0
402 0 LA102990-0094 0
402 0 LA103089-0037 0
402 0 LA110189-0069 0
402 0 LA110189-0092 0
402 0 LA110289-0120 0
402 0 LA110290-0126 0
402 0 LA110490-0092 0
402 0 LA110589-0171 0
402 0 LA110589-0189 0
402 0 LA110590-0008 0
402 0 LA110590-0024 0
402 0 LA110690-0141 0
402 0 LA110789-0046 0
402 0 LA110889-0005 0
402 0 LA111089-0105 0
402 0 LA111289-0077 0
402 0 LA111390-0098 0
402 0 LA111689-0145 0
402 0 LA111689-0161 0
402 0 LA111690-0131 0
402 0 LA111690-0138 0
402 0 LA111690-0195 0
402 0 LA111790-0003 0
402 0 LA111890-0092 0
402 0 LA111890-0124 0
402 0 LA111989-0213 0
402 0 LA112089-0015 0
402 0 LA112290-0177 0
402 0 LA112690-0079 0
402 0 LA112690-0080 0
402 0 LA112789-0037 0
402 0 LA112790-0138 0
402 0 LA112990-0132 0
402 0 LA113090-0156 0
402 0 LA120190-0116 0
402 0 LA120389-0120 1
402 0 LA120489-0008 0
402 0 LA120490-0023 0
402 0 LA120589-0110 0
402 0 LA120690-0200 0
402 0 LA120789-0006 0
402 0 LA120990-0216 0
402 0 LA121089-0191 0
402 0 LA121089-0245 0
402 0 LA121090-0030 0
402 0 LA121189-0004 0
402 0 LA121190-0034 0
402 0 LA121190-0075 0
402 0 LA121290-0083 0
402 0 LA121589-0077 0
402 0 LA121590-0102 0
402 0 LA121789-0114 0
402 0 LA121890-0019 0
402 0 LA121890-0149 0
402 0 LA121989-0030 0
402 0 LA121989-0123 0
402 0 LA122289-0050 0
402 0 LA122290-0007 0
402 0 LA122290-0132 0
402 0 LA122290-0133 0
402 0 LA122390-0202 0
402 0 LA122489-0017 0
402 0 LA122490-0040 0
402 0 LA122589-0046 0
402 0 LA122589-0075 0
402 0 LA122689-0096 0
402 0 LA122789-0032 0
402 0 LA122789-0134 0
402 0 LA122790-0224 0
402 0 LA122890-0021 0
402 0 LA123189-0109 0
402 0 LA123189-0182 0
402 0 LA123190-0047 0
