436 0 FBIS3-10291 0
436 0 FBIS3-10756 0
436 0 FBIS3-11982 0
436 0 FBIS3-13304 0
436 0 FBIS3-13685 0
436 0 FBIS3-13796 0
436 0 FBIS3-14832 0
436 0 FBIS3-1509 0
436 0 FBIS3-15710 0
436 0 FBIS3-16389 0
436 0 FBIS3-16495 0
436 0 FBIS3-1651 0
436 0 FBIS3-17056 0
436 0 FBIS3-17306 0
436 0 FBIS3-1746 0
436 0 FBIS3-1849 0
436 0 FBIS3-1876 0
436 0 FBIS3-18969 0
436 0 FBIS3-1948 0
436 0 FBIS3-19631 0
436 0 FBIS3-20570 0
436 0 FBIS3-20722 0
436 0 FBIS3-20796 0
436 0 FBIS3-20959 0
436 0 FBIS3-20981 0
436 0 FBIS3-21193 0
436 0 FBIS3-21226 0
436 0 FBIS3-22116 0
436 0 FBIS3-22566 0
436 0 FBIS3-22883 0
436 0 FBIS3-23 0
436 0 FBIS3-23566 0
436 0 FBIS3-23891 0
436 0 FBIS3-24030 0
436 0 FBIS3-24466 0
436 0 FBIS3-24506 0
436 0 FBIS3-24619 0
436 0 FBIS3-24653 0
436 0 FBIS3-24663 0
436 0 FBIS3-24865 0
436 0 FBIS3-2516 0
436 0 FBIS3-2574 0
436 0 FBIS3-25821 0
436 0 FBIS3-25901 0
436 0 FBIS3-25902 0
436 0 FBIS3-26006 0
436 0 FBIS3-2620 0
436 0 FBIS3-26475 0
436 0 FBIS3-26568 0
436 0 FBIS3-26576 0
436 0 FBIS3-26866 0
436 0 FBIS3-26913 0
436 0 FBIS3-27104 0
436 0 FBIS3-27115 0
436 0 FBIS3-27210 0
436 0 FBIS3-27259 0
436 0 FBIS3-27428 0
436 0 FBIS3-27520 0
436 0 FBIS3-2760 0
436 0 FBIS3-2762 0
436 0 FBIS3-27826 0
436 0 FBIS3-27934 0
436 0 FBIS3-2927 0
436 0 FBIS3-29471 0
436 0 FBIS3-29556 0
436 0 FBIS3-29690 0
436 0 FBIS3-29825 0
436 0 FBIS3-30688 0
436 0 FBIS3-3072 0
436 0 FBIS3-31373 0
436 0 FBIS3-31436 0
436 0 FBIS3-32421 0
436 0 FBIS3-33324 0
436 0 FBIS3-36904 0
436 0 FBIS3-37243 0
436 0 FBIS3-37619 0
436 0 FBIS3-37700 0
436 0 FBIS3-37727 0
436 0 FBIS3-3936 0
436 0 FBIS3-39436 0
436 0 FBIS3-40087 0
436 0 FBIS3-40201 0
436 0 FBIS3-40205 0
436 0 FBIS3-40450 0
436 0 FBIS3-40479 0
436 0 FBIS3-40497 0
436 0 FBIS3-40886 0
436 0 FBIS3-40944 0
436 0 FBIS3-4105 0
436 0 FBIS3-41611 0
436 0 FBIS3-41617 0
436 0 FBIS3-42393 0
436 0 FBIS3-42459 0
436 0 FBIS3-42630 0
436 0 FBIS3-42766 0
436 0 FBIS3-42788 0
436 0 FBIS3-42798 0
436 0 FBIS3-42894 0
436 0 FBIS3-42984 0
436 0 FBIS3-42985 0
436 0 FBIS3-43022 0
436 0 FBIS3-43023 0
436 0 FBIS3-43043 0
436 0 FBIS3-43044 0
436 0 FBIS3-43113 0
436 0 FBIS3-43114 0
436 0 FBIS3-43142 0
436 0 FBIS3-43166 0
436 0 FBIS3-43196 0
436 0 FBIS3-43220 0
436 0 FBIS3-44352 0
436 0 FBIS3-44468 0
436 0 FBIS3-44710 0
436 0 FBIS3-4475 0
436 0 FBIS3-4497 0
436 0 FBIS3-45046 0
436 0 FBIS3-45139 0
436 0 FBIS3-45521 0
436 0 FBIS3-45653 0
436 0 FBIS3-463 1
436 0 FBIS3-46511 0
436 0 FBIS3-46514 0
436 0 FBIS3-46674 0
436 0 FBIS3-4694 0
436 0 FBIS3-47022 0
436 0 FBIS3-47340 0
436 0 FBIS3-49599 0
436 0 FBIS3-50564 0
436 0 FBIS3-526 0
436 0 FBIS3-52625 0
436 0 FBIS3-527 0
436 0 FBIS3-53791 0
436 0 FBIS3-54005 0
436 0 FBIS3-54238 0
436 0 FBIS3-54439 0
436 0 FBIS3-55570 0
436 0 FBIS3-56883 0
436 0 FBIS3-57624 0
436 0 FBIS3-58 0
436 0 FBIS3-59303 0
436 0 FBIS3-59315 0
436 0 FBIS3-59585 0
436 0 FBIS3-5962 0
436 0 FBIS3-59631 0
436 0 FBIS3-59655 0
436 0 FBIS3-59656 0
436 0 FBIS3-59685 0
436 0 FBIS3-59746 0
436 0 FBIS3-59755 0
436 0 FBIS3-59837 0
436 0 FBIS3-60304 0
436 0 FBIS3-60360 0
436 0 FBIS3-60381 0
436 0 FBIS3-60392 0
436 0 FBIS3-60907 0
436 0 FBIS3-61004 0
436 0 FBIS3-61015 0
436 0 FBIS3-61044 0
436 0 FBIS3-61229 0
436 0 FBIS3-61388 0
436 0 FBIS3-61524 0
436 0 FBIS3-6216 0
436 0 FBIS3-6482 0
436 0 FBIS3-67 0
436 0 FBIS3-6936 0
436 0 FBIS3-7058 0
436 0 FBIS3-7321 0
436 0 FBIS3-7548 0
436 0 FBIS3-8272 0
436 0 FBIS3-9353 0
436 0 FBIS3-9639 0
436 0 FBIS4-11287 0
436 0 FBIS4-11884 0
436 0 FBIS4-12721 0
436 0 FBIS4-15091 0
436 0 FBIS4-1539 0
436 0 FBIS4-15679 0
436 0 FBIS4-1652 0
436 0 FBIS4-16750 0
436 0 FBIS4-1682 0
436 0 FBIS4-16923 0
436 0 FBIS4-18283 0
436 0 FBIS4-1860 0
436 0 FBIS4-18786 0
436 0 FBIS4-19511 0
436 0 FBIS4-19716 0
436 0 FBIS4-20504 0
436 0 FBIS4-20617 0
436 0 FBIS4-20698 0
436 0 FBIS4-20757 0
436 0 FBIS4-20833 0
436 0 FBIS4-2115 0
436 0 FBIS4-21519 0
436 0 FBIS4-21675 0
436 0 FBIS4-22063 0
436 0 FBIS4-22152 0
436 0 FBIS4-22207 0
436 0 FBIS4-22524 0
436 0 FBIS4-22528 0
436 0 FBIS4-22629 0
436 0 FBIS4-22632 0
436 0 FBIS4-22656 0
436 0 FBIS4-2267 0
436 0 FBIS4-2268 0
436 0 FBIS4-22800 0
436 0 FBIS4-22872 0
436 0 FBIS4-22959 0
436 0 FBIS4-23114 0
436 0 FBIS4-23131 0
436 0 FBIS4-2403 0
436 0 FBIS4-2449 0
436 0 FBIS4-24633 0
436 0 FBIS4-24637 0
436 0 FBIS4-24647 0
436 0 FBIS4-24667 0
436 0 FBIS4-24715 0
436 0 FBIS4-24858 0
436 0 FBIS4-25022 0
436 0 FBIS4-25151 0
436 0 FBIS4-25154 0
436 0 FBIS4-25155 0
436 0 FBIS4-25183 0
436 0 FBIS4-25261 0
436 0 FBIS4-25811 0
436 0 FBIS4-25976 0
436 0 FBIS4-26040 0
436 0 FBIS4-26100 0
436 0 FBIS4-26656 0
436 0 FBIS4-26767 0
436 0 FBIS4-26770 0
436 0 FBIS4-26871 0
436 0 FBIS4-27004 0
436 0 FBIS4-2721 0
436 0 FBIS4-2736 0
436 0 FBIS4-28502 0
436 0 FBIS4-28949 0
436 0 FBIS4-29 0
436 0 FBIS4-29778 0
436 0 FBIS4-30835 0
436 0 FBIS4-3097 0
436 0 FBIS4-31718 0
436 0 FBIS4-3235 0
436 0 FBIS4-32733 0
436 0 FBIS4-33295 0
436 0 FBIS4-3402 0
436 0 FBIS4-34473 0
436 0 FBIS4-3449 0
436 0 FBIS4-35380 0
436 0 FBIS4-36256 0
436 0 FBIS4-3896 0
436 0 FBIS4-39438 0
436 0 FBIS4-39947 0
436 0 FBIS4-40881 0
436 0 FBIS4-42 0
436 0 FBIS4-44 0
436 0 FBIS4-44416 0
436 0 FBIS4-44485 0
436 0 FBIS4-44504 0
436 0 FBIS4-44753 0
436 0 FBIS4-44761 0
436 0 FBIS4-44906 0
436 0 FBIS4-44912 0
436 0 FBIS4-44913 0
436 0 FBIS4-45041 0
436 0 FBIS4-45389 0
436 0 FBIS4-45809 0
436 0 FBIS4-46538 0
436 0 FBIS4-46669 0
436 0 FBIS4-46722 0
436 0 FBIS4-4673 0
436 0 FBIS4-46758 0
436 0 FBIS4-46801 0
436 0 FBIS4-46825 0
436 0 FBIS4-46914 0
436 0 FBIS4-47004 0
436 0 FBIS4-47013 0
436 0 FBIS4-47124 0
436 0 FBIS4-4714 0
436 0 FBIS4-47157 0
436 0 FBIS4-47300 0
436 0 FBIS4-47414 0
436 0 FBIS4-47439 0
436 0 FBIS4-47440 0
436 0 FBIS4-47634 0
436 0 FBIS4-4841 0
436 0 FBIS4-49099 0
436 0 FBIS4-49226 0
436 0 FBIS4-49584 0
436 0 FBIS4-49809 0
436 0 FBIS4-50005 0
436 0 FBIS4-50011 0
436 0 FBIS4-50083 0
436 0 FBIS4-50173 0
436 0 FBIS4-50315 0
436 0 FBIS4-50361 0
436 0 FBIS4-50589 0
436 0 FBIS4-50706 0
436 0 FBIS4-50717 0
436 0 FBIS4-50805 0
436 0 FBIS4-51063 0
436 0 FBIS4-51131 0
436 0 FBIS4-51139 0
436 0 FBIS4-51434 0
436 0 FBIS4-51595 0
436 0 FBIS4-51604 0
436 0 FBIS4-51652 0
436 0 FBIS4-52040 0
436 0 FBIS4-52159 0
436 0 FBIS4-52303 0
436 0 FBIS4-52531 0
436 0 FBIS4-52557 0
436 0 FBIS4-5278 0
436 0 FBIS4-53078 0
436 0 FBIS4-53281 0
436 0 FBIS4-5349 0
436 0 FBIS4-53792 0
436 0 FBIS4-53862 0
436 0 FBIS4-54007 0
436 0 FBIS4-54477 0
436 0 FBIS4-55829 0
436 0 FBIS4-55926 0
436 0 FBIS4-56788 0
436 0 FBIS4-57693 0
436 0 FBIS4-58121 0
436 0 FBIS4-6055 0
436 0 FBIS4-61666 0
436 0 FBIS4-61875 0
436 0 FBIS4-62389 0
436 0 FBIS4-62474 0
436 0 FBIS4-62758 0
436 0 FBIS4-63198 0
436 0 FBIS4-63731 0
436 0 FBIS4-64850 0
436 0 FBIS4-66161 0
436 0 FBIS4-66312 0
436 0 FBIS4-66613 0
436 0 FBIS4-67246 0
436 0 FBIS4-67351 0
436 0 FBIS4-67533 0
436 0 FBIS4-67662 0
436 0 FBIS4-67877 0
436 0 FBIS4-6820 0
436 0 FBIS4-68275 0
436 0 FBIS4-68289 0
436 0 FBIS4-68320 0
436 0 FBIS4-68348 0
436 0 FBIS4-68382 0
436 0 FBIS4-68441 0
436 0 FBIS4-68445 0
436 0 FBIS4-68564 0
436 0 FBIS4-68595 0
436 0 FBIS4-68609 0
436 0 FBIS4-68651 0
436 0 FBIS4-68747 0
436 0 FBIS4-68784 0
436 0 FBIS4-68893 0
436 0 FBIS4-6950 0
436 0 FBIS4-8690 0
436 0 FBIS4-8872 0
436 0 FR940104-1-00036 0
436 0 FR940104-1-00037 0
436 0 FR940104-1-00038 0
436 0 FR940104-1-00039 0
436 0 FR940104-1-00040 0
436 0 FR940104-1-00046 0
436 0 FR940105-2-00109 0
436 0 FR940106-2-00115 0
436 0 FR940111-2-00109 0
436 0 FR940111-2-00110 0
436 0 FR940112-1-00044 0
436 0 FR940114-0-00055 0
436 0 FR940114-1-00023 0
436 0 FR940114-1-00024 0
436 0 FR940114-1-00027 0
436 0 FR940114-1-00029 0
436 0 FR940114-1-00039 0
436 0 FR940114-1-00040 0
436 0 FR940114-1-00041 0
436 0 FR940114-1-00051 0
436 0 FR940114-1-00053 0
436 0 FR940114-1-00054 0
436 0 FR940114-1-00058 0
436 0 FR940114-2-00153 0
436 0 FR940118-2-00049 0
436 0 FR940118-2-00088 0
436 0 FR940118-2-00093 0
436 0 FR940119-1-00032 0
436 0 FR940119-1-00047 0
436 0 FR940124-2-00031 0
436 0 FR940124-2-00033 0
436 0 FR940127-2-00018 0
436 0 FR940127-2-00068 0
436 0 FR940128-2-00062 0
436 0 FR940128-2-00210 0
436 0 FR940203-0-00084 0
436 0 FR940204-2-00106 0
436 0 FR940222-0-00042 0
436 0 FR940223-1-00044 0
436 0 FR940223-2-00134 0
436 0 FR940223-2-00230 0
436 0 FR940223-2-00231 0
436 0 FR940228-2-00117 0
436 0 FR940302-2-00103 0
436 0 FR940304-1-00165 0
436 0 FR940304-2-00153 0
436 0 FR940317-1-00075 0
436 0 FR940317-2-00104 0
436 0 FR940318-0-00141 0
436 0 FR940324-2-00020 0
436 0 FR940404-2-00112 0
436 0 FR940406-0-00146 0
436 0 FR940406-0-00177 0
436 0 FR940406-0-00178 0
436 0 FR940406-0-00190 0
436 0 FR940406-2-00132 0
436 0 FR940407-0-00013 0
436 0 FR940412-1-00060 0
436 0 FR940412-1-00061 0
436 0 FR940412-1-00062 0
436 0 FR940412-1-00064 0
436 0 FR940412-2-00152 0
436 0 FR940413-2-00079 0
436 0 FR940413-2-00129 0
436 0 FR940414-2-00080 0
436 0 FR940418-0-00033 0
436 0 FR940425-0-00037 0
436 0 FR940425-2-00020 0
436 0 FR940425-2-00092 0
436 0 FR940428-0-00052 0
436 0 FR940428-2-00082 0
436 0 FR940428-2-00083 0
436 0 FR940428-2-00086 0
436 0 FR940428-2-00092 0
436 0 FR940428-2-00100 0
436 0 FR940504-2-00070 0
436 0 FR940505-1-00162 0
436 0 FR940505-1-00163 0
436 0 FR940505-1-00164 0
436 0 FR940505-1-00167 0
436 0 FR940505-1-00168 0
436 0 FR940505-1-00196 0
436 0 FR940505-1-00471 0
436 0 FR940505-2-00083 0
436 0 FR940511-2-00029 0
436 0 FR940511-2-00190 0
436 0 FR940512-2-00065 0
436 0 FR940512-2-00122 0
436 0 FR940512-2-00129 0
436 0 FR940512-2-00131 0
436 0 FR940513-0-00118 0
436 0 FR940513-0-00120 0
436 0 FR940513-2-00134 0
436 0 FR940516-0-00077 0
436 0 FR940524-0-00047 0
436 0 FR940525-2-00098 0
436 0 FR940525-2-00101 0
436 0 FR940525-2-00103 0
436 0 FR940525-2-00107 0
436 0 FR940525-2-00108 0
436 0 FR940525-2-00109 0
436 0 FR940525-2-00115 0
436 0 FR940525-2-00180 0
436 0 FR940603-1-00132 0
436 0 FR940607-2-00065 0
436 0 FR940607-2-00076 0
436 0 FR940613-0-00026 0
436 0 FR940613-0-00045 0
436 0 FR940613-0-00069 0
436 0 FR940613-2-00082 0
436 0 FR940616-0-00033 0
436 0 FR940616-2-00005 0
436 0 FR940620-1-00043 0
436 0 FR940620-1-00073 0
436 0 FR940620-2-00051 0
436 0 FR940621-2-00094 0
436 0 FR940622-2-00065 0
436 0 FR940622-2-00075 0
436 0 FR940627-2-00130 0
436 0 FR940628-0-00070 0
436 0 FR940628-1-00065 0
436 0 FR940628-1-00067 0
436 0 FR940628-1-00068 0
436 0 FR940628-1-00069 0
436 0 FR940628-1-00070 0
436 0 FR940628-1-00071 0
436 0 FR940628-1-00073 0
436 0 FR940628-1-00076 0
436 0 FR940628-1-00078 0
436 0 FR940628-1-00079 0
436 0 FR940628-1-00080 0
436 0 FR940628-2-00068 0
436 0 FR940705-2-00236 0
436 0 FR940706-0-00052 0
436 0 FR940706-2-00126 0
436 0 FR940707-2-00166 0
436 0 FR940711-2-00128 0
436 0 FR940712-0-00014 0
436 0 FR940712-2-00071 0
436 0 FR940713-1-00052 0
436 0 FR940720-2-00080 0
436 0 FR940720-2-00082 0
436 0 FR940720-2-00083 0
436 0 FR940720-2-00088 0
436 0 FR940720-2-00089 0
436 0 FR940720-2-00094 0
436 0 FR940720-2-00097 0
436 0 FR940720-2-00105 0
436 0 FR940720-2-00106 0
436 0 FR940720-2-00110 0
436 0 FR940722-1-00057 0
436 0 FR940722-2-00097 0
436 0 FR940722-2-00120 0
436 0 FR940802-2-00081 0
436 0 FR940802-2-00083 0
436 0 FR940803-0-00090 1
436 0 FR940803-0-00091 0
436 0 FR940803-0-00094 0
436 0 FR940803-1-00037 0
436 0 FR940803-1-00055 0
436 0 FR940803-1-00056 0
436 0 FR940803-1-00057 0
436 0 FR940803-1-00060 0
436 0 FR940810-2-00090 0
436 0 FR940812-2-00229 0
436 0 FR940817-1-00028 0
436 0 FR940817-2-00213 0
436 0 FR940819-1-00034 0
436 0 FR940819-1-00036 0
436 0 FR940819-1-00042 0
436 0 FR940819-1-00043 0
436 0 FR940819-1-00044 0
436 0 FR940819-1-00051 0
436 0 FR940819-1-00052 0
436 0 FR940819-1-00058 0
436 0 FR940819-1-00061 0
436 0 FR940819-1-00063 0
436 0 FR940822-0-00058 0
436 0 FR940822-0-00059 0
436 0 FR940822-0-00063 0
436 0 FR940822-0-00066 0
436 0 FR940830-1-00074 0
436 0 FR940831-2-00108 0
436 0 FR940902-2-00089 0
436 0 FR940902-2-00090 0
436 0 FR940902-2-00162 0
436 0 FR940906-2-00126 0
436 0 FR940906-2-00131 0
436 0 FR940912-1-00081 0
436 0 FR940912-2-00144 0
436 0 FR940916-1-00070 0
436 0 FR940916-1-00071 0
436 0 FR940916-1-00074 0
436 0 FR940916-1-00079 0
436 0 FR940916-1-00080 0
436 0 FR940916-1-00081 0
436 0 FR940916-1-00082 0
436 0 FR940916-1-00083 0
436 0 FR940916-1-00084 0
436 0 FR940916-1-00085 0
436 0 FR940916-1-00091 0
436 0 FR940916-1-00093 0
436 0 FR940916-1-00094 0
436 0 FR940916-1-00095 0
436 0 FR940916-1-00097 0
436 0 FR940916-1-00098 0
436 0 FR940916-1-00100 0
436 0 FR940916-1-00102 0
436 0 FR940916-1-00103 0
436 0 FR940916-1-00107 0
436 0 FR940916-1-00109 0
436 0 FR940916-1-00117 0
436 0 FR940916-1-00118 0
436 0 FR940916-1-00119 0
436 0 FR940916-1-00120 0
436 0 FR940916-1-00124 0
436 0 FR940916-1-00125 0
436 0 FR940916-1-00127 0
436 0 FR940916-1-00128 0
436 0 FR940916-1-00131 0
436 0 FR940916-1-00137 0
436 0 FR940916-1-00138 0
436 0 FR940916-1-00158 0
436 0 FR940916-1-00161 0
436 0 FR940916-1-00162 0
436 0 FR940916-2-00087 0
436 0 FR940919-1-00002 0
436 0 FR940919-1-00003 0
436 0 FR940919-2-00011 0
436 0 FR940919-2-00129 0
436 0 FR940919-2-00130 0
436 0 FR940919-2-00157 0
436 0 FR940919-2-00158 0
436 0 FR940920-1-00116 0
436 0 FR940920-2-00099 0
436 0 FR940921-2-00072 0
436 0 FR940922-2-00113 0
436 0 FR940926-0-00069 0
436 0 FR940926-0-00075 0
436 0 FR940926-0-00080 0
436 0 FR940926-0-00082 0
436 0 FR940926-0-00083 0
436 0 FR940927-0-00113 0
436 0 FR940927-2-00093 0
436 0 FR940927-2-00094 0
436 0 FR940928-1-00027 0
436 0 FR940928-2-00091 0
436 0 FR940928-2-00108 0
436 0 FR940928-2-00109 0
436 0 FR940928-2-00110 0
436 0 FR940928-2-00111 0
436 0 FR940928-2-00117 0
436 0 FR940930-0-00207 0
436 0 FR940930-0-00208 0
436 0 FR940930-0-00209 0
436 0 FR940930-0-00211 0
436 0 FR940930-0-00213 0
436 0 FR940930-0-00216 0
436 0 FR940930-0-00219 0
436 0 FR940930-0-00221 0
436 0 FR940930-0-00223 0
436 0 FR940930-0-00224 0
436 0 FR940930-0-00235 0
436 0 FR940930-0-00236 0
436 0 FR940930-0-00237 0
436 0 FR940930-0-00238 0
436 0 FR940930-0-00239 0
436 0 FR940930-0-00242 0
436 0 FR940930-0-00243 0
436 0 FR940930-1-00051 0
436 0 FR940930-1-00053 0
436 0 FR940930-1-00056 0
436 0 FR940930-1-00057 0
436 0 FR940930-1-00058 0
436 0 FR940930-1-00059 0
436 0 FR941003-0-00091 0
436 0 FR941005-2-00041 0
436 0 FR941006-1-00062 0
436 0 FR941007-1-00036 0
436 0 FR941007-1-00041 0
436 0 FR941012-0-00038 0
436 0 FR941012-0-00041 0
436 0 FR941012-0-00042 0
436 0 FR941012-0-00043 0
436 0 FR941012-0-00050 0
436 0 FR941012-0-00052 0
436 0 FR941012-0-00053 0
436 0 FR941012-0-00067 0
436 0 FR941012-0-00117 0
436 0 FR941012-0-00140 0
436 0 FR941012-1-00041 0
436 0 FR941012-1-00044 0
436 0 FR941012-1-00047 0
436 0 FR941012-1-00048 0
436 0 FR941012-2-00103 0
436 0 FR941019-1-00009 0
436 0 FR941019-2-00006 0
436 0 FR941019-2-00110 0
436 0 FR941021-1-00055 0
436 0 FR941021-1-00056 0
436 0 FR941021-1-00057 0
436 0 FR941026-1-00009 0
436 0 FR941026-2-00082 0
436 0 FR941027-2-00123 0
436 0 FR941028-2-00107 0
436 0 FR941028-2-00109 0
436 0 FR941103-0-00104 0
436 0 FR941103-2-00108 0
436 0 FR941103-2-00110 0
436 0 FR941103-2-00111 0
436 0 FR941107-2-00141 0
436 0 FR941110-2-00107 0
436 0 FR941117-0-00054 0
436 0 FR941117-0-00056 0
436 0 FR941117-2-00158 0
436 0 FR941128-1-00045 0
436 0 FR941202-0-00124 0
436 0 FR941202-0-00144 0
436 0 FR941205-2-00078 0
436 0 FR941205-2-00113 0
436 0 FR941206-2-00130 0
436 0 FR941212-0-00120 0
436 0 FR941213-0-00006 0
436 0 FR941213-0-00007 0
436 0 FR941213-0-00012 0
436 0 FR941213-0-00074 0
436 0 FR941213-0-00075 0
436 0 FR941213-0-00080 0
436 0 FR941213-1-00028 0
436 0 FR941213-1-00029 0
436 0 FR941213-1-00033 0
436 0 FR941213-2-00083 0
436 0 FR941216-1-00082 0
436 0 FR941216-1-00095 0
436 0 FR941216-1-00137 0
436 0 FR941216-1-00152 0
436 0 FR941216-1-00158 0
436 0 FR941216-1-00159 0
436 0 FR941216-1-00160 0
436 0 FR941216-2-00180 0
436 0 FR941219-2-00180 0
436 0 FR941220-2-00075 0
436 0 FR941221-2-00021 0
436 0 FR941222-0-00023 0
436 0 FR941222-0-00050 0
436 0 FR941227-1-00024 0
436 0 FR941227-1-00025 0
436 0 FR941227-1-00026 0
436 0 FR941227-1-00027 0
436 0 FR941227-1-00031 0
436 0 FR941230-0-00074 0
436 0 FR941230-0-00075 0
436 0 FR941230-0-00119 0
436 0 FR941230-0-00123 0
436 0 FR941230-2-00036 0
436 0 FR941230-2-00052 0
436 0 FR941230-2-00118 0
436 0 FT911-1475 0
436 0 FT911-1652 0
436 0 FT911-1663 0
436 0 FT911-1922 0
436 0 FT911-1958 0
436 0 FT911-2374 0
436 0 FT911-2766 0
436 0 FT911-2809 0
436 0 FT911-3312 0
436 0 FT911-3641 0
436 0 FT911-3782 0
436 0 FT911-4196 0
436 0 FT911-424 0
436 0 FT911-4553 0
436 0 FT911-4767 0
436 0 FT911-5036 0
436 0 FT911-5185 0
436 0 FT911-5351 0
436 0 FT911-5359 0
436 0 FT911-565 1
436 0 FT911-566 1
436 0 FT911-97 0
436 0 FT921-10689 0
436 0 FT921-11014 0
436 0 FT921-11173 0
436 0 FT921-11383 0
436 0 FT921-11638 0
436 0 FT921-12103 1
436 0 FT921-12336 1
436 0 FT921-12677 1
436 0 FT921-12853 0
436 0 FT921-1310 0
436 0 FT921-1318 0
436 0 FT921-13661 0
436 0 FT921-13670 0
436 0 FT921-15377 0
436 0 FT921-15497 0
436 0 FT921-15723 0
436 0 FT921-16294 0
436 0 FT921-1836 0
436 0 FT921-2239 0
436 0 FT921-365 0
436 0 FT921-3715 1
436 0 FT921-3726 1
436 0 FT921-3930 0
436 0 FT921-3960 1
436 0 FT921-3968 1
436 0 FT921-4068 0
436 0 FT921-5134 0
436 0 FT921-518 0
436 0 FT921-520 0
436 0 FT921-5370 0
436 0 FT921-5732 0
436 0 FT921-5784 0
436 0 FT921-5992 0
436 0 FT921-7345 0
436 0 FT921-7372 0
436 0 FT921-7682 0
436 0 FT921-7858 0
436 0 FT921-8847 0
436 0 FT921-8916 1
436 0 FT921-9765 0
436 0 FT921-9967 0
436 0 FT922-10403 0
436 0 FT922-10458 0
436 0 FT922-10529 0
436 0 FT922-11318 0
436 0 FT922-12235 0
436 0 FT922-12374 0
436 0 FT922-12501 0
436 0 FT922-12610 0
436 0 FT922-13162 0
436 0 FT922-14547 1
436 0 FT922-14554 0
436 0 FT922-14555 0
436 0 FT922-14557 0
436 0 FT922-14558 0
436 0 FT922-14730 0
436 0 FT922-15097 0
436 0 FT922-15354 0
436 0 FT922-15523 0
436 0 FT922-4217 0
436 0 FT922-5497 0
436 0 FT922-5991 0
436 0 FT922-6415 0
436 0 FT922-6619 0
436 0 FT922-6997 1
436 0 FT922-7290 0
436 0 FT922-7694 0
436 0 FT922-7914 0
436 0 FT922-8387 0
436 0 FT922-8528 0
436 0 FT922-8663 0
436 0 FT922-8801 0
436 0 FT922-9207 0
436 0 FT922-9480 0
436 0 FT922-9852 0
436 0 FT923-10483 0
436 0 FT923-10852 0
436 0 FT923-11055 0
436 0 FT923-11245 0
436 0 FT923-1194 0
436 0 FT923-12449 0
436 0 FT923-12590 0
436 0 FT923-13086 0
436 0 FT923-13089 0
436 0 FT923-13090 0
436 0 FT923-13210 0
436 0 FT923-13561 0
436 0 FT923-13764 0
436 0 FT923-14312 0
436 0 FT923-1498 0
436 0 FT923-15049 0
436 0 FT923-15081 0
436 0 FT923-15464 0
436 0 FT923-15567 0
436 0 FT923-3444 0
436 0 FT923-3486 0
436 0 FT923-3528 0
436 0 FT923-370 0
436 0 FT923-479 1
436 0 FT923-4925 0
436 0 FT923-4963 0
436 0 FT923-5387 0
436 0 FT923-5841 0
436 0 FT923-6383 0
436 0 FT923-6403 0
436 0 FT923-6620 0
436 0 FT923-6632 0
436 0 FT923-6757 0
436 0 FT923-7597 0
436 0 FT923-7969 0
436 0 FT923-7977 0
436 0 FT923-7994 0
436 0 FT923-8558 0
436 0 FT923-9638 0
436 0 FT924-10255 0
436 0 FT924-10259 0
436 0 FT924-10345 0
436 0 FT924-10482 0
436 0 FT924-10994 0
436 0 FT924-11139 1
436 0 FT924-11900 0
436 0 FT924-12021 0
436 0 FT924-12033 0
436 0 FT924-12570 0
436 0 FT924-12681 0
436 0 FT924-12925 0
436 0 FT924-13111 0
436 0 FT924-14654 0
436 0 FT924-14682 0
436 0 FT924-14939 0
436 0 FT924-14998 0
436 0 FT924-15077 1
436 0 FT924-15226 0
436 0 FT924-15283 0
436 0 FT924-15339 0
436 0 FT924-15822 0
436 0 FT924-15826 0
436 0 FT924-16096 0
436 0 FT924-16113 0
436 0 FT924-2688 0
436 0 FT924-2694 0
436 0 FT924-285 0
436 0 FT924-3239 0
436 0 FT924-4519 0
436 0 FT924-5085 0
436 0 FT924-5353 0
436 0 FT924-5558 1
436 0 FT924-5774 0
436 0 FT924-5809 0
436 0 FT924-5832 0
436 0 FT924-5863 0
436 0 FT924-5961 0
436 0 FT924-6003 0
436 0 FT924-6104 0
436 0 FT924-6408 0
436 0 FT924-6526 0
436 0 FT924-6656 0
436 0 FT924-7372 0
436 0 FT924-7490 1
436 0 FT924-7761 0
436 0 FT924-807 0
436 0 FT924-8852 0
436 0 FT924-895 0
436 0 FT924-9187 0
436 0 FT924-9365 0
436 0 FT924-989 0
436 0 FT931-10175 0
436 0 FT931-10342 0
436 0 FT931-10590 0
436 0 FT931-10981 0
436 0 FT931-10987 0
436 0 FT931-11433 0
436 0 FT931-12217 0
436 0 FT931-12365 0
436 0 FT931-12532 0
436 0 FT931-12964 0
436 0 FT931-13038 0
436 0 FT931-13053 0
436 0 FT931-13389 0
436 0 FT931-13392 0
436 0 FT931-13458 0
436 0 FT931-13461 0
436 0 FT931-13471 0
436 0 FT931-13659 0
436 0 FT931-13928 0
436 0 FT931-14252 1
436 0 FT931-14426 0
436 0 FT931-15374 0
436 0 FT931-15644 0
436 0 FT931-15945 0
436 0 FT931-16009 0
436 0 FT931-16178 0
436 0 FT931-163 0
436 0 FT931-16834 0
436 0 FT931-16886 0
436 0 FT931-17051 0
436 0 FT931-1844 0
436 0 FT931-2127 0
436 0 FT931-2957 0
436 0 FT931-3084 0
436 0 FT931-3124 0
436 0 FT931-3210 0
436 0 FT931-3577 0
436 0 FT931-3654 0
436 0 FT931-3938 0
436 0 FT931-4722 0
436 0 FT931-5230 0
436 0 FT931-612 0
436 0 FT931-6403 0
436 0 FT931-6632 0
436 0 FT931-6989 0
436 0 FT931-7807 0
436 0 FT931-8431 0
436 0 FT931-8446 0
436 0 FT931-8752 0
436 0 FT931-9147 0
436 0 FT931-9295 0
436 0 FT931-9503 0
436 0 FT932-10435 0
436 0 FT932-10812 0
436 0 FT932-11398 0
436 0 FT932-11694 0
436 0 FT932-12006 0
436 0 FT932-12031 0
436 0 FT932-12534 0
436 0 FT932-1401 0
436 0 FT932-14043 1
436 0 FT932-14103 0
436 0 FT932-14273 0
436 0 FT932-14291 0
436 0 FT932-14876 0
436 0 FT932-14892 0
436 0 FT932-15026 0
436 0 FT932-15211 0
436 0 FT932-15493 0
436 0 FT932-15575 0
436 0 FT932-16278 0
436 0 FT932-16521 0
436 0 FT932-16641 0
436 0 FT932-1685 0
436 0 FT932-17062 0
436 0 FT932-17457 1
436 0 FT932-2129 0
436 0 FT932-2190 0
436 0 FT932-2191 0
436 0 FT932-3408 0
436 0 FT932-3977 0
436 0 FT932-5350 0
436 0 FT932-5424 1
436 0 FT932-5789 0
436 0 FT932-5793 0
436 0 FT932-5866 0
436 0 FT932-623 0
436 0 FT932-6646 0
436 0 FT932-7394 0
436 0 FT932-7645 0
436 0 FT932-7920 0
436 0 FT932-8111 0
436 0 FT932-8719 0
436 0 FT932-913 0
436 0 FT932-9335 0
436 0 FT932-9926 0
436 0 FT933-10458 0
436 0 FT933-10907 1
436 0 FT933-11036 0
436 0 FT933-11579 0
436 0 FT933-11801 0
436 0 FT933-12203 0
436 0 FT933-12228 0
436 0 FT933-13359 0
436 0 FT933-1345 0
436 0 FT933-13510 0
436 0 FT933-13657 0
436 0 FT933-13695 0
436 0 FT933-13869 0
436 0 FT933-1427 0
436 0 FT933-14999 0
436 0 FT933-15825 0
436 0 FT933-16598 0
436 0 FT933-2203 0
436 0 FT933-3216 0
436 0 FT933-3274 0
436 0 FT933-3319 0
436 0 FT933-3643 0
436 0 FT933-3648 0
436 0 FT933-4950 1
436 0 FT933-519 1
436 0 FT933-5192 0
436 0 FT933-5682 0
436 0 FT933-5882 0
436 0 FT933-6920 0
436 0 FT933-7436 0
436 0 FT933-7714 0
436 0 FT933-7846 0
436 0 FT933-9042 0
436 0 FT934-10035 0
436 0 FT934-11565 0
436 0 FT934-11785 0
436 0 FT934-11799 0
436 0 FT934-132 1
436 0 FT934-13526 0
436 0 FT934-13933 0
436 0 FT934-14056 0
436 0 FT934-1518 0
436 0 FT934-15319 0
436 0 FT934-17422 0
436 0 FT934-3231 0
436 0 FT934-3351 0
436 0 FT934-3479 0
436 0 FT934-3699 0
436 0 FT934-3952 0
436 0 FT934-4068 0
436 0 FT934-4559 0
436 0 FT934-5697 0
436 0 FT934-5904 0
436 0 FT934-6152 0
436 0 FT934-6591 0
436 0 FT934-6616 0
436 0 FT934-7067 0
436 0 FT934-7692 0
436 0 FT934-7779 0
436 0 FT934-7845 0
436 0 FT934-8659 0
436 0 FT934-8879 0
436 0 FT941-10031 0
436 0 FT941-10064 0
436 0 FT941-1020 0
436 0 FT941-10273 0
436 0 FT941-10297 0
436 0 FT941-12326 0
436 0 FT941-12567 0
436 0 FT941-12636 0
436 0 FT941-13018 0
436 0 FT941-13997 0
436 0 FT941-15576 0
436 0 FT941-15603 0
436 0 FT941-15833 0
436 0 FT941-16515 0
436 0 FT941-16570 0
436 0 FT941-1724 0
436 0 FT941-1952 0
436 0 FT941-3500 0
436 0 FT941-3839 0
436 0 FT941-4660 0
436 0 FT941-4723 0
436 0 FT941-5016 1
436 0 FT941-5375 0
436 0 FT941-5843 0
436 0 FT941-5938 0
436 0 FT941-6094 0
436 0 FT941-7321 0
436 0 FT941-7325 0
436 0 FT941-7849 0
436 0 FT941-7934 0
436 0 FT941-8535 0
436 0 FT941-9213 0
436 0 FT941-9407 0
436 0 FT941-9533 0
436 0 FT941-9988 0
436 0 FT942-10149 0
436 0 FT942-1032 1
436 0 FT942-10928 0
436 0 FT942-11118 0
436 0 FT942-11130 0
436 0 FT942-116 0
436 0 FT942-12923 0
436 0 FT942-13297 0
436 0 FT942-13570 0
436 0 FT942-13591 0
436 0 FT942-15270 0
436 0 FT942-15594 0
436 0 FT942-16625 0
436 0 FT942-16641 0
436 0 FT942-17399 0
436 0 FT942-17424 1
436 0 FT942-17558 0
436 0 FT942-17639 0
436 0 FT942-2234 0
436 0 FT942-2405 0
436 0 FT942-2413 0
436 0 FT942-2611 0
436 0 FT942-265 0
436 0 FT942-2674 0
436 0 FT942-3181 0
436 0 FT942-3272 0
436 0 FT942-3303 0
436 0 FT942-3755 0
436 0 FT942-6528 0
436 0 FT942-6840 0
436 0 FT942-6860 0
436 0 FT942-7848 0
436 0 FT942-8043 0
436 0 FT942-9476 0
436 0 FT943-10170 0
436 0 FT943-10461 0
436 0 FT943-11430 0
436 0 FT943-12400 0
436 0 FT943-12418 0
436 0 FT943-12706 0
436 0 FT943-12991 0
436 0 FT943-13148 0
436 0 FT943-15231 0
436 0 FT943-15447 0
436 0 FT943-15817 0
436 0 FT943-16149 0
436 0 FT943-16160 0
436 0 FT943-16171 0
436 0 FT943-1847 0
436 0 FT943-1857 0
436 0 FT943-3239 0
436 0 FT943-3644 0
436 0 FT943-4136 1
436 0 FT943-4155 0
436 0 FT943-4371 1
436 0 FT943-4723 0
436 0 FT943-4858 0
436 0 FT943-486 0
436 0 FT943-588 0
436 0 FT943-6356 0
436 0 FT943-69 0
436 0 FT943-795 0
436 0 FT943-8734 0
436 0 FT943-8786 1
436 0 FT943-8915 1
436 0 FT943-9087 0
436 0 FT943-923 0
436 0 FT943-9321 1
436 0 FT943-9465 0
436 0 FT943-9596 0
436 0 FT944-11141 0
436 0 FT944-11470 0
436 0 FT944-13582 0
436 0 FT944-13865 0
436 0 FT944-14306 0
436 0 FT944-14385 0
436 0 FT944-14440 0
436 0 FT944-15063 0
436 0 FT944-1534 0
436 0 FT944-15344 0
436 0 FT944-15564 0
436 0 FT944-15804 0
436 0 FT944-15826 1
436 0 FT944-16024 0
436 0 FT944-16138 0
436 0 FT944-1733 0
436 0 FT944-17417 0
436 0 FT944-17445 0
436 0 FT944-17550 0
436 0 FT944-17613 0
436 0 FT944-2256 0
436 0 FT944-2267 0
436 0 FT944-2448 0
436 0 FT944-2482 0
436 0 FT944-2585 0
436 0 FT944-2655 0
436 0 FT944-2697 0
436 0 FT944-2708 0
436 0 FT944-299 0
436 0 FT944-301 0
436 0 FT944-3015 0
436 0 FT944-3534 0
436 0 FT944-3563 0
436 0 FT944-4504 0
436 0 FT944-4853 0
436 0 FT944-5041 0
436 0 FT944-5220 0
436 0 FT944-5806 0
436 0 FT944-6256 0
436 0 FT944-6616 0
436 0 FT944-6901 0
436 0 FT944-7304 0
436 0 FT944-7320 0
436 0 FT944-7552 0
436 0 FT944-8201 0
436 0 FT944-8314 0
436 0 FT944-8549 0
436 0 FT944-9211 0
436 0 FT944-9283 0
436 0 FT944-9298 0
436 0 LA010189-0001 0
436 0 LA010189-0093 0
436 0 LA010189-0141 1
436 0 LA010289-0081 0
436 0 LA010290-0027 0
436 0 LA010389-0041 0
436 0 LA010489-0012 0
436 0 LA010490-0082 0
436 0 LA010789-0117 0
436 0 LA010889-0171 0
436 0 LA010889-0185 0
436 0 LA011090-0074 1
436 0 LA011190-0186 0
436 0 LA011290-0137 0
436 0 LA011389-0068 1
436 0 LA011489-0022 0
436 0 LA011490-0153 0
436 0 LA011490-0164 0
436 0 LA011589-0104 0
436 0 LA011690-0145 0
436 0 LA011790-0131 0
436 0 LA011889-0061 1
436 0 LA011890-0095 0
436 0 LA011890-0140 0
436 0 LA011989-0207 1
436 0 LA012089-0137 1
436 0 LA012090-0106 0
436 0 LA012190-0119 0
436 0 LA012289-0061 0
436 0 LA012289-0197 1
436 0 LA012290-0056 0
436 0 LA012489-0080 0
436 0 LA012589-0117 0
436 0 LA012689-0117 0
436 0 LA012689-0179 0
436 0 LA012989-0007 0
436 0 LA012990-0047 0
436 0 LA020189-0108 0
436 0 LA020289-0210 1
436 0 LA020489-0041 0
436 0 LA020490-0123 0
436 0 LA020589-0120 0
436 0 LA021390-0033 0
436 0 LA021390-0166 0
436 0 LA021589-0103 0
436 0 LA021590-0099 1
436 0 LA021789-0134 0
436 0 LA021790-0121 0
436 0 LA021790-0157 0
436 0 LA021890-0040 0
436 0 LA021890-0051 0
436 0 LA021890-0073 0
436 0 LA021890-0084 0
436 0 LA021890-0141 0
436 0 LA021890-0206 0
436 0 LA021989-0210 0
436 0 LA021990-0062 0
436 0 LA022089-0005 1
436 0 LA022089-0047 0
436 0 LA022089-0058 0
436 0 LA022290-0057 1
436 0 LA022589-0133 0
436 0 LA022590-0075 0
436 0 LA022590-0103 0
436 0 LA022590-0186 0
436 0 LA022590-0192 0
436 0 LA022590-0203 0
436 0 LA022590-0228 0
436 0 LA022689-0005 0
436 0 LA022689-0082 0
436 0 LA022689-0107 0
436 0 LA022689-0127 0
436 0 LA022689-0131 0
436 0 LA022689-0226 0
436 0 LA022789-0053 0
436 0 LA022789-0102 1
436 0 LA022790-0145 0
436 0 LA022889-0076 1
436 0 LA022889-0122 0
436 0 LA022889-0158 0
436 0 LA022890-0151 0
436 0 LA030190-0012 0
436 0 LA030190-0025 0
436 0 LA030190-0026 0
436 0 LA030289-0045 0
436 0 LA030289-0112 1
436 0 LA030290-0015 0
436 0 LA030490-0022 0
436 0 LA030490-0066 0
436 0 LA030490-0102 0
436 0 LA030490-0194 0
436 0 LA030589-0197 0
436 0 LA030689-0005 0
436 0 LA030889-0010 1
436 0 LA030890-0031 0
436 0 LA030890-0128 0
436 0 LA030990-0071 1
436 0 LA031190-0172 0
436 0 LA031289-0155 0
436 0 LA031389-0081 0
436 0 LA031390-0170 1
436 0 LA031490-0055 0
436 0 LA031490-0077 1
436 0 LA031490-0086 1
436 0 LA031590-0163 0
436 0 LA031689-0177 0
436 0 LA031989-0071 0
436 0 LA031990-0126 0
436 0 LA032289-0015 0
436 0 LA032289-0141 1
436 0 LA032290-0116 0
436 0 LA032389-0028 1
436 0 LA032390-0097 0
436 0 LA032489-0020 0
436 0 LA032589-0002 0
436 0 LA032589-0039 0
436 0 LA032690-0041 0
436 0 LA032789-0005 0
436 0 LA032789-0021 0
436 0 LA032789-0038 0
436 0 LA032790-0043 0
436 0 LA032889-0112 0
436 0 LA032890-0091 0
436 0 LA032890-0124 0
436 0 LA032989-0100 0
436 0 LA033089-0041 0
436 0 LA033089-0087 0
436 0 LA033189-0026 0
436 0 LA033189-0160 0
436 0 LA033189-0162 0
436 0 LA040189-0011 0
436 0 LA040189-0119 0
436 0 LA040289-0057 0
436 0 LA040290-0070 0
436 0 LA040589-0126 0
436 0 LA040590-0026 0
436 0 LA040590-0096 0
436 0 LA040590-0149 0
436 0 LA040590-0182 0
436 0 LA040790-0144 1
436 0 LA040890-0185 0
436 0 LA040890-0248 0
436 0 LA040989-0028 0
436 0 LA040989-0090 0
436 0 LA040989-0179 0
436 0 LA040990-0043 0
436 0 LA041090-0020 0
436 0 LA041290-0179 0
436 0 LA041389-0011 0
436 0 LA041389-0031 0
436 0 LA041389-0187 0
436 0 LA041390-0090 0
436 0 LA041489-0079 1
436 0 LA041489-0114 0
436 0 LA041590-0033 0
436 0 LA041590-0191 0
436 0 LA041689-0020 0
436 0 LA041689-0158 0
436 0 LA041789-0005 0
436 0 LA041789-0028 0
436 0 LA041890-0015 0
436 0 LA041990-0035 0
436 0 LA041990-0221 0
436 0 LA042089-0156 0
436 0 LA042389-0182 0
436 0 LA042390-0068 0
436 0 LA042490-0107 0
436 0 LA042490-0171 0
436 0 LA042689-0098 0
436 0 LA042690-0126 0
436 0 LA042889-0168 0
436 0 LA042890-0168 0
436 0 LA042989-0105 0
436 0 LA042990-0033 0
436 0 LA043090-0116 0
436 0 LA050189-0005 0
436 0 LA050190-0198 0
436 0 LA050490-0173 1
436 0 LA050590-0072 1
436 0 LA050689-0073 0
436 0 LA050789-0153 0
436 0 LA050789-0157 0
436 0 LA050790-0044 1
436 0 LA050790-0045 1
436 0 LA050890-0012 0
436 0 LA051089-0066 0
436 0 LA051289-0069 0
436 0 LA051289-0174 1
436 0 LA051490-0055 0
436 0 LA051689-0048 1
436 0 LA051789-0058 0
436 0 LA051890-0168 0
436 0 LA051890-0170 0
436 0 LA052489-0047 0
436 0 LA052489-0064 0
436 0 LA052490-0219 0
436 0 LA052590-0127 0
436 0 LA052689-0013 0
436 0 LA052689-0087 0
436 0 LA052689-0088 0
436 0 LA052689-0127 0
436 0 LA052690-0073 0
436 0 LA052690-0115 1
436 0 LA052690-0119 0
436 0 LA052789-0047 0
436 0 LA052790-0075 0
436 0 LA052889-0056 0
436 0 LA052889-0199 0
436 0 LA052989-0022 0
436 0 LA052989-0077 0
436 0 LA053189-0031 0
436 0 LA060189-0174 1
436 0 LA060190-0050 0
436 0 LA060190-0057 0
436 0 LA060190-0169 0
436 0 LA060290-0129 0
436 0 LA060390-0069 0
436 0 LA060390-0172 0
436 0 LA060489-0108 0
436 0 LA060789-0116 0
436 0 LA060789-0145 0
436 0 LA060889-0165 0
436 0 LA061089-0009 1
436 0 LA061089-0072 1
436 0 LA061090-0097 0
436 0 LA061190-0043 0
436 0 LA061390-0079 1
436 0 LA061489-0005 1
436 0 LA061489-0023 0
436 0 LA061689-0037 0
436 0 LA061689-0050 0
436 0 LA061889-0091 0
436 0 LA061889-0126 0
436 0 LA062089-0064 0
436 0 LA062389-0073 0
436 0 LA062490-0230 0
436 0 LA062589-0193 0
436 0 LA062690-0092 1
436 0 LA062889-0074 1
436 0 LA062890-0140 0
436 0 LA070490-0057 0
436 0 LA070589-0014 0
436 0 LA070589-0092 0
436 0 LA070690-0027 1
436 0 LA070790-0086 0
436 0 LA070989-0063 0
436 0 LA070989-0140 0
436 0 LA070989-0150 0
436 0 LA071089-0071 0
436 0 LA071090-0056 0
436 0 LA071090-0123 0
436 0 LA071190-0083 1
436 0 LA071290-0204 0
436 0 LA071290-0228 0
436 0 LA071389-0108 1
436 0 LA071390-0080 1
436 0 LA071489-0053 0
436 0 LA071590-0099 0
436 0 LA071590-0100 0
436 0 LA071689-0139 0
436 0 LA071689-0194 0
436 0 LA071690-0040 0
436 0 LA071889-0079 0
436 0 LA071890-0116 0
436 0 LA072089-0140 0
436 0 LA072189-0106 0
436 0 LA072189-0166 0
436 0 LA072190-0018 0
436 0 LA072190-0068 0
436 0 LA072289-0066 1
436 0 LA072389-0169 0
436 0 LA072489-0021 0
436 0 LA072790-0132 0
436 0 LA073190-0052 0
436 0 LA073190-0122 0
436 0 LA080189-0051 0
436 0 LA080190-0076 0
436 0 LA080190-0079 0
436 0 LA080289-0107 0
436 0 LA080389-0102 0
436 0 LA080589-0049 1
436 0 LA080689-0134 0
436 0 LA080690-0060 1
436 0 LA080789-0112 0
436 0 LA080990-0098 0
436 0 LA081089-0193 0
436 0 LA081090-0112 0
436 0 LA081189-0072 1
436 0 LA081389-0099 0
436 0 LA081489-0043 0
436 0 LA082090-0112 1
436 0 LA082190-0081 0
436 0 LA082390-0005 0
436 0 LA082489-0093 1
436 0 LA082690-0119 0
436 0 LA082889-0066 0
436 0 LA082890-0005 0
436 0 LA083189-0120 0
436 0 LA090290-0092 0
436 0 LA090389-0168 0
436 0 LA090489-0061 0
436 0 LA090490-0013 0
436 0 LA090589-0011 1
436 0 LA090590-0072 0
436 0 LA090590-0078 0
436 0 LA090689-0048 0
436 0 LA090689-0088 0
436 0 LA090789-0164 0
436 0 LA090790-0053 0
436 0 LA090889-0122 1
436 0 LA091289-0096 1
436 0 LA091290-0066 0
436 0 LA091489-0096 1
436 0 LA091490-0044 0
436 0 LA091590-0069 0
436 0 LA091889-0042 0
436 0 LA091989-0105 0
436 0 LA092089-0033 0
436 0 LA092090-0226 0
436 0 LA092090-0244 1
436 0 LA092189-0009 0
436 0 LA092189-0019 0
436 0 LA092190-0077 1
436 0 LA092290-0102 0
436 0 LA092490-0094 0
436 0 LA092690-0034 0
436 0 LA092690-0049 1
436 0 LA092789-0019 0
436 0 LA092789-0085 0
436 0 LA092989-0102 1
436 0 LA093089-0080 1
436 0 LA093090-0235 0
436 0 LA100189-0186 0
436 0 LA100190-0059 0
436 0 LA100390-0172 0
436 0 LA100490-0053 1
436 0 LA100490-0192 0
436 0 LA100589-0213 0
436 0 LA100689-0005 0
436 0 LA100790-0161 0
436 0 LA100889-0125 0
436 0 LA100989-0096 0
436 0 LA100990-0119 0
436 0 LA101090-0095 0
436 0 LA101190-0218 0
436 0 LA101290-0151 0
436 0 LA101389-0048 0
436 0 LA101389-0068 0
436 0 LA101489-0087 0
436 0 LA101590-0051 1
436 0 LA101690-0001 1
436 0 LA101790-0064 0
436 0 LA101790-0149 0
436 0 LA101889-0118 1
436 0 LA101889-0160 0
436 0 LA101890-0054 0
436 0 LA101989-0138 0
436 0 LA101989-0183 0
436 0 LA101990-0018 0
436 0 LA102089-0041 0
436 0 LA102089-0051 0
436 0 LA102089-0176 0
436 0 LA102090-0045 0
436 0 LA102090-0102 0
436 0 LA102090-0130 0
436 0 LA102090-0165 0
436 0 LA102190-0047 0
436 0 LA102190-0161 0
436 0 LA102389-0100 0
436 0 LA102390-0029 1
436 0 LA102390-0082 1
436 0 LA102490-0121 0
436 0 LA102689-0121 0
436 0 LA102790-0033 1
436 0 LA102890-0236 0
436 0 LA102989-0054 0
436 0 LA102989-0068 0
436 0 LA103089-0062 0
436 0 LA103089-0067 1
436 0 LA103089-0070 0
436 0 LA103190-0023 0
436 0 LA110189-0025 0
436 0 LA110290-0028 1
436 0 LA110290-0029 0
436 0 LA110389-0073 1
436 0 LA110389-0127 0
436 0 LA110490-0165 0
436 0 LA110490-0174 1
436 0 LA110490-0177 0
436 0 LA110690-0156 0
436 0 LA110890-0037 1
436 0 LA110989-0132 0
436 0 LA111090-0036 0
436 0 LA111190-0192 1
436 0 LA111190-0242 0
436 0 LA111290-0117 1
436 0 LA111389-0007 0
436 0 LA111389-0087 0
436 0 LA111489-0080 0
436 0 LA111489-0146 0
436 0 LA111589-0002 0
436 0 LA111590-0169 0
436 0 LA111890-0244 1
436 0 LA112089-0002 0
436 0 LA112189-0150 0
436 0 LA112190-0085 0
436 0 LA112390-0037 0
436 0 LA112590-0223 0
436 0 LA112889-0101 1
436 0 LA112889-0153 0
436 0 LA112890-0104 0
436 0 LA112989-0070 0
436 0 LA120189-0073 0
436 0 LA120189-0079 0
436 0 LA120289-0137 1
436 0 LA120589-0131 0
436 0 LA120590-0041 0
436 0 LA120590-0109 1
436 0 LA120590-0129 0
436 0 LA120690-0182 1
436 0 LA120690-0184 1
436 0 LA120690-0195 0
436 0 LA121089-0174 0
436 0 LA121189-0013 0
436 0 LA121190-0025 0
436 0 LA121290-0117 0
436 0 LA121390-0039 0
436 0 LA121490-0002 1
436 0 LA121689-0034 0
436 0 LA121690-0159 0
436 0 LA121690-0180 0
436 0 LA121889-0050 1
436 0 LA121890-0117 0
436 0 LA122089-0059 0
436 0 LA122189-0171 0
436 0 LA122190-0058 1
436 0 LA122290-0075 0
436 0 LA122390-0116 1
436 0 LA122490-0058 0
436 0 LA122590-0077 0
436 0 LA122689-0017 0
436 0 LA122689-0141 0
436 0 LA122789-0015 0
436 0 LA122989-0132 0
436 0 LA122990-0012 0
436 0 LA122990-0066 0
436 0 LA122990-0138 0
436 0 LA123089-0131 0
436 0 LA123090-0030 0
436 0 LA123090-0142 1
