410 0 FBIS3-10317 0
410 0 FBIS3-104 0
410 0 FBIS3-10855 0
410 0 FBIS3-10875 0
410 0 FBIS3-11521 0
410 0 FBIS3-13 0
410 0 FBIS3-13220 0
410 0 FBIS3-13364 0
410 0 FBIS3-14 0
410 0 FBIS3-14832 0
410 0 FBIS3-152 0
410 0 FBIS3-15576 0
410 0 FBIS3-16 0
410 0 FBIS3-160 0
410 0 FBIS3-16013 0
410 0 FBIS3-16302 0
410 0 FBIS3-16891 0
410 0 FBIS3-17073 0
410 0 FBIS3-17123 0
410 0 FBIS3-172 0
410 0 FBIS3-17674 0
410 0 FBIS3-1790 0
410 0 FBIS3-18024 0
410 0 FBIS3-18338 0
410 0 FBIS3-18425 0
410 0 FBIS3-1845 0
410 0 FBIS3-186 0
410 0 FBIS3-19038 0
410 0 FBIS3-19047 1
410 0 FBIS3-19239 0
410 0 FBIS3-19393 0
410 0 FBIS3-19679 1
410 0 FBIS3-19680 0
410 0 FBIS3-19834 0
410 0 FBIS3-19880 0
410 0 FBIS3-1991 0
410 0 FBIS3-20020 0
410 0 FBIS3-2014 0
410 0 FBIS3-20175 1
410 0 FBIS3-20176 1
410 0 FBIS3-20543 0
410 0 FBIS3-20544 0
410 0 FBIS3-20796 0
410 0 FBIS3-215 0
410 0 FBIS3-21671 0
410 0 FBIS3-21687 0
410 0 FBIS3-21771 1
410 0 FBIS3-21883 0
410 0 FBIS3-22274 0
410 0 FBIS3-22420 0
410 0 FBIS3-2293 0
410 0 FBIS3-23 0
410 0 FBIS3-23783 0
410 0 FBIS3-23947 0
410 0 FBIS3-23997 0
410 0 FBIS3-24002 0
410 0 FBIS3-24120 0
410 0 FBIS3-24145 0
410 0 FBIS3-24234 0
410 0 FBIS3-24337 0
410 0 FBIS3-24469 0
410 0 FBIS3-24653 0
410 0 FBIS3-24678 0
410 0 FBIS3-2477 0
410 0 FBIS3-2516 0
410 0 FBIS3-25748 0
410 0 FBIS3-26889 0
410 0 FBIS3-280 0
410 0 FBIS3-28060 0
410 0 FBIS3-30234 0
410 0 FBIS3-30319 0
410 0 FBIS3-30898 0
410 0 FBIS3-30916 0
410 0 FBIS3-3106 0
410 0 FBIS3-312 0
410 0 FBIS3-31314 0
410 0 FBIS3-31875 0
410 0 FBIS3-32113 0
410 0 FBIS3-324 0
410 0 FBIS3-3254 0
410 0 FBIS3-32858 0
410 0 FBIS3-33216 0
410 0 FBIS3-33641 0
410 0 FBIS3-33654 0
410 0 FBIS3-34 0
410 0 FBIS3-34231 0
410 0 FBIS3-34486 0
410 0 FBIS3-34611 0
410 0 FBIS3-34637 0
410 0 FBIS3-34653 0
410 0 FBIS3-34710 0
410 0 FBIS3-34744 0
410 0 FBIS3-34811 0
410 0 FBIS3-34995 0
410 0 FBIS3-35328 0
410 0 FBIS3-35794 0
410 0 FBIS3-36078 0
410 0 FBIS3-36177 0
410 0 FBIS3-36284 0
410 0 FBIS3-36300 0
410 0 FBIS3-36511 0
410 0 FBIS3-36790 0
410 0 FBIS3-36824 0
410 0 FBIS3-36885 0
410 0 FBIS3-36896 0
410 0 FBIS3-36901 0
410 0 FBIS3-37387 0
410 0 FBIS3-37458 0
410 0 FBIS3-37691 0
410 0 FBIS3-37820 0
410 0 FBIS3-37881 0
410 0 FBIS3-38078 0
410 0 FBIS3-38111 0
410 0 FBIS3-38124 0
410 0 FBIS3-38134 0
410 0 FBIS3-38236 0
410 0 FBIS3-38434 1
410 0 FBIS3-38603 0
410 0 FBIS3-39090 0
410 0 FBIS3-39093 0
410 0 FBIS3-39195 0
410 0 FBIS3-3921 0
410 0 FBIS3-39353 0
410 0 FBIS3-39395 0
410 0 FBIS3-39418 0
410 0 FBIS3-39430 0
410 0 FBIS3-39481 0
410 0 FBIS3-39555 0
410 0 FBIS3-39566 0
410 0 FBIS3-39618 0
410 0 FBIS3-39646 0
410 0 FBIS3-39701 0
410 0 FBIS3-39703 0
410 0 FBIS3-40001 0
410 0 FBIS3-40050 1
410 0 FBIS3-40077 0
410 0 FBIS3-40135 0
410 0 FBIS3-40194 0
410 0 FBIS3-40260 0
410 0 FBIS3-40265 0
410 0 FBIS3-40372 0
410 0 FBIS3-40388 0
410 0 FBIS3-40450 0
410 0 FBIS3-41032 0
410 0 FBIS3-41059 0
410 0 FBIS3-41103 0
410 0 FBIS3-41204 0
410 0 FBIS3-41297 0
410 0 FBIS3-41385 0
410 0 FBIS3-41386 0
410 0 FBIS3-41391 0
410 0 FBIS3-41446 0
410 0 FBIS3-41855 0
410 0 FBIS3-41954 0
410 0 FBIS3-41975 0
410 0 FBIS3-42115 0
410 0 FBIS3-42394 0
410 0 FBIS3-42399 0
410 0 FBIS3-42400 0
410 0 FBIS3-42432 0
410 0 FBIS3-42459 0
410 0 FBIS3-42470 0
410 0 FBIS3-42477 0
410 0 FBIS3-42497 0
410 0 FBIS3-42502 0
410 0 FBIS3-42760 0
410 0 FBIS3-42766 0
410 0 FBIS3-42873 0
410 0 FBIS3-42936 0
410 0 FBIS3-43116 0
410 0 FBIS3-43120 0
410 0 FBIS3-43132 0
410 0 FBIS3-43150 0
410 0 FBIS3-43160 0
410 0 FBIS3-43166 0
410 0 FBIS3-43174 0
410 0 FBIS3-43186 0
410 0 FBIS3-43204 0
410 0 FBIS3-43214 0
410 0 FBIS3-43217 0
410 0 FBIS3-43220 0
410 0 FBIS3-4323 0
410 0 FBIS3-44391 0
410 0 FBIS3-45169 0
410 0 FBIS3-45177 0
410 0 FBIS3-45330 0
410 0 FBIS3-45408 0
410 0 FBIS3-45688 0
410 0 FBIS3-45860 0
410 0 FBIS3-46 0
410 0 FBIS3-46024 0
410 0 FBIS3-46172 0
410 0 FBIS3-46291 0
410 0 FBIS3-46805 0
410 0 FBIS3-48241 0
410 0 FBIS3-48273 0
410 0 FBIS3-48415 0
410 0 FBIS3-48798 0
410 0 FBIS3-48952 0
410 0 FBIS3-49035 0
410 0 FBIS3-49589 0
410 0 FBIS3-49881 0
410 0 FBIS3-50183 0
410 0 FBIS3-50352 0
410 0 FBIS3-50510 0
410 0 FBIS3-51092 0
410 0 FBIS3-52014 0
410 0 FBIS3-52168 0
410 0 FBIS3-52409 0
410 0 FBIS3-53393 0
410 0 FBIS3-53722 0
410 0 FBIS3-54163 0
410 0 FBIS3-54213 0
410 0 FBIS3-54269 0
410 0 FBIS3-54460 0
410 0 FBIS3-54461 0
410 0 FBIS3-54575 0
410 0 FBIS3-54663 0
410 0 FBIS3-54914 0
410 0 FBIS3-55015 0
410 0 FBIS3-55511 0
410 0 FBIS3-55938 0
410 0 FBIS3-56063 0
410 0 FBIS3-56482 0
410 0 FBIS3-56485 0
410 0 FBIS3-56544 0
410 0 FBIS3-57008 0
410 0 FBIS3-57065 0
410 0 FBIS3-57793 0
410 0 FBIS3-57865 0
410 0 FBIS3-58 0
410 0 FBIS3-58197 0
410 0 FBIS3-58216 0
410 0 FBIS3-58319 0
410 0 FBIS3-58351 0
410 0 FBIS3-58491 0
410 0 FBIS3-58523 0
410 0 FBIS3-58604 0
410 0 FBIS3-58700 0
410 0 FBIS3-58826 0
410 0 FBIS3-58830 0
410 0 FBIS3-58920 0
410 0 FBIS3-59100 0
410 0 FBIS3-59248 0
410 0 FBIS3-59287 0
410 0 FBIS3-59321 0
410 0 FBIS3-59366 0
410 0 FBIS3-59423 0
410 0 FBIS3-59838 0
410 0 FBIS3-60109 0
410 0 FBIS3-60738 0
410 0 FBIS3-60809 0
410 0 FBIS3-61062 0
410 0 FBIS3-61075 0
410 0 FBIS3-61194 0
410 0 FBIS3-61202 0
410 0 FBIS3-61293 0
410 0 FBIS3-61355 0
410 0 FBIS3-63 0
410 0 FBIS3-6897 0
410 0 FBIS3-72 0
410 0 FBIS3-7566 0
410 0 FBIS3-7998 0
410 0 FBIS3-8201 0
410 0 FBIS3-8272 0
410 0 FBIS3-926 0
410 0 FBIS3-9270 0
410 0 FBIS3-9862 0
410 0 FBIS4-11224 0
410 0 FBIS4-11284 0
410 0 FBIS4-11576 0
410 0 FBIS4-11734 0
410 0 FBIS4-11735 0
410 0 FBIS4-11784 0
410 0 FBIS4-12289 0
410 0 FBIS4-12924 0
410 0 FBIS4-13791 0
410 0 FBIS4-13852 0
410 0 FBIS4-1440 0
410 0 FBIS4-15002 0
410 0 FBIS4-15355 0
410 0 FBIS4-1549 0
410 0 FBIS4-16049 0
410 0 FBIS4-16284 0
410 0 FBIS4-16406 0
410 0 FBIS4-16582 0
410 0 FBIS4-16584 0
410 0 FBIS4-16750 0
410 0 FBIS4-17010 0
410 0 FBIS4-17188 0
410 0 FBIS4-17323 0
410 0 FBIS4-17573 0
410 0 FBIS4-1781 0
410 0 FBIS4-17973 0
410 0 FBIS4-18061 0
410 0 FBIS4-18295 0
410 0 FBIS4-1843 0
410 0 FBIS4-18552 0
410 0 FBIS4-18594 0
410 0 FBIS4-18622 0
410 0 FBIS4-18709 0
410 0 FBIS4-19 0
410 0 FBIS4-19003 1
410 0 FBIS4-19117 0
410 0 FBIS4-19249 0
410 0 FBIS4-19278 0
410 0 FBIS4-19490 0
410 0 FBIS4-19562 0
410 0 FBIS4-19962 0
410 0 FBIS4-20166 0
410 0 FBIS4-20309 0
410 0 FBIS4-20310 0
410 0 FBIS4-2042 0
410 0 FBIS4-20473 0
410 0 FBIS4-20504 0
410 0 FBIS4-20757 0
410 0 FBIS4-2111 0
410 0 FBIS4-21159 0
410 0 FBIS4-21266 0
410 0 FBIS4-2128 0
410 0 FBIS4-22073 0
410 0 FBIS4-22151 0
410 0 FBIS4-22175 0
410 0 FBIS4-22177 0
410 0 FBIS4-22233 0
410 0 FBIS4-22268 0
410 0 FBIS4-22382 0
410 0 FBIS4-22450 0
410 0 FBIS4-22455 0
410 0 FBIS4-22577 0
410 0 FBIS4-22641 0
410 0 FBIS4-22648 0
410 0 FBIS4-22649 0
410 0 FBIS4-22756 0
410 0 FBIS4-22773 0
410 0 FBIS4-22775 0
410 0 FBIS4-22945 0
410 0 FBIS4-23084 0
410 0 FBIS4-23114 0
410 0 FBIS4-23131 0
410 0 FBIS4-23249 0
410 0 FBIS4-24951 0
410 0 FBIS4-25841 0
410 0 FBIS4-27085 0
410 0 FBIS4-27097 0
410 0 FBIS4-27145 0
410 0 FBIS4-2734 0
410 0 FBIS4-27424 0
410 0 FBIS4-27929 0
410 0 FBIS4-29851 0
410 0 FBIS4-3027 0
410 0 FBIS4-30835 0
410 0 FBIS4-30917 0
410 0 FBIS4-31159 0
410 0 FBIS4-31230 0
410 0 FBIS4-31257 0
410 0 FBIS4-31323 0
410 0 FBIS4-31398 0
410 0 FBIS4-32619 0
410 0 FBIS4-32930 0
410 0 FBIS4-33217 0
410 0 FBIS4-33420 0
410 0 FBIS4-33767 0
410 0 FBIS4-33862 0
410 0 FBIS4-34775 0
410 0 FBIS4-34835 0
410 0 FBIS4-35240 0
410 0 FBIS4-3564 0
410 0 FBIS4-35823 0
410 0 FBIS4-35855 0
410 0 FBIS4-36600 0
410 0 FBIS4-3696 0
410 0 FBIS4-37006 0
410 0 FBIS4-37518 0
410 0 FBIS4-38 0
410 0 FBIS4-38439 0
410 0 FBIS4-38478 0
410 0 FBIS4-38835 0
410 0 FBIS4-38983 0
410 0 FBIS4-39534 0
410 0 FBIS4-39603 0
410 0 FBIS4-4054 0
410 0 FBIS4-4067 0
410 0 FBIS4-40867 0
410 0 FBIS4-40871 0
410 0 FBIS4-40915 0
410 0 FBIS4-41130 0
410 0 FBIS4-41229 0
410 0 FBIS4-41333 0
410 0 FBIS4-41445 0
410 0 FBIS4-41451 0
410 0 FBIS4-41457 0
410 0 FBIS4-41584 0
410 0 FBIS4-41945 0
410 0 FBIS4-42 0
410 0 FBIS4-42005 0
410 0 FBIS4-42046 0
410 0 FBIS4-42152 0
410 0 FBIS4-42492 0
410 0 FBIS4-42511 0
410 0 FBIS4-42880 0
410 0 FBIS4-42990 0
410 0 FBIS4-43301 0
410 0 FBIS4-43483 0
410 0 FBIS4-43485 0
410 0 FBIS4-43507 0
410 0 FBIS4-43523 0
410 0 FBIS4-43525 0
410 0 FBIS4-43753 0
410 0 FBIS4-44046 0
410 0 FBIS4-44166 0
410 0 FBIS4-44197 0
410 0 FBIS4-44356 0
410 0 FBIS4-44452 0
410 0 FBIS4-45041 0
410 0 FBIS4-45102 0
410 0 FBIS4-45108 0
410 0 FBIS4-45140 0
410 0 FBIS4-45156 0
410 0 FBIS4-45552 0
410 0 FBIS4-45649 0
410 0 FBIS4-46049 0
410 0 FBIS4-46088 0
410 0 FBIS4-4655 0
410 0 FBIS4-46562 0
410 0 FBIS4-46572 0
410 0 FBIS4-46574 0
410 0 FBIS4-4659 0
410 0 FBIS4-46886 0
410 0 FBIS4-46889 0
410 0 FBIS4-46954 0
410 0 FBIS4-47008 0
410 0 FBIS4-47120 0
410 0 FBIS4-47178 0
410 0 FBIS4-47609 0
410 0 FBIS4-47613 0
410 0 FBIS4-47629 0
410 0 FBIS4-49135 0
410 0 FBIS4-49251 0
410 0 FBIS4-49386 0
410 0 FBIS4-49457 0
410 0 FBIS4-49776 0
410 0 FBIS4-49832 0
410 0 FBIS4-50011 0
410 0 FBIS4-50026 0
410 0 FBIS4-50156 0
410 0 FBIS4-50580 0
410 0 FBIS4-50901 0
410 0 FBIS4-51481 0
410 0 FBIS4-51597 0
410 0 FBIS4-52040 0
410 0 FBIS4-52042 0
410 0 FBIS4-52044 0
410 0 FBIS4-52156 0
410 0 FBIS4-52158 0
410 0 FBIS4-52159 0
410 0 FBIS4-52284 0
410 0 FBIS4-52303 0
410 0 FBIS4-53058 0
410 0 FBIS4-53078 0
410 0 FBIS4-53179 0
410 0 FBIS4-53281 0
410 0 FBIS4-53455 0
410 0 FBIS4-53862 0
410 0 FBIS4-53927 0
410 0 FBIS4-54007 0
410 0 FBIS4-54027 0
410 0 FBIS4-54253 0
410 0 FBIS4-5450 0
410 0 FBIS4-54622 0
410 0 FBIS4-54626 0
410 0 FBIS4-54882 0
410 0 FBIS4-55227 0
410 0 FBIS4-55291 0
410 0 FBIS4-55313 0
410 0 FBIS4-55570 0
410 0 FBIS4-55846 0
410 0 FBIS4-55912 0
410 0 FBIS4-56463 0
410 0 FBIS4-5726 0
410 0 FBIS4-57817 0
410 0 FBIS4-58214 0
410 0 FBIS4-58395 0
410 0 FBIS4-58516 0
410 0 FBIS4-58710 0
410 0 FBIS4-59199 0
410 0 FBIS4-59244 0
410 0 FBIS4-59252 0
410 0 FBIS4-59254 0
410 0 FBIS4-59255 0
410 0 FBIS4-59480 0
410 0 FBIS4-59607 0
410 0 FBIS4-59624 0
410 0 FBIS4-59772 0
410 0 FBIS4-59961 0
410 0 FBIS4-60109 0
410 0 FBIS4-61012 0
410 0 FBIS4-61092 0
410 0 FBIS4-61229 0
410 0 FBIS4-61785 0
410 0 FBIS4-61874 0
410 0 FBIS4-62560 0
410 0 FBIS4-62874 0
410 0 FBIS4-64315 0
410 0 FBIS4-64455 0
410 0 FBIS4-65146 0
410 0 FBIS4-65357 0
410 0 FBIS4-65447 0
410 0 FBIS4-66008 1
410 0 FBIS4-66080 0
410 0 FBIS4-66236 0
410 0 FBIS4-66253 0
410 0 FBIS4-66276 0
410 0 FBIS4-66522 0
410 0 FBIS4-66534 0
410 0 FBIS4-66562 0
410 0 FBIS4-66590 0
410 0 FBIS4-66752 0
410 0 FBIS4-67533 0
410 0 FBIS4-67741 0
410 0 FBIS4-67750 0
410 0 FBIS4-67877 0
410 0 FBIS4-68129 0
410 0 FBIS4-68245 0
410 0 FBIS4-68275 0
410 0 FBIS4-68299 0
410 0 FBIS4-68508 0
410 0 FBIS4-68579 0
410 0 FBIS4-68582 0
410 0 FBIS4-68769 0
410 0 FBIS4-68778 0
410 0 FBIS4-68782 0
410 0 FBIS4-68872 0
410 0 FBIS4-68880 0
410 0 FBIS4-7279 0
410 0 FBIS4-7319 0
410 0 FBIS4-7534 0
410 0 FBIS4-788 0
410 0 FBIS4-8538 0
410 0 FBIS4-8724 0
410 0 FBIS4-8821 0
410 0 FBIS4-8859 0
410 0 FBIS4-8935 0
410 0 FBIS4-9157 0
410 0 FBIS4-9354 0
410 0 FBIS4-9410 0
410 0 FBIS4-9438 0
410 0 FBIS4-9515 0
410 0 FBIS4-9942 0
410 0 FR940104-0-00034 0
410 0 FR940104-1-00025 0
410 0 FR940105-2-00109 0
410 0 FR940106-2-00089 0
410 0 FR940110-1-00013 0
410 0 FR940110-1-00018 0
410 0 FR940110-2-00072 0
410 0 FR940110-2-00075 0
410 0 FR940111-2-00045 0
410 0 FR940112-1-00044 0
410 0 FR940114-2-00049 0
410 0 FR940119-2-00052 0
410 0 FR940119-2-00060 0
410 0 FR940119-2-00067 0
410 0 FR940128-2-00107 0
410 0 FR940128-2-00123 0
410 0 FR940202-1-00030 0
410 0 FR940202-2-00038 0
410 0 FR940202-2-00072 0
410 0 FR940203-0-00084 0
410 0 FR940203-2-00081 0
410 0 FR940204-2-00032 0
410 0 FR940207-1-00049 0
410 0 FR940207-2-00068 0
410 0 FR940214-2-00017 0
410 0 FR940214-2-00026 0
410 0 FR940214-2-00078 0
410 0 FR940216-2-00010 0
410 0 FR940216-2-00036 0
410 0 FR940216-2-00043 0
410 0 FR940217-2-00085 0
410 0 FR940222-1-00059 0
410 0 FR940223-2-00193 0
410 0 FR940224-1-00004 0
410 0 FR940228-2-00066 0
410 0 FR940302-2-00082 0
410 0 FR940303-0-00002 0
410 0 FR940303-0-00039 0
410 0 FR940303-2-00082 0
410 0 FR940303-2-00105 0
410 0 FR940304-1-00088 0
410 0 FR940304-1-00131 0
410 0 FR940304-1-00137 0
410 0 FR940304-1-00157 0
410 0 FR940304-1-00163 0
410 0 FR940314-1-00041 0
410 0 FR940323-2-00068 0
410 0 FR940323-2-00101 0
410 0 FR940324-2-00049 0
410 0 FR940324-2-00104 0
410 0 FR940325-1-00053 0
410 0 FR940404-2-00162 0
410 0 FR940404-2-00210 0
410 0 FR940406-0-00063 0
410 0 FR940406-0-00067 0
410 0 FR940406-0-00072 0
410 0 FR940406-0-00073 0
410 0 FR940406-0-00075 0
410 0 FR940406-0-00076 0
410 0 FR940406-0-00190 0
410 0 FR940406-2-00183 0
410 0 FR940407-0-00106 0
410 0 FR940412-0-00010 0
410 0 FR940412-1-00002 0
410 0 FR940412-1-00003 0
410 0 FR940412-1-00004 0
410 0 FR940412-1-00006 0
410 0 FR940412-2-00064 0
410 0 FR940412-2-00097 0
410 0 FR940413-0-00036 0
410 0 FR940413-2-00087 0
410 0 FR940413-2-00130 0
410 0 FR940414-0-00039 0
410 0 FR940414-2-00144 0
410 0 FR940418-1-00023 0
410 0 FR940419-2-00089 0
410 0 FR940419-2-00154 0
410 0 FR940425-2-00030 0
410 0 FR940426-2-00028 0
410 0 FR940426-2-00029 0
410 0 FR940429-0-00007 0
410 0 FR940429-0-00249 0
410 0 FR940503-2-00050 0
410 0 FR940503-2-00068 0
410 0 FR940504-2-00066 0
410 0 FR940505-2-00011 0
410 0 FR940506-2-00072 0
410 0 FR940511-1-00009 0
410 0 FR940511-1-00012 0
410 0 FR940511-2-00041 0
410 0 FR940511-2-00075 0
410 0 FR940511-2-00118 0
410 0 FR940511-2-00119 0
410 0 FR940512-2-00025 0
410 0 FR940512-2-00048 0
410 0 FR940512-2-00060 0
410 0 FR940516-0-00080 0
410 0 FR940523-1-00007 0
410 0 FR940524-2-00067 0
410 0 FR940525-2-00018 0
410 0 FR940525-2-00021 0
410 0 FR940525-2-00070 0
410 0 FR940527-2-00066 0
410 0 FR940527-2-00135 0
410 0 FR940602-1-00023 0
410 0 FR940602-2-00087 0
410 0 FR940606-2-00036 0
410 0 FR940606-2-00044 0
410 0 FR940613-0-00044 0
410 0 FR940616-2-00085 0
410 0 FR940616-2-00089 0
410 0 FR940616-2-00090 0
410 0 FR940617-2-00061 0
410 0 FR940620-0-00079 0
410 0 FR940620-1-00049 0
410 0 FR940620-2-00030 0
410 0 FR940622-2-00075 0
410 0 FR940628-0-00009 0
410 0 FR940705-2-00213 0
410 0 FR940706-0-00048 0
410 0 FR940706-2-00126 0
410 0 FR940707-2-00063 0
410 0 FR940707-2-00064 0
410 0 FR940711-2-00025 0
410 0 FR940711-2-00036 0
410 0 FR940711-2-00134 0
410 0 FR940712-2-00043 0
410 0 FR940719-0-00064 0
410 0 FR940721-0-00012 0
410 0 FR940721-2-00088 0
410 0 FR940722-0-00010 0
410 0 FR940725-2-00141 0
410 0 FR940727-2-00025 0
410 0 FR940728-0-00008 0
410 0 FR940803-0-00044 0
410 0 FR940803-2-00061 0
410 0 FR940804-0-00009 0
410 0 FR940804-2-00044 0
410 0 FR940805-2-00013 0
410 0 FR940805-2-00015 0
410 0 FR940805-2-00098 0
410 0 FR940810-2-00039 0
410 0 FR940816-1-00007 0
410 0 FR940816-1-00008 0
410 0 FR940816-1-00019 0
410 0 FR940816-2-00044 0
410 0 FR940817-2-00213 0
410 0 FR940817-2-00277 0
410 0 FR940817-2-00278 0
410 0 FR940817-2-00280 0
410 0 FR940817-2-00282 0
410 0 FR940817-2-00287 0
410 0 FR940819-2-00055 0
410 0 FR940822-0-00067 0
410 0 FR940822-0-00077 0
410 0 FR940822-2-00012 0
410 0 FR940825-2-00063 0
410 0 FR940825-2-00070 0
410 0 FR940825-2-00071 0
410 0 FR940830-2-00037 0
410 0 FR940830-2-00053 0
410 0 FR940831-1-00024 0
410 0 FR940831-2-00024 0
410 0 FR940831-2-00098 0
410 0 FR940902-0-00137 0
410 0 FR940902-1-00048 0
410 0 FR940902-2-00165 0
410 0 FR940906-2-00112 0
410 0 FR940906-2-00131 0
410 0 FR940906-2-00135 0
410 0 FR940907-2-00041 0
410 0 FR940912-2-00056 0
410 0 FR940913-2-00020 0
410 0 FR940919-0-00026 0
410 0 FR940919-2-00136 0
410 0 FR940921-2-00031 0
410 0 FR940926-0-00017 0
410 0 FR940926-2-00037 0
410 0 FR940926-2-00038 0
410 0 FR940927-0-00113 0
410 0 FR941003-1-00041 0
410 0 FR941003-1-00076 0
410 0 FR941004-1-00086 0
410 0 FR941005-2-00017 0
410 0 FR941006-2-00163 0
410 0 FR941006-2-00211 0
410 0 FR941007-2-00116 0
410 0 FR941012-2-00016 0
410 0 FR941012-2-00106 0
410 0 FR941013-1-00059 0
410 0 FR941017-0-00007 0
410 0 FR941017-2-00115 0
410 0 FR941020-2-00019 0
410 0 FR941021-0-00134 0
410 0 FR941026-0-00026 0
410 0 FR941026-0-00028 0
410 0 FR941026-0-00030 0
410 0 FR941026-2-00082 0
410 0 FR941027-2-00102 0
410 0 FR941103-2-00057 0
410 0 FR941110-0-00018 0
410 0 FR941110-0-00320 0
410 0 FR941110-0-00321 0
410 0 FR941116-2-00051 0
410 0 FR941117-2-00158 0
410 0 FR941121-2-00109 0
410 0 FR941122-2-00010 0
410 0 FR941125-2-00078 0
410 0 FR941128-0-00022 0
410 0 FR941130-0-00122 0
410 0 FR941130-2-00045 0
410 0 FR941130-2-00051 0
410 0 FR941202-0-00123 0
410 0 FR941202-2-00028 0
410 0 FR941205-1-00051 0
410 0 FR941205-1-00053 0
410 0 FR941205-1-00062 0
410 0 FR941205-2-00006 0
410 0 FR941207-2-00068 0
410 0 FR941212-0-00118 0
410 0 FR941221-2-00045 0
410 0 FR941221-2-00068 0
410 0 FR941222-2-00057 0
410 0 FR941227-0-00026 0
410 0 FR941230-0-00038 0
410 0 FR941230-0-00119 0
410 0 FR941230-0-00123 0
410 0 FR941230-2-00015 0
410 0 FR941230-2-00030 0
410 0 FR941230-2-00069 0
410 0 FT911-129 0
410 0 FT911-138 0
410 0 FT911-140 0
410 0 FT911-1799 0
410 0 FT911-188 0
410 0 FT911-2183 0
410 0 FT911-2677 0
410 0 FT911-286 0
410 0 FT911-308 0
410 0 FT911-311 0
410 0 FT911-327 0
410 0 FT911-3359 0
410 0 FT911-3388 0
410 0 FT911-3405 0
410 0 FT911-3408 0
410 0 FT911-3409 0
410 0 FT911-3435 0
410 0 FT911-3437 0
410 0 FT911-3495 0
410 0 FT911-3545 0
410 0 FT911-3656 0
410 0 FT911-3790 0
410 0 FT911-3804 0
410 0 FT911-808 0
410 0 FT921-12249 0
410 0 FT921-12332 0
410 0 FT921-12893 0
410 0 FT921-13988 0
410 0 FT921-14258 0
410 0 FT921-14472 0
410 0 FT921-15012 0
410 0 FT921-15817 0
410 0 FT921-2961 0
410 0 FT921-3061 0
410 0 FT921-310 0
410 0 FT921-4183 0
410 0 FT921-5521 0
410 0 FT921-6610 0
410 0 FT921-6770 0
410 0 FT921-6884 0
410 0 FT921-6893 0
410 0 FT921-7009 0
410 0 FT921-7269 0
410 0 FT921-7947 0
410 0 FT921-8113 0
410 0 FT921-8522 0
410 0 FT921-8641 0
410 0 FT921-9293 1
410 0 FT921-9619 0
410 0 FT921-9731 0
410 0 FT922-10602 0
410 0 FT922-11063 0
410 0 FT922-11921 0
410 0 FT922-14254 0
410 0 FT922-14626 0
410 0 FT922-14783 0
410 0 FT922-14836 0
410 0 FT922-2036 0
410 0 FT922-2616 0
410 0 FT922-2738 0
410 0 FT922-2968 0
410 0 FT922-299 0
410 0 FT922-3179 0
410 0 FT922-4637 0
410 0 FT922-4729 0
410 0 FT922-5911 0
410 0 FT922-6846 0
410 0 FT922-6984 0
410 0 FT922-7655 0
410 0 FT922-7927 0
410 0 FT922-8020 0
410 0 FT922-8053 0
410 0 FT922-8293 0
410 0 FT922-8650 0
410 0 FT922-9239 1
410 0 FT922-9257 0
410 0 FT922-9459 0
410 0 FT922-9705 0
410 0 FT922-971 0
410 0 FT922-9931 0
410 0 FT923-10224 0
410 0 FT923-10769 0
410 0 FT923-10896 0
410 0 FT923-11071 0
410 0 FT923-11375 0
410 0 FT923-12636 0
410 0 FT923-12788 0
410 0 FT923-14287 0
410 0 FT923-14828 0
410 0 FT923-15697 0
410 0 FT923-15714 0
410 0 FT923-15717 0
410 0 FT923-1595 0
410 0 FT923-1598 0
410 0 FT923-1933 0
410 0 FT923-2038 0
410 0 FT923-2348 0
410 0 FT923-2419 0
410 0 FT923-242 0
410 0 FT923-3029 0
410 0 FT923-3038 0
410 0 FT923-3065 0
410 0 FT923-37 0
410 0 FT923-3837 0
410 0 FT923-4063 0
410 0 FT923-4266 0
410 0 FT923-4361 0
410 0 FT923-4366 0
410 0 FT923-4416 0
410 0 FT923-4477 0
410 0 FT923-4730 0
410 0 FT923-4770 0
410 0 FT923-4870 0
410 0 FT923-5115 0
410 0 FT923-5123 0
410 0 FT923-528 0
410 0 FT923-5335 0
410 0 FT923-6118 0
410 0 FT923-7130 0
410 0 FT923-7578 0
410 0 FT923-7629 0
410 0 FT923-7840 0
410 0 FT923-9584 0
410 0 FT923-9732 0
410 0 FT924-10314 0
410 0 FT924-10604 0
410 0 FT924-10982 0
410 0 FT924-11409 0
410 0 FT924-1173 0
410 0 FT924-12135 0
410 0 FT924-12302 0
410 0 FT924-12512 0
410 0 FT924-1268 0
410 0 FT924-12684 0
410 0 FT924-1285 0
410 0 FT924-12880 0
410 0 FT924-1302 0
410 0 FT924-13885 0
410 0 FT924-13915 0
410 0 FT924-13943 0
410 0 FT924-13957 0
410 0 FT924-15652 0
410 0 FT924-1888 1
410 0 FT924-2108 0
410 0 FT924-2184 0
410 0 FT924-2485 0
410 0 FT924-2744 0
410 0 FT924-2767 0
410 0 FT924-3022 0
410 0 FT924-310 0
410 0 FT924-3276 0
410 0 FT924-432 0
410 0 FT924-4340 0
410 0 FT924-4540 0
410 0 FT924-4713 0
410 0 FT924-4858 0
410 0 FT924-509 0
410 0 FT924-6120 0
410 0 FT924-7382 0
410 0 FT924-789 0
410 0 FT924-808 0
410 0 FT924-842 0
410 0 FT924-8755 0
410 0 FT924-8967 0
410 0 FT924-9499 0
410 0 FT931-10567 0
410 0 FT931-1059 0
410 0 FT931-10909 0
410 0 FT931-11387 0
410 0 FT931-12479 0
410 0 FT931-12507 0
410 0 FT931-13220 0
410 0 FT931-13658 0
410 0 FT931-13669 0
410 0 FT931-13670 0
410 0 FT931-13741 0
410 0 FT931-13771 0
410 0 FT931-14254 0
410 0 FT931-14258 0
410 0 FT931-14263 0
410 0 FT931-14275 0
410 0 FT931-14277 0
410 0 FT931-14279 0
410 0 FT931-14496 0
410 0 FT931-15101 0
410 0 FT931-15316 0
410 0 FT931-16456 0
410 0 FT931-16799 0
410 0 FT931-16831 0
410 0 FT931-16870 0
410 0 FT931-16883 0
410 0 FT931-16885 0
410 0 FT931-16889 0
410 0 FT931-16993 0
410 0 FT931-17141 0
410 0 FT931-17143 0
410 0 FT931-2966 0
410 0 FT931-3104 0
410 0 FT931-3960 0
410 0 FT931-5320 0
410 0 FT931-5939 0
410 0 FT931-614 0
410 0 FT931-6370 0
410 0 FT931-6628 0
410 0 FT931-7267 0
410 0 FT931-7269 0
410 0 FT931-7593 0
410 0 FT931-8546 0
410 0 FT931-8925 0
410 0 FT931-9280 0
410 0 FT931-9288 0
410 0 FT931-9309 0
410 0 FT931-9802 0
410 0 FT932-11119 1
410 0 FT932-1158 0
410 0 FT932-1167 1
410 0 FT932-11843 0
410 0 FT932-12122 0
410 0 FT932-12294 0
410 0 FT932-13501 0
410 0 FT932-13565 0
410 0 FT932-16049 0
410 0 FT932-16199 0
410 0 FT932-16222 0
410 0 FT932-16609 0
410 0 FT932-16743 0
410 0 FT932-16829 0
410 0 FT932-17376 0
410 0 FT932-2586 0
410 0 FT932-2810 0
410 0 FT932-3807 0
410 0 FT932-4056 0
410 0 FT932-4440 0
410 0 FT932-5627 0
410 0 FT932-6182 0
410 0 FT932-623 0
410 0 FT932-6268 0
410 0 FT932-6272 0
410 0 FT932-6402 0
410 0 FT932-6660 1
410 0 FT932-6868 0
410 0 FT932-6880 0
410 0 FT932-8305 0
410 0 FT932-841 0
410 0 FT932-8504 0
410 0 FT932-9282 0
410 0 FT933-11341 0
410 0 FT933-11345 0
410 0 FT933-1147 0
410 0 FT933-1303 0
410 0 FT933-13262 0
410 0 FT933-13391 0
410 0 FT933-14987 0
410 0 FT933-15138 0
410 0 FT933-15294 0
410 0 FT933-15623 0
410 0 FT933-1588 0
410 0 FT933-16249 0
410 0 FT933-16593 0
410 0 FT933-4402 0
410 0 FT933-6453 0
410 0 FT933-7463 0
410 0 FT933-7675 0
410 0 FT933-772 0
410 0 FT933-8655 0
410 0 FT933-8674 0
410 0 FT933-880 0
410 0 FT933-9092 0
410 0 FT933-9232 0
410 0 FT933-9580 0
410 0 FT933-9969 0
410 0 FT934-10861 0
410 0 FT934-11379 0
410 0 FT934-11658 0
410 0 FT934-11748 0
410 0 FT934-12342 0
410 0 FT934-12448 0
410 0 FT934-12462 0
410 0 FT934-1307 0
410 0 FT934-13424 0
410 0 FT934-14348 0
410 0 FT934-14380 0
410 0 FT934-16344 0
410 0 FT934-16599 0
410 0 FT934-1845 0
410 0 FT934-2047 0
410 0 FT934-2699 0
410 0 FT934-347 0
410 0 FT934-6457 0
410 0 FT934-6495 0
410 0 FT934-6689 0
410 0 FT934-7941 0
410 0 FT934-983 0
410 0 FT941-10092 0
410 0 FT941-10101 0
410 0 FT941-10144 0
410 0 FT941-10230 0
410 0 FT941-10927 0
410 0 FT941-11144 0
410 0 FT941-11147 0
410 0 FT941-11206 0
410 0 FT941-11804 0
410 0 FT941-12257 1
410 0 FT941-12382 0
410 0 FT941-12477 0
410 0 FT941-12521 0
410 0 FT941-12609 0
410 0 FT941-12741 0
410 0 FT941-13098 0
410 0 FT941-13670 0
410 0 FT941-13857 0
410 0 FT941-15215 0
410 0 FT941-15385 0
410 0 FT941-16021 1
410 0 FT941-16718 0
410 0 FT941-17215 0
410 0 FT941-17278 0
410 0 FT941-17674 0
410 0 FT941-17717 0
410 0 FT941-214 0
410 0 FT941-2792 0
410 0 FT941-2975 0
410 0 FT941-5683 0
410 0 FT941-841 0
410 0 FT942-10205 0
410 0 FT942-10959 0
410 0 FT942-11338 0
410 0 FT942-12627 0
410 0 FT942-1303 0
410 0 FT942-13454 0
410 0 FT942-1370 0
410 0 FT942-14360 1
410 0 FT942-14580 0
410 0 FT942-15231 0
410 0 FT942-15751 0
410 0 FT942-16046 0
410 0 FT942-16157 0
410 0 FT942-16780 0
410 0 FT942-17030 0
410 0 FT942-2105 0
410 0 FT942-2807 0
410 0 FT942-2951 0
410 0 FT942-3197 0
410 0 FT942-4168 0
410 0 FT942-4879 0
410 0 FT942-5079 0
410 0 FT942-5680 0
410 0 FT942-6231 0
410 0 FT942-6420 0
410 0 FT942-6524 0
410 0 FT942-6592 0
410 0 FT942-7890 0
410 0 FT942-8313 0
410 0 FT942-8808 0
410 0 FT942-946 0
410 0 FT942-972 0
410 0 FT942-9904 0
410 0 FT943-10701 0
410 0 FT943-11216 0
410 0 FT943-11912 0
410 0 FT943-1250 0
410 0 FT943-12521 0
410 0 FT943-1434 0
410 0 FT943-14597 0
410 0 FT943-16452 0
410 0 FT943-1928 0
410 0 FT943-3979 0
410 0 FT943-4256 0
410 0 FT943-4556 0
410 0 FT943-4651 0
410 0 FT943-5574 0
410 0 FT943-5700 0
410 0 FT943-5786 0
410 0 FT943-6804 0
410 0 FT943-7347 0
410 0 FT943-8044 0
410 0 FT943-807 0
410 0 FT943-8086 0
410 0 FT943-8108 0
410 0 FT943-9932 0
410 0 FT944-10715 0
410 0 FT944-10922 0
410 0 FT944-1157 0
410 0 FT944-12103 0
410 0 FT944-1350 0
410 0 FT944-15092 0
410 0 FT944-16556 0
410 0 FT944-16561 0
410 0 FT944-17194 0
410 0 FT944-18355 0
410 0 FT944-2249 0
410 0 FT944-2254 0
410 0 FT944-2256 0
410 0 FT944-2262 0
410 0 FT944-2263 0
410 0 FT944-2267 0
410 0 FT944-2384 0
410 0 FT944-2497 0
410 0 FT944-2502 0
410 0 FT944-2546 0
410 0 FT944-2600 0
410 0 FT944-2605 0
410 0 FT944-2690 0
410 0 FT944-2695 0
410 0 FT944-2697 0
410 0 FT944-2703 0
410 0 FT944-2704 0
410 0 FT944-2708 0
410 0 FT944-2874 0
410 0 FT944-3124 0
410 0 FT944-3807 0
410 0 FT944-3809 0
410 0 FT944-3921 0
410 0 FT944-3971 0
410 0 FT944-3979 0
410 0 FT944-3990 0
410 0 FT944-3996 0
410 0 FT944-4310 0
410 0 FT944-4314 0
410 0 FT944-4735 0
410 0 FT944-517 0
410 0 FT944-5191 0
410 0 FT944-5481 0
410 0 FT944-5537 0
410 0 FT944-6040 0
410 0 FT944-6047 0
410 0 FT944-6059 0
410 0 FT944-6060 0
410 0 FT944-7135 0
410 0 FT944-7357 0
410 0 FT944-7576 0
410 0 FT944-7827 0
410 0 FT944-8017 0
410 0 FT944-8162 0
410 0 FT944-9117 0
410 0 FT944-934 1
410 0 FT944-9461 1
410 0 FT944-9681 0
410 0 LA010189-0079 0
410 0 LA012389-0078 0
410 0 LA020190-0049 0
410 0 LA020190-0237 0
410 0 LA020490-0196 0
410 0 LA021189-0004 0
410 0 LA021290-0066 0
410 0 LA021290-0141 0
410 0 LA021389-0049 0
410 0 LA021489-0095 0
410 0 LA021890-0100 0
410 0 LA022290-0139 0
410 0 LA022290-0195 0
410 0 LA022590-0084 0
410 0 LA022689-0076 0
410 0 LA022690-0069 0
410 0 LA022789-0059 0
410 0 LA030490-0051 1
410 0 LA030789-0064 0
410 0 LA030890-0151 0
410 0 LA031289-0139 0
410 0 LA031590-0102 0
410 0 LA032089-0043 0
410 0 LA032290-0158 0
410 0 LA040189-0004 0
410 0 LA040289-0082 0
410 0 LA041390-0189 0
410 0 LA041490-0068 0
410 0 LA042189-0022 0
410 0 LA050190-0115 0
410 0 LA050490-0043 0
410 0 LA050790-0033 0
410 0 LA050890-0047 0
410 0 LA051089-0096 0
410 0 LA051790-0087 0
410 0 LA052689-0083 0
410 0 LA052790-0104 0
410 0 LA053089-0063 0
410 0 LA060189-0050 0
410 0 LA060190-0039 0
410 0 LA060390-0066 0
410 0 LA060489-0123 0
410 0 LA060790-0124 0
410 0 LA061990-0020 0
410 0 LA061990-0123 0
410 0 LA070190-0033 1
410 0 LA071289-0138 0
410 0 LA071790-0128 0
410 0 LA071890-0073 0
410 0 LA072889-0122 0
410 0 LA072989-0094 0
410 0 LA072990-0026 0
410 0 LA073089-0073 0
410 0 LA080189-0070 0
410 0 LA080190-0002 0
410 0 LA080690-0019 0
410 0 LA080890-0023 0
410 0 LA080990-0094 0
410 0 LA081290-0122 0
410 0 LA081989-0060 0
410 0 LA082889-0062 0
410 0 LA083090-0080 0
410 0 LA091190-0053 0
410 0 LA091389-0071 0
410 0 LA092090-0132 0
410 0 LA092189-0017 0
410 0 LA100190-0082 0
410 0 LA101089-0015 0
410 0 LA101090-0079 0
410 0 LA101589-0078 0
410 0 LA101989-0136 0
410 0 LA101989-0183 0
410 0 LA102189-0054 0
410 0 LA102289-0096 0
410 0 LA102289-0172 0
410 0 LA102389-0100 0
410 0 LA102590-0126 0
410 0 LA102789-0141 0
410 0 LA102790-0126 0
410 0 LA103089-0062 0
410 0 LA110789-0029 0
410 0 LA111589-0153 0
410 0 LA112489-0047 0
410 0 LA112489-0069 0
410 0 LA112489-0096 0
410 0 LA112489-0120 0
410 0 LA112489-0135 0
410 0 LA112490-0124 0
410 0 LA112989-0070 0
410 0 LA120490-0069 0
410 0 LA120490-0110 0
410 0 LA120589-0108 0
410 0 LA120690-0088 0
410 0 LA120889-0101 0
410 0 LA122689-0049 0
