412 0 FBIS3-10007 1
412 0 FBIS3-10169 0
412 0 FBIS3-10291 0
412 0 FBIS3-1092 0
412 0 FBIS3-1137 0
412 0 FBIS3-11383 0
412 0 FBIS3-12165 0
412 0 FBIS3-12403 0
412 0 FBIS3-1246 0
412 0 FBIS3-12693 1
412 0 FBIS3-13115 0
412 0 FBIS3-13309 0
412 0 FBIS3-13312 0
412 0 FBIS3-13379 0
412 0 FBIS3-13407 0
412 0 FBIS3-13430 0
412 0 FBIS3-13529 0
412 0 FBIS3-13541 0
412 0 FBIS3-13542 0
412 0 FBIS3-13706 0
412 0 FBIS3-14 0
412 0 FBIS3-14160 0
412 0 FBIS3-14245 0
412 0 FBIS3-14656 0
412 0 FBIS3-14832 0
412 0 FBIS3-1510 0
412 0 FBIS3-15177 0
412 0 FBIS3-15208 0
412 0 FBIS3-15218 0
412 0 FBIS3-1658 0
412 0 FBIS3-1687 0
412 0 FBIS3-17201 0
412 0 FBIS3-17458 0
412 0 FBIS3-1798 0
412 0 FBIS3-18136 0
412 0 FBIS3-1821 0
412 0 FBIS3-18275 0
412 0 FBIS3-18306 0
412 0 FBIS3-1846 0
412 0 FBIS3-1876 0
412 0 FBIS3-18878 0
412 0 FBIS3-18883 0
412 0 FBIS3-18970 1
412 0 FBIS3-18998 1
412 0 FBIS3-19027 1
412 0 FBIS3-19034 0
412 0 FBIS3-19066 1
412 0 FBIS3-19119 1
412 0 FBIS3-1947 0
412 0 FBIS3-19558 0
412 0 FBIS3-19725 0
412 0 FBIS3-1991 0
412 0 FBIS3-19963 0
412 0 FBIS3-20443 0
412 0 FBIS3-2047 0
412 0 FBIS3-20512 0
412 0 FBIS3-20796 0
412 0 FBIS3-21166 0
412 0 FBIS3-21245 0
412 0 FBIS3-2128 0
412 0 FBIS3-21481 0
412 0 FBIS3-21483 0
412 0 FBIS3-21650 0
412 0 FBIS3-21762 0
412 0 FBIS3-21921 0
412 0 FBIS3-21937 0
412 0 FBIS3-21945 1
412 0 FBIS3-22100 0
412 0 FBIS3-22101 0
412 0 FBIS3-22725 0
412 0 FBIS3-22863 0
412 0 FBIS3-22907 0
412 0 FBIS3-22999 0
412 0 FBIS3-23073 0
412 0 FBIS3-23075 0
412 0 FBIS3-23076 0
412 0 FBIS3-23079 0
412 0 FBIS3-23161 0
412 0 FBIS3-23194 0
412 0 FBIS3-23200 1
412 0 FBIS3-23264 0
412 0 FBIS3-23336 1
412 0 FBIS3-23337 0
412 0 FBIS3-23524 0
412 0 FBIS3-23550 0
412 0 FBIS3-23945 0
412 0 FBIS3-23947 0
412 0 FBIS3-24145 0
412 0 FBIS3-2420 0
412 0 FBIS3-2421 0
412 0 FBIS3-24422 0
412 0 FBIS3-24653 0
412 0 FBIS3-2516 0
412 0 FBIS3-25263 0
412 0 FBIS3-25312 0
412 0 FBIS3-25667 0
412 0 FBIS3-25900 0
412 0 FBIS3-25979 0
412 0 FBIS3-26 0
412 0 FBIS3-26687 0
412 0 FBIS3-26993 0
412 0 FBIS3-27092 0
412 0 FBIS3-27094 1
412 0 FBIS3-27095 0
412 0 FBIS3-27096 0
412 0 FBIS3-27097 1
412 0 FBIS3-27098 1
412 0 FBIS3-27123 0
412 0 FBIS3-27125 1
412 0 FBIS3-27126 0
412 0 FBIS3-27127 0
412 0 FBIS3-27128 1
412 0 FBIS3-27129 1
412 0 FBIS3-2721 0
412 0 FBIS3-27271 0
412 0 FBIS3-27331 1
412 0 FBIS3-27457 0
412 0 FBIS3-27523 0
412 0 FBIS3-27619 0
412 0 FBIS3-27642 0
412 0 FBIS3-27652 0
412 0 FBIS3-27954 0
412 0 FBIS3-27982 0
412 0 FBIS3-28634 0
412 0 FBIS3-28703 0
412 0 FBIS3-28872 0
412 0 FBIS3-28995 0
412 0 FBIS3-29180 0
412 0 FBIS3-2919 0
412 0 FBIS3-29911 0
412 0 FBIS3-30457 1
412 0 FBIS3-30479 0
412 0 FBIS3-3084 0
412 0 FBIS3-31028 0
412 0 FBIS3-31180 0
412 0 FBIS3-31293 0
412 0 FBIS3-31654 0
412 0 FBIS3-31831 0
412 0 FBIS3-31832 0
412 0 FBIS3-31845 0
412 0 FBIS3-3189 0
412 0 FBIS3-3190 0
412 0 FBIS3-32193 0
412 0 FBIS3-32744 0
412 0 FBIS3-33083 0
412 0 FBIS3-33087 0
412 0 FBIS3-33709 0
412 0 FBIS3-34105 0
412 0 FBIS3-34133 0
412 0 FBIS3-34266 0
412 0 FBIS3-34267 0
412 0 FBIS3-34291 0
412 0 FBIS3-34822 0
412 0 FBIS3-34910 0
412 0 FBIS3-35195 0
412 0 FBIS3-3546 0
412 0 FBIS3-36017 0
412 0 FBIS3-36059 0
412 0 FBIS3-36078 0
412 0 FBIS3-36251 0
412 0 FBIS3-36803 0
412 0 FBIS3-36830 0
412 0 FBIS3-36901 0
412 0 FBIS3-37419 0
412 0 FBIS3-37944 0
412 0 FBIS3-37947 0
412 0 FBIS3-38219 0
412 0 FBIS3-38290 0
412 0 FBIS3-38383 0
412 0 FBIS3-38600 0
412 0 FBIS3-38908 0
412 0 FBIS3-39148 0
412 0 FBIS3-39316 0
412 0 FBIS3-39319 0
412 0 FBIS3-39545 0
412 0 FBIS3-3966 0
412 0 FBIS3-39741 0
412 0 FBIS3-39921 0
412 0 FBIS3-40088 0
412 0 FBIS3-40129 0
412 0 FBIS3-40130 0
412 0 FBIS3-40265 0
412 0 FBIS3-40450 0
412 0 FBIS3-40468 0
412 0 FBIS3-40497 0
412 0 FBIS3-40872 0
412 0 FBIS3-41519 0
412 0 FBIS3-4164 0
412 0 FBIS3-41878 0
412 0 FBIS3-41922 0
412 0 FBIS3-41938 0
412 0 FBIS3-41975 0
412 0 FBIS3-4209 0
412 0 FBIS3-4210 0
412 0 FBIS3-42173 0
412 0 FBIS3-42244 0
412 0 FBIS3-42262 0
412 0 FBIS3-42270 0
412 0 FBIS3-42399 0
412 0 FBIS3-42400 0
412 0 FBIS3-42405 0
412 0 FBIS3-42411 0
412 0 FBIS3-42459 0
412 0 FBIS3-42631 0
412 0 FBIS3-42726 0
412 0 FBIS3-4278 0
412 0 FBIS3-42821 0
412 0 FBIS3-42845 0
412 0 FBIS3-42868 0
412 0 FBIS3-43120 0
412 0 FBIS3-43132 0
412 0 FBIS3-43142 0
412 0 FBIS3-43160 0
412 0 FBIS3-43174 0
412 0 FBIS3-43186 0
412 0 FBIS3-43196 0
412 0 FBIS3-43214 0
412 0 FBIS3-43267 0
412 0 FBIS3-43562 0
412 0 FBIS3-43565 0
412 0 FBIS3-43602 0
412 0 FBIS3-43816 0
412 0 FBIS3-43920 0
412 0 FBIS3-43990 1
412 0 FBIS3-44219 1
412 0 FBIS3-44462 0
412 0 FBIS3-44703 0
412 0 FBIS3-44742 0
412 0 FBIS3-44807 0
412 0 FBIS3-44864 0
412 0 FBIS3-45262 0
412 0 FBIS3-45728 0
412 0 FBIS3-45961 0
412 0 FBIS3-46072 0
412 0 FBIS3-46099 0
412 0 FBIS3-46128 0
412 0 FBIS3-46135 0
412 0 FBIS3-46175 0
412 0 FBIS3-46255 0
412 0 FBIS3-46391 0
412 0 FBIS3-46459 0
412 0 FBIS3-46596 0
412 0 FBIS3-46878 0
412 0 FBIS3-4694 0
412 0 FBIS3-471 0
412 0 FBIS3-47129 0
412 0 FBIS3-47514 0
412 0 FBIS3-48636 0
412 0 FBIS3-4877 0
412 0 FBIS3-490 0
412 0 FBIS3-49035 0
412 0 FBIS3-50129 0
412 0 FBIS3-50131 0
412 0 FBIS3-50497 0
412 0 FBIS3-5076 0
412 0 FBIS3-5078 0
412 0 FBIS3-50888 0
412 0 FBIS3-50892 1
412 0 FBIS3-51229 0
412 0 FBIS3-51305 0
412 0 FBIS3-51540 0
412 0 FBIS3-51718 0
412 0 FBIS3-52570 0
412 0 FBIS3-52603 0
412 0 FBIS3-5294 0
412 0 FBIS3-53912 0
412 0 FBIS3-5392 0
412 0 FBIS3-53983 0
412 0 FBIS3-54707 0
412 0 FBIS3-54938 0
412 0 FBIS3-55498 0
412 0 FBIS3-57033 0
412 0 FBIS3-57576 0
412 0 FBIS3-58 0
412 0 FBIS3-58217 0
412 0 FBIS3-58241 0
412 0 FBIS3-58349 0
412 0 FBIS3-58377 0
412 0 FBIS3-58523 0
412 0 FBIS3-58578 0
412 0 FBIS3-58617 0
412 0 FBIS3-58913 0
412 0 FBIS3-59227 0
412 0 FBIS3-59272 0
412 0 FBIS3-59750 0
412 0 FBIS3-59752 0
412 0 FBIS3-60309 0
412 0 FBIS3-60336 0
412 0 FBIS3-60763 0
412 0 FBIS3-60764 1
412 0 FBIS3-60841 0
412 0 FBIS3-60846 0
412 0 FBIS3-60847 0
412 0 FBIS3-60848 0
412 0 FBIS3-60849 0
412 0 FBIS3-60855 0
412 0 FBIS3-60859 0
412 0 FBIS3-60860 0
412 0 FBIS3-60862 0
412 0 FBIS3-60863 0
412 0 FBIS3-60864 0
412 0 FBIS3-60869 0
412 0 FBIS3-60880 0
412 0 FBIS3-60903 0
412 0 FBIS3-60998 0
412 0 FBIS3-61006 0
412 0 FBIS3-61041 0
412 0 FBIS3-61044 0
412 0 FBIS3-61322 0
412 0 FBIS3-6570 0
412 0 FBIS3-6876 0
412 0 FBIS3-6884 0
412 0 FBIS3-7576 0
412 0 FBIS3-7650 0
412 0 FBIS3-7755 0
412 0 FBIS3-7937 0
412 0 FBIS3-7956 0
412 0 FBIS3-8064 0
412 0 FBIS3-8255 0
412 0 FBIS3-8342 0
412 0 FBIS3-8368 0
412 0 FBIS3-8478 0
412 0 FBIS3-8517 0
412 0 FBIS3-8757 0
412 0 FBIS3-8821 0
412 0 FBIS3-9175 0
412 0 FBIS3-9291 0
412 0 FBIS3-9581 0
412 0 FBIS4-11052 0
412 0 FBIS4-11375 0
412 0 FBIS4-11596 0
412 0 FBIS4-11678 0
412 0 FBIS4-12085 0
412 0 FBIS4-12157 0
412 0 FBIS4-12249 0
412 0 FBIS4-12258 0
412 0 FBIS4-12385 0
412 0 FBIS4-12723 0
412 0 FBIS4-12932 0
412 0 FBIS4-13488 0
412 0 FBIS4-13554 0
412 0 FBIS4-13557 0
412 0 FBIS4-13807 0
412 0 FBIS4-1389 0
412 0 FBIS4-1393 1
412 0 FBIS4-1396 0
412 0 FBIS4-13979 0
412 0 FBIS4-16775 1
412 0 FBIS4-16885 0
412 0 FBIS4-17246 0
412 0 FBIS4-17282 0
412 0 FBIS4-17412 0
412 0 FBIS4-17491 0
412 0 FBIS4-17633 0
412 0 FBIS4-18028 0
412 0 FBIS4-18165 0
412 0 FBIS4-18570 0
412 0 FBIS4-1860 0
412 0 FBIS4-1861 0
412 0 FBIS4-19028 0
412 0 FBIS4-19124 0
412 0 FBIS4-19238 0
412 0 FBIS4-19670 0
412 0 FBIS4-20287 0
412 0 FBIS4-20311 0
412 0 FBIS4-2039 0
412 0 FBIS4-2048 0
412 0 FBIS4-20504 0
412 0 FBIS4-20734 0
412 0 FBIS4-20801 0
412 0 FBIS4-21 0
412 0 FBIS4-2111 0
412 0 FBIS4-2128 0
412 0 FBIS4-21867 0
412 0 FBIS4-21870 0
412 0 FBIS4-21933 0
412 0 FBIS4-21945 0
412 0 FBIS4-21960 0
412 0 FBIS4-22027 0
412 0 FBIS4-2204 0
412 0 FBIS4-22079 0
412 0 FBIS4-22175 0
412 0 FBIS4-22307 0
412 0 FBIS4-2262 0
412 0 FBIS4-22629 0
412 0 FBIS4-22648 0
412 0 FBIS4-22656 0
412 0 FBIS4-22763 0
412 0 FBIS4-22773 0
412 0 FBIS4-22945 0
412 0 FBIS4-22981 0
412 0 FBIS4-23087 0
412 0 FBIS4-23131 0
412 0 FBIS4-23993 1
412 0 FBIS4-2439 0
412 0 FBIS4-24633 0
412 0 FBIS4-25090 0
412 0 FBIS4-25191 0
412 0 FBIS4-25192 0
412 0 FBIS4-25261 0
412 0 FBIS4-25875 0
412 0 FBIS4-25876 0
412 0 FBIS4-26038 0
412 0 FBIS4-26335 0
412 0 FBIS4-2640 0
412 0 FBIS4-26678 0
412 0 FBIS4-26685 0
412 0 FBIS4-26687 0
412 0 FBIS4-26738 0
412 0 FBIS4-26883 0
412 0 FBIS4-26890 0
412 0 FBIS4-27331 0
412 0 FBIS4-2734 0
412 0 FBIS4-27346 0
412 0 FBIS4-27507 0
412 0 FBIS4-27921 0
412 0 FBIS4-27966 0
412 0 FBIS4-28067 1
412 0 FBIS4-28239 1
412 0 FBIS4-28270 0
412 0 FBIS4-28502 0
412 0 FBIS4-28607 0
412 0 FBIS4-28636 0
412 0 FBIS4-28647 0
412 0 FBIS4-28712 0
412 0 FBIS4-29 0
412 0 FBIS4-29181 0
412 0 FBIS4-2931 0
412 0 FBIS4-294 0
412 0 FBIS4-29508 0
412 0 FBIS4-296 0
412 0 FBIS4-29678 0
412 0 FBIS4-29958 0
412 0 FBIS4-30483 0
412 0 FBIS4-30506 0
412 0 FBIS4-30593 0
412 0 FBIS4-31030 0
412 0 FBIS4-31174 0
412 0 FBIS4-31787 0
412 0 FBIS4-3199 0
412 0 FBIS4-32114 0
412 0 FBIS4-32684 0
412 0 FBIS4-33263 0
412 0 FBIS4-33360 0
412 0 FBIS4-3370 0
412 0 FBIS4-33740 0
412 0 FBIS4-33802 0
412 0 FBIS4-34124 0
412 0 FBIS4-34631 0
412 0 FBIS4-34725 0
412 0 FBIS4-3506 0
412 0 FBIS4-35280 0
412 0 FBIS4-35469 0
412 0 FBIS4-35783 0
412 0 FBIS4-36088 0
412 0 FBIS4-36112 0
412 0 FBIS4-36242 0
412 0 FBIS4-37155 0
412 0 FBIS4-37216 0
412 0 FBIS4-37271 0
412 0 FBIS4-37539 0
412 0 FBIS4-37889 0
412 0 FBIS4-37985 0
412 0 FBIS4-38 0
412 0 FBIS4-38234 0
412 0 FBIS4-38910 0
412 0 FBIS4-39428 0
412 0 FBIS4-39759 0
412 0 FBIS4-40148 0
412 0 FBIS4-40151 0
412 0 FBIS4-40174 0
412 0 FBIS4-4063 0
412 0 FBIS4-4067 0
412 0 FBIS4-4129 0
412 0 FBIS4-42081 0
412 0 FBIS4-4224 0
412 0 FBIS4-42287 0
412 0 FBIS4-42289 0
412 0 FBIS4-424 0
412 0 FBIS4-42593 0
412 0 FBIS4-4275 0
412 0 FBIS4-42788 0
412 0 FBIS4-4338 0
412 0 FBIS4-43432 0
412 0 FBIS4-43694 0
412 0 FBIS4-438 0
412 0 FBIS4-44104 0
412 0 FBIS4-44236 0
412 0 FBIS4-44356 0
412 0 FBIS4-44458 0
412 0 FBIS4-45012 0
412 0 FBIS4-45041 0
412 0 FBIS4-45140 0
412 0 FBIS4-45158 0
412 0 FBIS4-45403 0
412 0 FBIS4-45649 0
412 0 FBIS4-45685 0
412 0 FBIS4-46341 0
412 0 FBIS4-46342 0
412 0 FBIS4-46343 0
412 0 FBIS4-46469 0
412 0 FBIS4-46470 0
412 0 FBIS4-46572 0
412 0 FBIS4-46766 0
412 0 FBIS4-46780 0
412 0 FBIS4-46846 0
412 0 FBIS4-46889 0
412 0 FBIS4-46935 0
412 0 FBIS4-47008 0
412 0 FBIS4-47609 0
412 0 FBIS4-47613 0
412 0 FBIS4-47685 0
412 0 FBIS4-48014 0
412 0 FBIS4-48486 0
412 0 FBIS4-48665 0
412 0 FBIS4-48971 0
412 0 FBIS4-49021 0
412 0 FBIS4-49245 0
412 0 FBIS4-49431 0
412 0 FBIS4-49621 1
412 0 FBIS4-49776 0
412 0 FBIS4-49832 0
412 0 FBIS4-50011 0
412 0 FBIS4-50083 0
412 0 FBIS4-50195 0
412 0 FBIS4-50513 0
412 0 FBIS4-50529 0
412 0 FBIS4-50645 0
412 0 FBIS4-50706 0
412 0 FBIS4-50901 0
412 0 FBIS4-51101 0
412 0 FBIS4-51241 0
412 0 FBIS4-51261 0
412 0 FBIS4-51336 0
412 0 FBIS4-5185 0
412 0 FBIS4-52039 0
412 0 FBIS4-52042 0
412 0 FBIS4-52043 0
412 0 FBIS4-52158 0
412 0 FBIS4-52587 0
412 0 FBIS4-52754 0
412 0 FBIS4-52844 0
412 0 FBIS4-53078 0
412 0 FBIS4-53170 0
412 0 FBIS4-53303 0
412 0 FBIS4-53787 0
412 0 FBIS4-54287 0
412 0 FBIS4-55409 0
412 0 FBIS4-55738 0
412 0 FBIS4-5653 0
412 0 FBIS4-56568 0
412 0 FBIS4-57035 0
412 0 FBIS4-57286 0
412 0 FBIS4-58208 0
412 0 FBIS4-58441 0
412 0 FBIS4-58616 0
412 0 FBIS4-58676 0
412 0 FBIS4-58696 0
412 0 FBIS4-58697 1
412 0 FBIS4-59119 0
412 0 FBIS4-59607 0
412 0 FBIS4-59645 0
412 0 FBIS4-59839 0
412 0 FBIS4-59907 0
412 0 FBIS4-60257 0
412 0 FBIS4-60291 0
412 0 FBIS4-60312 0
412 0 FBIS4-60325 0
412 0 FBIS4-60652 0
412 0 FBIS4-60985 0
412 0 FBIS4-61277 0
412 0 FBIS4-61801 0
412 0 FBIS4-62824 0
412 0 FBIS4-62857 0
412 0 FBIS4-62969 0
412 0 FBIS4-63132 0
412 0 FBIS4-65014 0
412 0 FBIS4-6513 0
412 0 FBIS4-65268 0
412 0 FBIS4-65429 0
412 0 FBIS4-66161 0
412 0 FBIS4-66288 0
412 0 FBIS4-66308 0
412 0 FBIS4-66602 0
412 0 FBIS4-6677 0
412 0 FBIS4-66943 0
412 0 FBIS4-67153 0
412 0 FBIS4-67169 0
412 0 FBIS4-67533 0
412 0 FBIS4-67828 0
412 0 FBIS4-67842 0
412 0 FBIS4-67877 0
412 0 FBIS4-68055 0
412 0 FBIS4-68108 0
412 0 FBIS4-68163 0
412 0 FBIS4-68197 1
412 0 FBIS4-68226 0
412 0 FBIS4-68275 0
412 0 FBIS4-68320 0
412 0 FBIS4-68349 0
412 0 FBIS4-68425 0
412 0 FBIS4-68579 0
412 0 FBIS4-726 0
412 0 FBIS4-7838 0
412 0 FBIS4-8683 0
412 0 FBIS4-924 0
412 0 FBIS4-9354 0
412 0 FBIS4-9678 0
412 0 FBIS4-9843 0
412 0 FR940104-0-00034 0
412 0 FR940105-2-00109 0
412 0 FR940105-2-00118 0
412 0 FR940105-2-00119 0
412 0 FR940105-2-00120 0
412 0 FR940105-2-00123 0
412 0 FR940106-0-00046 0
412 0 FR940106-2-00125 0
412 0 FR940110-2-00086 0
412 0 FR940111-0-00040 0
412 0 FR940112-0-00010 0
412 0 FR940112-1-00008 0
412 0 FR940112-1-00009 0
412 0 FR940112-1-00010 0
412 0 FR940112-1-00020 0
412 0 FR940112-1-00044 0
412 0 FR940112-2-00132 0
412 0 FR940112-2-00145 0
412 0 FR940114-1-00059 0
412 0 FR940119-0-00070 0
412 0 FR940119-1-00028 0
412 0 FR940119-1-00036 0
412 0 FR940119-1-00037 0
412 0 FR940119-1-00039 0
412 0 FR940119-1-00056 0
412 0 FR940119-2-00067 0
412 0 FR940119-2-00089 0
412 0 FR940119-2-00090 0
412 0 FR940119-2-00091 0
412 0 FR940119-2-00092 0
412 0 FR940119-2-00093 0
412 0 FR940119-2-00094 0
412 0 FR940127-2-00004 0
412 0 FR940127-2-00200 0
412 0 FR940128-2-00227 0
412 0 FR940202-0-00032 0
412 0 FR940202-2-00072 0
412 0 FR940203-0-00084 0
412 0 FR940204-1-00022 0
412 0 FR940204-1-00032 0
412 0 FR940204-2-00146 0
412 0 FR940207-0-00005 0
412 0 FR940208-0-00088 0
412 0 FR940214-0-00102 0
412 0 FR940216-0-00027 0
412 0 FR940216-2-00036 0
412 0 FR940217-2-00131 0
412 0 FR940222-0-00023 0
412 0 FR940222-0-00024 0
412 0 FR940222-2-00092 0
412 0 FR940223-1-00037 0
412 0 FR940223-1-00038 0
412 0 FR940223-1-00052 0
412 0 FR940223-2-00231 0
412 0 FR940224-2-00158 0
412 0 FR940228-0-00068 0
412 0 FR940228-1-00154 0
412 0 FR940228-2-00003 0
412 0 FR940228-2-00110 0
412 0 FR940302-1-00031 0
412 0 FR940302-1-00032 0
412 0 FR940302-1-00034 0
412 0 FR940302-2-00082 0
412 0 FR940303-0-00026 0
412 0 FR940303-0-00028 0
412 0 FR940303-0-00064 0
412 0 FR940303-2-00091 0
412 0 FR940304-2-00070 0
412 0 FR940314-1-00041 0
412 0 FR940317-0-00048 0
412 0 FR940317-1-00183 0
412 0 FR940317-2-00133 0
412 0 FR940318-1-00015 0
412 0 FR940318-1-00022 0
412 0 FR940323-0-00013 0
412 0 FR940323-0-00104 0
412 0 FR940323-0-00110 0
412 0 FR940323-2-00151 0
412 0 FR940324-0-00020 0
412 0 FR940324-0-00044 0
412 0 FR940324-1-00062 0
412 0 FR940324-2-00131 0
412 0 FR940324-2-00134 0
412 0 FR940324-2-00135 0
412 0 FR940324-2-00137 0
412 0 FR940324-2-00138 0
412 0 FR940325-0-00107 0
412 0 FR940325-1-00017 0
412 0 FR940325-1-00018 0
412 0 FR940325-1-00020 0
412 0 FR940325-1-00024 0
412 0 FR940325-1-00039 0
412 0 FR940325-1-00040 0
412 0 FR940325-2-00003 0
412 0 FR940325-2-00029 0
412 0 FR940325-2-00120 0
412 0 FR940404-2-00029 0
412 0 FR940405-2-00043 0
412 0 FR940406-0-00057 0
412 0 FR940406-0-00059 0
412 0 FR940406-0-00190 0
412 0 FR940406-2-00080 0
412 0 FR940406-2-00131 0
412 0 FR940407-2-00040 0
412 0 FR940407-2-00042 0
412 0 FR940407-2-00044 0
412 0 FR940407-2-00152 0
412 0 FR940412-2-00128 0
412 0 FR940413-2-00079 0
412 0 FR940413-2-00130 0
412 0 FR940414-0-00087 0
412 0 FR940414-2-00021 0
412 0 FR940414-2-00022 0
412 0 FR940414-2-00023 0
412 0 FR940414-2-00094 0
412 0 FR940418-2-00024 0
412 0 FR940418-2-00025 0
412 0 FR940418-2-00054 0
412 0 FR940418-2-00126 0
412 0 FR940419-1-00019 0
412 0 FR940419-1-00027 0
412 0 FR940419-1-00030 0
412 0 FR940419-1-00044 0
412 0 FR940419-2-00049 0
412 0 FR940419-2-00053 0
412 0 FR940419-2-00135 0
412 0 FR940426-0-00053 0
412 0 FR940426-0-00054 0
412 0 FR940428-0-00057 0
412 0 FR940428-0-00060 0
412 0 FR940428-2-00103 0
412 0 FR940428-2-00140 0
412 0 FR940428-2-00141 0
412 0 FR940429-0-00018 0
412 0 FR940429-0-00233 0
412 0 FR940429-2-00102 0
412 0 FR940429-2-00104 0
412 0 FR940429-2-00115 0
412 0 FR940503-0-00025 0
412 0 FR940503-0-00045 0
412 0 FR940503-0-00047 0
412 0 FR940503-0-00048 0
412 0 FR940503-2-00149 0
412 0 FR940504-0-00014 0
412 0 FR940504-1-00043 0
412 0 FR940504-1-00044 0
412 0 FR940504-1-00045 0
412 0 FR940505-0-00048 0
412 0 FR940505-1-00067 0
412 0 FR940505-1-00106 0
412 0 FR940505-1-00147 0
412 0 FR940505-1-00149 0
412 0 FR940505-1-00156 0
412 0 FR940505-1-00158 0
412 0 FR940505-1-00159 0
412 0 FR940505-1-00203 0
412 0 FR940506-0-00009 0
412 0 FR940506-1-00004 0
412 0 FR940506-2-00158 0
412 0 FR940506-2-00159 0
412 0 FR940511-0-00004 0
412 0 FR940511-0-00006 0
412 0 FR940511-0-00009 0
412 0 FR940511-0-00010 0
412 0 FR940511-0-00011 0
412 0 FR940511-0-00012 0
412 0 FR940511-0-00013 0
412 0 FR940511-0-00014 0
412 0 FR940511-1-00035 0
412 0 FR940511-2-00086 0
412 0 FR940511-2-00187 0
412 0 FR940511-2-00215 0
412 0 FR940513-0-00033 0
412 0 FR940513-0-00034 0
412 0 FR940513-0-00035 0
412 0 FR940513-0-00037 0
412 0 FR940513-0-00038 0
412 0 FR940513-0-00039 0
412 0 FR940513-0-00041 0
412 0 FR940513-0-00043 0
412 0 FR940513-0-00046 0
412 0 FR940513-0-00047 0
412 0 FR940513-2-00160 0
412 0 FR940513-2-00198 0
412 0 FR940516-0-00065 0
412 0 FR940516-1-00021 0
412 0 FR940516-2-00051 0
412 0 FR940516-2-00122 0
412 0 FR940516-2-00124 0
412 0 FR940516-2-00158 0
412 0 FR940523-0-00021 0
412 0 FR940523-0-00022 0
412 0 FR940523-0-00024 0
412 0 FR940523-0-00025 0
412 0 FR940523-2-00128 0
412 0 FR940524-0-00040 0
412 0 FR940524-2-00042 0
412 0 FR940524-2-00043 0
412 0 FR940525-2-00100 0
412 0 FR940525-2-00175 0
412 0 FR940525-2-00176 0
412 0 FR940526-2-00080 0
412 0 FR940526-2-00101 0
412 0 FR940527-0-00022 0
412 0 FR940527-0-00030 0
412 0 FR940527-0-00031 0
412 0 FR940527-1-00007 0
412 0 FR940527-2-00094 0
412 0 FR940602-1-00009 0
412 0 FR940603-0-00074 0
412 0 FR940603-1-00019 0
412 0 FR940606-0-00009 0
412 0 FR940606-1-00007 0
412 0 FR940606-2-00011 0
412 0 FR940610-0-00002 0
412 0 FR940610-0-00007 0
412 0 FR940610-0-00009 0
412 0 FR940610-0-00010 0
412 0 FR940610-0-00015 0
412 0 FR940610-2-00172 0
412 0 FR940610-2-00174 0
412 0 FR940610-2-00181 0
412 0 FR940613-1-00057 0
412 0 FR940613-2-00096 0
412 0 FR940617-0-00031 0
412 0 FR940617-2-00077 0
412 0 FR940617-2-00161 0
412 0 FR940617-2-00162 0
412 0 FR940617-2-00163 0
412 0 FR940617-2-00164 0
412 0 FR940617-2-00165 0
412 0 FR940617-2-00225 0
412 0 FR940617-2-00232 0
412 0 FR940620-0-00085 0
412 0 FR940620-0-00099 0
412 0 FR940620-2-00063 0
412 0 FR940622-0-00005 0
412 0 FR940622-0-00006 0
412 0 FR940622-2-00075 0
412 0 FR940627-0-00171 0
412 0 FR940627-2-00035 0
412 0 FR940627-2-00046 0
412 0 FR940627-2-00134 0
412 0 FR940627-2-00135 0
412 0 FR940627-2-00137 0
412 0 FR940628-0-00016 0
412 0 FR940628-2-00078 0
412 0 FR940630-0-00019 0
412 0 FR940630-2-00152 0
412 0 FR940705-2-00115 0
412 0 FR940705-2-00221 0
412 0 FR940706-1-00005 0
412 0 FR940706-1-00006 0
412 0 FR940706-2-00126 0
412 0 FR940707-0-00009 0
412 0 FR940707-2-00077 0
412 0 FR940707-2-00078 0
412 0 FR940707-2-00085 0
412 0 FR940707-2-00202 0
412 0 FR940711-2-00097 0
412 0 FR940711-2-00149 0
412 0 FR940712-2-00108 0
412 0 FR940719-1-00069 0
412 0 FR940719-2-00142 0
412 0 FR940721-0-00004 0
412 0 FR940721-2-00031 0
412 0 FR940721-2-00033 0
412 0 FR940721-2-00130 0
412 0 FR940721-2-00133 0
412 0 FR940721-2-00136 0
412 0 FR940721-2-00167 0
412 0 FR940722-0-00004 0
412 0 FR940722-2-00115 0
412 0 FR940725-0-00019 0
412 0 FR940725-0-00020 0
412 0 FR940725-2-00128 0
412 0 FR940725-2-00141 0
412 0 FR940727-0-00051 0
412 0 FR940727-0-00086 0
412 0 FR940728-0-00021 0
412 0 FR940728-0-00022 0
412 0 FR940728-1-00027 0
412 0 FR940728-2-00136 0
412 0 FR940802-2-00101 0
412 0 FR940803-0-00038 0
412 0 FR940803-2-00061 0
412 0 FR940804-0-00046 0
412 0 FR940804-0-00066 0
412 0 FR940805-2-00139 0
412 0 FR940805-2-00144 0
412 0 FR940810-0-00015 0
412 0 FR940810-0-00089 0
412 0 FR940810-0-00156 0
412 0 FR940811-2-00042 0
412 0 FR940811-2-00048 0
412 0 FR940811-2-00049 0
412 0 FR940811-2-00051 0
412 0 FR940811-2-00052 0
412 0 FR940811-2-00058 0
412 0 FR940812-0-00073 0
412 0 FR940812-2-00031 0
412 0 FR940812-2-00108 0
412 0 FR940812-2-00114 0
412 0 FR940812-2-00118 0
412 0 FR940812-2-00119 0
412 0 FR940812-2-00125 0
412 0 FR940812-2-00128 0
412 0 FR940812-2-00130 0
412 0 FR940812-2-00135 0
412 0 FR940812-2-00138 0
412 0 FR940812-2-00139 0
412 0 FR940812-2-00147 0
412 0 FR940812-2-00263 0
412 0 FR940816-1-00011 0
412 0 FR940816-1-00101 0
412 0 FR940817-2-00063 0
412 0 FR940817-2-00213 0
412 0 FR940819-0-00033 0
412 0 FR940819-0-00069 0
412 0 FR940819-0-00070 0
412 0 FR940822-0-00067 0
412 0 FR940825-1-00143 0
412 0 FR940825-1-00145 0
412 0 FR940825-1-00146 0
412 0 FR940825-2-00165 0
412 0 FR940826-0-00115 0
412 0 FR940826-0-00118 0
412 0 FR940826-2-00168 0
412 0 FR940826-2-00169 0
412 0 FR940830-0-00061 0
412 0 FR940830-0-00074 0
412 0 FR940830-2-00083 0
412 0 FR940830-2-00165 0
412 0 FR940831-1-00024 0
412 0 FR940831-2-00131 0
412 0 FR940831-2-00132 0
412 0 FR940831-2-00137 0
412 0 FR940831-2-00138 0
412 0 FR940831-2-00150 0
412 0 FR940831-2-00158 0
412 0 FR940902-0-00045 0
412 0 FR940902-2-00157 0
412 0 FR940907-0-00015 0
412 0 FR940907-1-00009 0
412 0 FR940907-1-00010 0
412 0 FR940907-1-00011 0
412 0 FR940907-2-00115 0
412 0 FR940907-2-00116 0
412 0 FR940907-2-00117 0
412 0 FR940912-0-00043 0
412 0 FR940912-0-00049 0
412 0 FR940913-0-00035 0
412 0 FR940916-1-00076 0
412 0 FR940916-2-00117 0
412 0 FR940916-2-00121 0
412 0 FR940919-0-00026 0
412 0 FR940920-2-00128 0
412 0 FR940927-0-00113 0
412 0 FR940928-2-00148 0
412 0 FR940930-0-00026 0
412 0 FR940930-0-00129 0
412 0 FR940930-2-00130 0
412 0 FR940930-2-00138 0
412 0 FR941003-0-00034 0
412 0 FR941003-0-00035 0
412 0 FR941003-1-00012 0
412 0 FR941003-1-00090 0
412 0 FR941004-2-00113 0
412 0 FR941005-0-00024 0
412 0 FR941005-1-00025 0
412 0 FR941005-1-00026 0
412 0 FR941006-2-00142 0
412 0 FR941006-2-00162 0
412 0 FR941007-0-00053 0
412 0 FR941007-0-00075 0
412 0 FR941007-2-00032 0
412 0 FR941011-1-00013 0
412 0 FR941011-1-00015 0
412 0 FR941011-2-00146 0
412 0 FR941011-2-00148 0
412 0 FR941011-2-00151 0
412 0 FR941012-2-00106 0
412 0 FR941012-2-00199 0
412 0 FR941012-2-00200 0
412 0 FR941012-2-00202 0
412 0 FR941013-0-00014 0
412 0 FR941013-0-00021 0
412 0 FR941013-2-00125 0
412 0 FR941013-2-00126 0
412 0 FR941017-2-00067 0
412 0 FR941017-2-00120 0
412 0 FR941017-2-00121 0
412 0 FR941017-2-00122 0
412 0 FR941017-2-00123 0
412 0 FR941017-2-00125 0
412 0 FR941019-0-00060 0
412 0 FR941020-2-00156 0
412 0 FR941021-1-00056 0
412 0 FR941021-1-00057 0
412 0 FR941025-0-00007 0
412 0 FR941025-0-00076 0
412 0 FR941026-2-00061 0
412 0 FR941026-2-00082 0
412 0 FR941028-2-00146 0
412 0 FR941031-2-00114 0
412 0 FR941031-2-00116 0
412 0 FR941031-2-00118 0
412 0 FR941031-2-00119 0
412 0 FR941102-1-00004 0
412 0 FR941102-1-00119 0
412 0 FR941103-0-00094 0
412 0 FR941103-2-00120 0
412 0 FR941103-2-00121 0
412 0 FR941103-2-00140 0
412 0 FR941103-2-00141 0
412 0 FR941107-0-00034 0
412 0 FR941107-1-00028 0
412 0 FR941110-0-00097 0
412 0 FR941110-2-00003 0
412 0 FR941117-2-00158 0
412 0 FR941122-2-00117 0
412 0 FR941125-2-00113 0
412 0 FR941128-2-00018 0
412 0 FR941128-2-00131 0
412 0 FR941128-2-00132 0
412 0 FR941130-1-00026 0
412 0 FR941130-1-00027 0
412 0 FR941202-2-00015 0
412 0 FR941205-0-00050 0
412 0 FR941205-2-00101 0
412 0 FR941205-2-00104 0
412 0 FR941205-2-00106 0
412 0 FR941205-2-00108 0
412 0 FR941205-2-00138 0
412 0 FR941206-1-00135 0
412 0 FR941206-1-00139 0
412 0 FR941206-1-00141 0
412 0 FR941206-1-00143 0
412 0 FR941206-2-00129 0
412 0 FR941207-1-00011 0
412 0 FR941207-2-00068 0
412 0 FR941212-1-00008 0
412 0 FR941212-2-00042 0
412 0 FR941212-2-00044 0
412 0 FR941216-2-00155 0
412 0 FR941216-2-00175 0
412 0 FR941216-2-00178 0
412 0 FR941219-2-00180 0
412 0 FR941221-2-00104 0
412 0 FR941222-0-00115 0
412 0 FR941222-1-00012 0
412 0 FR941222-1-00015 0
412 0 FR941222-1-00017 0
412 0 FR941222-1-00019 0
412 0 FR941227-2-00085 0
412 0 FR941230-0-00033 0
412 0 FR941230-0-00035 0
412 0 FR941230-0-00119 0
412 0 FT911-1042 0
412 0 FT911-1306 0
412 0 FT911-1360 0
412 0 FT911-1370 0
412 0 FT911-1651 0
412 0 FT911-1917 0
412 0 FT911-2302 0
412 0 FT911-2448 0
412 0 FT911-2458 0
412 0 FT911-2915 0
412 0 FT911-3387 0
412 0 FT911-3396 1
412 0 FT911-3432 0
412 0 FT911-3443 0
412 0 FT911-3446 0
412 0 FT911-3494 0
412 0 FT911-3797 0
412 0 FT911-3895 0
412 0 FT911-401 0
412 0 FT911-4010 0
412 0 FT911-438 0
412 0 FT911-4574 0
412 0 FT911-4638 0
412 0 FT911-4648 0
412 0 FT911-4753 0
412 0 FT911-504 0
412 0 FT911-5115 0
412 0 FT911-5325 0
412 0 FT911-660 0
412 0 FT911-760 0
412 0 FT911-800 0
412 0 FT921-10351 0
412 0 FT921-10354 0
412 0 FT921-11 0
412 0 FT921-11003 0
412 0 FT921-11165 0
412 0 FT921-11658 0
412 0 FT921-11940 0
412 0 FT921-12330 0
412 0 FT921-13280 0
412 0 FT921-1391 0
412 0 FT921-14538 0
412 0 FT921-14576 0
412 0 FT921-14771 0
412 0 FT921-15154 0
412 0 FT921-15336 0
412 0 FT921-2875 0
412 0 FT921-310 0
412 0 FT921-3342 0
412 0 FT921-3385 0
412 0 FT921-3462 0
412 0 FT921-3684 0
412 0 FT921-3964 0
412 0 FT921-4004 0
412 0 FT921-4016 0
412 0 FT921-4018 0
412 0 FT921-4034 0
412 0 FT921-4300 0
412 0 FT921-4535 0
412 0 FT921-5165 0
412 0 FT921-5289 0
412 0 FT921-8080 0
412 0 FT921-8917 0
412 0 FT921-9765 0
412 0 FT922-10112 1
412 0 FT922-10458 0
412 0 FT922-11329 0
412 0 FT922-13055 0
412 0 FT922-13166 0
412 0 FT922-14215 0
412 0 FT922-15372 0
412 0 FT922-1872 0
412 0 FT922-2615 0
412 0 FT922-2818 0
412 0 FT922-3155 0
412 0 FT922-3796 0
412 0 FT922-3902 0
412 0 FT922-3919 0
412 0 FT922-3965 0
412 0 FT922-420 0
412 0 FT922-535 0
412 0 FT922-5408 0
412 0 FT922-640 0
412 0 FT922-6449 0
412 0 FT922-8316 0
412 0 FT922-8404 0
412 0 FT922-8512 0
412 0 FT922-8516 0
412 0 FT922-8887 0
412 0 FT923-10643 0
412 0 FT923-10682 0
412 0 FT923-10902 0
412 0 FT923-11549 1
412 0 FT923-11751 0
412 0 FT923-13088 0
412 0 FT923-13263 0
412 0 FT923-13355 0
412 0 FT923-1359 0
412 0 FT923-13692 1
412 0 FT923-13817 0
412 0 FT923-13891 0
412 0 FT923-14235 0
412 0 FT923-14282 0
412 0 FT923-15413 0
412 0 FT923-1865 0
412 0 FT923-3021 0
412 0 FT923-3061 0
412 0 FT923-4081 0
412 0 FT923-4361 0
412 0 FT923-5248 0
412 0 FT923-5259 0
412 0 FT923-7061 0
412 0 FT923-7257 0
412 0 FT923-8069 0
412 0 FT923-8526 0
412 0 FT923-861 0
412 0 FT923-9204 0
412 0 FT924-12212 0
412 0 FT924-13335 0
412 0 FT924-13920 0
412 0 FT924-14106 0
412 0 FT924-14114 0
412 0 FT924-1482 0
412 0 FT924-15714 0
412 0 FT924-16124 0
412 0 FT924-1878 0
412 0 FT924-2093 0
412 0 FT924-2135 0
412 0 FT924-2482 0
412 0 FT924-2713 0
412 0 FT924-2904 0
412 0 FT924-3310 0
412 0 FT924-3622 0
412 0 FT924-3636 0
412 0 FT924-4370 0
412 0 FT924-464 0
412 0 FT924-6422 0
412 0 FT924-6631 0
412 0 FT924-7621 0
412 0 FT924-7948 0
412 0 FT924-8657 0
412 0 FT924-8806 0
412 0 FT924-8852 0
412 0 FT924-94 0
412 0 FT931-10955 0
412 0 FT931-1146 0
412 0 FT931-12542 0
412 0 FT931-1340 0
412 0 FT931-16545 0
412 0 FT931-2115 0
412 0 FT931-2672 0
412 0 FT931-3052 0
412 0 FT931-4084 0
412 0 FT931-537 0
412 0 FT931-5405 0
412 0 FT931-5406 0
412 0 FT931-5407 0
412 0 FT931-5408 0
412 0 FT931-5411 0
412 0 FT931-5412 0
412 0 FT931-5414 0
412 0 FT931-5424 0
412 0 FT931-583 0
412 0 FT931-7870 0
412 0 FT931-8933 0
412 0 FT931-9454 0
412 0 FT931-9799 0
412 0 FT931-9909 0
412 0 FT932-11403 0
412 0 FT932-11409 0
412 0 FT932-11510 0
412 0 FT932-11521 0
412 0 FT932-12273 0
412 0 FT932-12942 0
412 0 FT932-13452 0
412 0 FT932-13970 0
412 0 FT932-14271 0
412 0 FT932-14357 0
412 0 FT932-14358 0
412 0 FT932-14371 0
412 0 FT932-1441 0
412 0 FT932-14728 0
412 0 FT932-15154 0
412 0 FT932-2229 0
412 0 FT932-3392 0
412 0 FT932-4464 0
412 0 FT932-4602 0
412 0 FT932-4699 0
412 0 FT932-4766 0
412 0 FT932-4780 0
412 0 FT932-5082 0
412 0 FT932-5085 0
412 0 FT932-6142 0
412 0 FT932-7327 0
412 0 FT932-74 0
412 0 FT932-8870 0
412 0 FT933-10438 0
412 0 FT933-10848 0
412 0 FT933-10911 0
412 0 FT933-11065 0
412 0 FT933-11724 0
412 0 FT933-12954 0
412 0 FT933-13359 0
412 0 FT933-14664 0
412 0 FT933-14918 0
412 0 FT933-15841 0
412 0 FT933-15866 0
412 0 FT933-16 0
412 0 FT933-16638 0
412 0 FT933-16718 0
412 0 FT933-16725 0
412 0 FT933-17043 0
412 0 FT933-2050 0
412 0 FT933-216 0
412 0 FT933-2327 0
412 0 FT933-278 0
412 0 FT933-289 0
412 0 FT933-3476 0
412 0 FT933-3852 0
412 0 FT933-4147 0
412 0 FT933-6042 0
412 0 FT933-6088 0
412 0 FT933-6279 0
412 0 FT933-6334 0
412 0 FT933-8280 0
412 0 FT933-8887 0
412 0 FT933-8892 1
412 0 FT933-9052 0
412 0 FT933-9191 0
412 0 FT933-9617 0
412 0 FT933-9816 0
412 0 FT933-9835 0
412 0 FT934-10233 0
412 0 FT934-12046 0
412 0 FT934-12180 0
412 0 FT934-13890 0
412 0 FT934-14727 0
412 0 FT934-1522 0
412 0 FT934-1526 0
412 0 FT934-1536 0
412 0 FT934-17242 0
412 0 FT934-17448 0
412 0 FT934-2525 0
412 0 FT934-3489 0
412 0 FT934-4088 0
412 0 FT934-4106 0
412 0 FT934-4924 0
412 0 FT934-5048 0
412 0 FT934-5058 0
412 0 FT934-5358 0
412 0 FT934-5695 0
412 0 FT934-649 0
412 0 FT934-8087 0
412 0 FT934-8349 0
412 0 FT934-9189 0
412 0 FT934-9682 0
412 0 FT934-9688 0
412 0 FT934-9689 0
412 0 FT934-9691 0
412 0 FT941-10009 0
412 0 FT941-11233 0
412 0 FT941-11519 0
412 0 FT941-13468 0
412 0 FT941-14275 0
412 0 FT941-14977 0
412 0 FT941-15176 0
412 0 FT941-16508 0
412 0 FT941-16512 0
412 0 FT941-17256 0
412 0 FT941-17545 0
412 0 FT941-2428 0
412 0 FT941-3776 0
412 0 FT941-4158 1
412 0 FT941-4379 0
412 0 FT941-4429 0
412 0 FT941-4697 0
412 0 FT941-4773 1
412 0 FT941-4815 0
412 0 FT941-7162 0
412 0 FT941-7333 0
412 0 FT941-8566 0
412 0 FT941-8572 0
412 0 FT941-8724 0
412 0 FT941-9472 0
412 0 FT941-9478 0
412 0 FT942-10336 0
412 0 FT942-10892 0
412 0 FT942-14044 0
412 0 FT942-14352 0
412 0 FT942-14364 0
412 0 FT942-14373 0
412 0 FT942-15105 0
412 0 FT942-15711 0
412 0 FT942-15717 0
412 0 FT942-16387 1
412 0 FT942-3406 0
412 0 FT942-3864 0
412 0 FT942-3866 0
412 0 FT942-4981 0
412 0 FT942-4986 0
412 0 FT942-4995 0
412 0 FT942-5082 0
412 0 FT942-5190 0
412 0 FT942-5230 0
412 0 FT942-6193 1
412 0 FT942-6535 0
412 0 FT942-7007 0
412 0 FT942-7573 0
412 0 FT942-8012 0
412 0 FT942-8837 0
412 0 FT942-9452 0
412 0 FT942-9598 0
412 0 FT942-9613 0
412 0 FT943-10060 0
412 0 FT943-10995 0
412 0 FT943-1106 0
412 0 FT943-11275 0
412 0 FT943-11435 0
412 0 FT943-12078 0
412 0 FT943-14552 0
412 0 FT943-15743 0
412 0 FT943-15881 0
412 0 FT943-15963 0
412 0 FT943-1942 0
412 0 FT943-1969 0
412 0 FT943-3708 0
412 0 FT943-5579 0
412 0 FT943-5590 1
412 0 FT943-5597 0
412 0 FT943-5862 0
412 0 FT943-6431 0
412 0 FT943-6538 0
412 0 FT943-761 0
412 0 FT943-7705 0
412 0 FT943-8383 0
412 0 FT943-9250 0
412 0 FT944-10657 0
412 0 FT944-11045 0
412 0 FT944-11052 0
412 0 FT944-11373 0
412 0 FT944-12465 0
412 0 FT944-12638 0
412 0 FT944-12685 0
412 0 FT944-12817 0
412 0 FT944-12869 0
412 0 FT944-13048 0
412 0 FT944-13106 0
412 0 FT944-13856 0
412 0 FT944-14298 0
412 0 FT944-14547 0
412 0 FT944-1506 0
412 0 FT944-16018 0
412 0 FT944-16304 0
412 0 FT944-16505 0
412 0 FT944-17076 0
412 0 FT944-17083 0
412 0 FT944-17088 0
412 0 FT944-17438 0
412 0 FT944-1956 0
412 0 FT944-1998 0
412 0 FT944-2166 0
412 0 FT944-2211 0
412 0 FT944-2254 0
412 0 FT944-2261 0
412 0 FT944-2695 0
412 0 FT944-2702 0
412 0 FT944-3271 0
412 0 FT944-3371 0
412 0 FT944-3700 0
412 0 FT944-3732 0
412 0 FT944-4083 0
412 0 FT944-4221 0
412 0 FT944-4303 0
412 0 FT944-568 0
412 0 FT944-5694 0
412 0 FT944-6212 0
412 0 FT944-6228 0
412 0 FT944-6977 0
412 0 FT944-7681 0
412 0 FT944-8306 0
412 0 FT944-9360 0
412 0 FT944-9425 0
412 0 FT944-9467 0
412 0 FT944-9474 0
412 0 FT944-9478 0
412 0 FT944-981 0
412 0 FT944-9993 0
412 0 LA010190-0019 0
412 0 LA010190-0023 0
412 0 LA010190-0030 0
412 0 LA010190-0081 0
412 0 LA010289-0027 0
412 0 LA010290-0029 0
412 0 LA010389-0032 1
412 0 LA010390-0026 0
412 0 LA010589-0025 0
412 0 LA010589-0087 0
412 0 LA010589-0206 0
412 0 LA010689-0055 0
412 0 LA010689-0162 0
412 0 LA010789-0069 0
412 0 LA010889-0150 0
412 0 LA010890-0014 0
412 0 LA010989-0067 0
412 0 LA010990-0001 0
412 0 LA010990-0052 0
412 0 LA011090-0093 0
412 0 LA011189-0035 0
412 0 LA011190-0209 0
412 0 LA011289-0102 0
412 0 LA011290-0011 0
412 0 LA011489-0078 0
412 0 LA011489-0111 0
412 0 LA011490-0163 0
412 0 LA011490-0168 0
412 0 LA011589-0005 1
412 0 LA011589-0131 0
412 0 LA011589-0149 0
412 0 LA011590-0001 0
412 0 LA011689-0071 0
412 0 LA011690-0011 0
412 0 LA011789-0008 0
412 0 LA011890-0076 0
412 0 LA011890-0125 0
412 0 LA011890-0218 0
412 0 LA011990-0180 1
412 0 LA012090-0004 0
412 0 LA012190-0086 0
412 0 LA012289-0096 1
412 0 LA012389-0086 0
412 0 LA012489-0076 0
412 0 LA012490-0088 0
412 0 LA012689-0114 0
412 0 LA012690-0159 0
412 0 LA012690-0174 0
412 0 LA012790-0053 0
412 0 LA012790-0056 0
412 0 LA012890-0059 0
412 0 LA012890-0139 0
412 0 LA012890-0149 0
412 0 LA012989-0071 0
412 0 LA013190-0032 0
412 0 LA020489-0043 0
412 0 LA020589-0196 0
412 0 LA020589-0201 0
412 0 LA020590-0102 0
412 0 LA020689-0025 0
412 0 LA020789-0124 1
412 0 LA020789-0152 1
412 0 LA020889-0080 0
412 0 LA020989-0133 0
412 0 LA021089-0012 0
412 0 LA021089-0045 0
412 0 LA021089-0071 0
412 0 LA021190-0007 0
412 0 LA021190-0022 0
412 0 LA021190-0034 0
412 0 LA021190-0050 0
412 0 LA021190-0061 0
412 0 LA021190-0086 0
412 0 LA021289-0119 0
412 0 LA021489-0067 0
412 0 LA021489-0124 0
412 0 LA021490-0150 0
412 0 LA021789-0052 1
412 0 LA022589-0087 0
412 0 LA022689-0107 0
412 0 LA030289-0080 0
412 0 LA030489-0017 1
412 0 LA030490-0103 0
412 0 LA030589-0192 0
412 0 LA030789-0074 1
412 0 LA030989-0111 0
412 0 LA031089-0088 0
412 0 LA031189-0123 0
412 0 LA031190-0197 0
412 0 LA031390-0005 0
412 0 LA032089-0047 0
412 0 LA032090-0041 0
412 0 LA032289-0028 0
412 0 LA032290-0237 0
412 0 LA032389-0197 0
412 0 LA032489-0188 0
412 0 LA032490-0002 0
412 0 LA032490-0156 0
412 0 LA032790-0045 0
412 0 LA033089-0130 0
412 0 LA033089-0212 1
412 0 LA033090-0090 0
412 0 LA033189-0104 1
412 0 LA040289-0086 0
412 0 LA040389-0094 1
412 0 LA040389-0097 0
412 0 LA040589-0125 0
412 0 LA040690-0098 0
412 0 LA040890-0046 0
412 0 LA041190-0002 0
412 0 LA041190-0040 0
412 0 LA041689-0120 0
412 0 LA041990-0177 0
412 0 LA042089-0111 0
412 0 LA042389-0122 0
412 0 LA042389-0139 0
412 0 LA042389-0176 0
412 0 LA042389-0212 0
412 0 LA042390-0012 0
412 0 LA042390-0083 0
412 0 LA042489-0008 0
412 0 LA042489-0048 0
412 0 LA042489-0053 0
412 0 LA042489-0082 0
412 0 LA042490-0070 0
412 0 LA042490-0128 0
412 0 LA042689-0044 0
412 0 LA042689-0121 0
412 0 LA042790-0202 0
412 0 LA042889-0096 0
412 0 LA042990-0064 0
412 0 LA042990-0184 0
412 0 LA042990-0193 0
412 0 LA042990-0245 0
412 0 LA043089-0195 0
412 0 LA043090-0046 0
412 0 LA051090-0057 0
412 0 LA051189-0059 0
412 0 LA051190-0113 0
412 0 LA051390-0090 1
412 0 LA051690-0111 1
412 0 LA051789-0058 1
412 0 LA051889-0142 0
412 0 LA051989-0080 0
412 0 LA051990-0107 0
412 0 LA052390-0128 0
412 0 LA052490-0184 0
412 0 LA052690-0118 0
412 0 LA052889-0123 0
412 0 LA052889-0182 0
412 0 LA060390-0080 0
412 0 LA060589-0053 0
412 0 LA060789-0098 0
412 0 LA060790-0057 0
412 0 LA060989-0095 1
412 0 LA060990-0012 0
412 0 LA061090-0219 0
412 0 LA061289-0042 0
412 0 LA061289-0071 0
412 0 LA061290-0169 0
412 0 LA061389-0024 0
412 0 LA061390-0042 0
412 0 LA061390-0044 0
412 0 LA061390-0132 0
412 0 LA061689-0036 0
412 0 LA061990-0092 0
412 0 LA062089-0038 0
412 0 LA062389-0071 0
412 0 LA062490-0138 0
412 0 LA062490-0175 0
412 0 LA062690-0025 0
412 0 LA062889-0109 0
412 0 LA062989-0135 0
412 0 LA063090-0141 0
412 0 LA070189-0119 0
412 0 LA070390-0131 0
412 0 LA070889-0071 0
412 0 LA070889-0077 0
412 0 LA071089-0012 0
412 0 LA071089-0046 0
412 0 LA071090-0122 0
412 0 LA071290-0032 0
412 0 LA071290-0087 0
412 0 LA071389-0128 0
412 0 LA071490-0114 1
412 0 LA071590-0077 0
412 0 LA071690-0134 0
412 0 LA071890-0074 0
412 0 LA072089-0001 0
412 0 LA072089-0140 0
412 0 LA072089-0174 0
412 0 LA072189-0106 1
412 0 LA072489-0033 0
412 0 LA072489-0095 0
412 0 LA072690-0083 0
412 0 LA073190-0007 0
412 0 LA080289-0020 0
412 0 LA080590-0062 0
412 0 LA080689-0057 0
412 0 LA081389-0102 0
412 0 LA081590-0142 0
412 0 LA082090-0089 0
412 0 LA082490-0036 0
412 0 LA082690-0035 0
412 0 LA082989-0051 0
412 0 LA083089-0069 0
412 0 LA090189-0058 0
412 0 LA090189-0134 0
412 0 LA090190-0143 0
412 0 LA090490-0149 0
412 0 LA090490-0150 0
412 0 LA090490-0154 0
412 0 LA090689-0056 0
412 0 LA090690-0054 0
412 0 LA091389-0063 0
412 0 LA091589-0133 0
412 0 LA091589-0134 0
412 0 LA091590-0122 0
412 0 LA091690-0195 0
412 0 LA091690-0196 0
412 0 LA091690-0198 0
412 0 LA091789-0215 0
412 0 LA091790-0044 0
412 0 LA091890-0076 0
412 0 LA091990-0054 0
412 0 LA092189-0123 0
412 0 LA092189-0137 1
412 0 LA092290-0175 0
412 0 LA092390-0212 0
412 0 LA092390-0243 0
412 0 LA092489-0109 0
412 0 LA092489-0190 0
412 0 LA092590-0016 0
412 0 LA092590-0119 0
412 0 LA092689-0003 1
412 0 LA092689-0053 0
412 0 LA092689-0077 0
412 0 LA092689-0082 0
412 0 LA092690-0090 0
412 0 LA092690-0091 0
412 0 LA092790-0191 0
412 0 LA092889-0020 0
412 0 LA092890-0160 0
412 0 LA092989-0132 0
412 0 LA092990-0082 0
412 0 LA093090-0215 0
412 0 LA100189-0083 0
412 0 LA100189-0090 1
412 0 LA100489-0023 0
412 0 LA100589-0098 1
412 0 LA100789-0115 0
412 0 LA100790-0132 0
412 0 LA100989-0067 0
412 0 LA101089-0104 0
412 0 LA101190-0239 0
412 0 LA101389-0076 0
412 0 LA101389-0077 0
412 0 LA101589-0066 0
412 0 LA101889-0138 0
412 0 LA101889-0157 0
412 0 LA102090-0048 0
412 0 LA102190-0087 0
412 0 LA102190-0229 0
412 0 LA102490-0094 0
412 0 LA102689-0034 0
412 0 LA102889-0064 0
412 0 LA103190-0165 1
412 0 LA110189-0130 0
412 0 LA110490-0095 0
412 0 LA110889-0124 0
412 0 LA110989-0002 0
412 0 LA111089-0044 0
412 0 LA111089-0163 0
412 0 LA111190-0174 0
412 0 LA111289-0187 0
412 0 LA111490-0070 0
412 0 LA111589-0112 0
412 0 LA111590-0030 0
412 0 LA111790-0019 0
412 0 LA112089-0085 0
412 0 LA112289-0029 0
412 0 LA112289-0071 0
412 0 LA112289-0118 0
412 0 LA112389-0118 0
412 0 LA112589-0085 1
412 0 LA112590-0166 0
412 0 LA112590-0223 0
412 0 LA112989-0065 0
412 0 LA112990-0096 0
412 0 LA113089-0063 0
412 0 LA120189-0051 0
412 0 LA120189-0126 0
412 0 LA120189-0127 0
412 0 LA120189-0208 0
412 0 LA120190-0001 0
412 0 LA120289-0139 0
412 0 LA120590-0023 0
412 0 LA120590-0057 0
412 0 LA120789-0002 0
412 0 LA120789-0026 0
412 0 LA120889-0161 0
412 0 LA121089-0056 0
412 0 LA121189-0037 0
412 0 LA121389-0137 0
412 0 LA121390-0226 0
412 0 LA121590-0049 0
412 0 LA121590-0051 0
412 0 LA121590-0059 0
412 0 LA121590-0085 0
412 0 LA121590-0145 0
412 0 LA121689-0082 0
412 0 LA121689-0092 0
412 0 LA121789-0180 0
412 0 LA122189-0212 0
412 0 LA122289-0070 0
412 0 LA122289-0117 1
412 0 LA122290-0050 0
412 0 LA122590-0069 0
412 0 LA122689-0087 0
412 0 LA122889-0007 0
412 0 LA122989-0037 0
412 0 LA123089-0085 0
412 0 LA123189-0188 0
